email,major,sections/0/students,sections/0/capacity,sections/0/credits,sections/0/_id,sections/0/name,sections/0/time,sections/0/day,sections/0/building,sections/0/room,sections/0/teacher,sections/0/crn,sections/1/students,sections/1/capacity,sections/1/credits,sections/1/_id,sections/1/name,sections/1/time,sections/1/day,sections/1/building,sections/1/room,sections/1/teacher,sections/1/crn,sections/2/students,sections/2/capacity,sections/2/credits,sections/2/_id,sections/2/name,sections/2/time,sections/2/day,sections/2/building,sections/2/room,sections/2/teacher,sections/2/crn,sections/3/students,sections/3/capacity,sections/3/credits,sections/3/_id,sections/3/name,sections/3/time,sections/3/day,sections/3/building,sections/3/room,sections/3/teacher,sections/3/crn,year,transcript/0/year,transcript/0/class_one,transcript/0/class_two,transcript/0/class_three,transcript/0/class_four,transcript/1/year,transcript/1/class_one,transcript/1/class_two,transcript/1/class_three,transcript/1/class_four,transcript/2/year,transcript/2/class_one,transcript/2/class_two,transcript/2/class_three,transcript/2/class_four,transcript/3/year,transcript/3/class_one,transcript/3/class_two,transcript/3/class_three,transcript/3/class_four,transcript/4/year,transcript/4/class_one,transcript/4/class_two,transcript/4/class_three,transcript/4/class_four,transcript/5/year,transcript/5/class_one,transcript/5/class_two,transcript/5/class_three,transcript/5/class_four,transcript/6/year,transcript/6/class_one,transcript/6/class_two,transcript/6/class_three,transcript/6/class_four,_id,status,id,name,password,birthday,address,transcript/7/year,transcript/7/class_one,transcript/7/class_two,transcript/7/class_three,transcript/7/class_four,sections_next_semester
labouelr@oldwestbury.edu,Management Information Systems,1,19,4,605ace98e864342e79d3b11e,CS 5910 Systems Design & Implement,2:40PM - 4:10PM,TR,Theta,117,Clemence Buckland,60799,1,19,4,605ace98e864342e79d3b123,CS 5610  Operating Systems,4:20PM - 5:50PM,TR,Theta,198,Arty Gierek,61291,1,19,4,605ace98e864342e79d3b2fa,CS 5730  Computer Network Security,11:20AM - 12:50PM,MW,Epsilon,226,Carolyne Bezemer,119470,1,19,4,605ace98e864342e79d3b2fc,CS 5810  Data Mining,8:00AM - 9:30AM,TR,Iota,143,Karmen Astlatt,119593,Undergraduate - Senior,fall 2017,CS 2510 Computer Programming I : Midterm: A | Final: A,EL 1000 English Comp I: Exposition: Midterm: B | Final: B+, MA2000 Applied Statistics : Midterm: C+ | Final: C+, VA2010 Intro. to Creative Thinking : Midterm: A | Final: A,spring 2018,CS 2511 Computer Programming II: Midterm: B | Final: B-,EL 2239 Horror Literature: Midterm: A | Final: A-, HI 2681 Intro to Europe Hist:1350-Present: Midterm: A | Final: A, CS 3611 Advanced C# Midterm: A | Final: A,fall 2018, BU 3800 Marketing: Principles&Concepts: Midterm: A | Final: A, CS 3620 Computer Architecture I: Midterm: B | Final: B-, CS 3810  Data Structures & Algorithms: Midterm: C+ | Final: B+, VA2030 Drawing: Midterm: A | Final: A,spring 2019, EL 3010  Structure & Grammar of English : Midterm: A | Final: A,   VA2500 Art History I: 19th Century Art  : Midterm: B | Final: C+,    CS 3911 C++in Object Oriented Design  : Midterm: C+ | Final: C+,  CS 4100 Technical Communications   : Midterm: A | Final: A,fall  2019,   VA3100 Visual Culture : Midterm: A | Final: A,AS 2112 American People I  : Midterm: B | Final: B+,CS 4501 Software Engineering   : Midterm: A+ | Final: C+,   CS 4550 Database Management Systems  : Midterm: A | Final: A,spring 2020,   AS 2122 American People II : Midterm: A | Final: A, CS 4705 Intro to Computer Security  : Midterm: B | Final: B+,CS 4720 Internet & Web Tech  : Midterm: B+ | Final: B+,VA2045 Introduction to Color    : Midterm: A | Final: A,fall 2020,BU3010 Information Systems for Managers  : Midterm: A | Final: A,CS 4400 Artificial Intelligence   : Midterm: B | Final: B+,     CS 5710 Computer Networks : Midterm: A | Final: A,  BU4110 Organizational Behavior & Management   : Midterm: A | Final: A,606b5915962b7170e065a14b,Full Time,700988758,Lila Abouelrigal,OmbyZyr,1/18/1997,53 Boxwood Lane,,,,,,,0
cvailes@oldwestbury.edu,Management Information Systems,1,19,4,605ace98e864342e79d3b269,BU 3511Principles of Accounting II,8:00AM - 9:30AM,TR,Gamma,261,Maggie Greatham,101389,1,19,4,605ace98e864342e79d3b2f8,CS 4705 Intro to Computer Security,8:00AM - 9:30AM,MW,Theta,290,Saundra Serman,119224,3,17,4,605ace98e864342e79d3b123,CS 5610  Operating Systems,4:20PM - 5:50PM,TR,Theta,198,Arty Gierek,61291,1,19,4,605ace98e864342e79d3b125,CS 5730  Computer Network Security,6:00PM - 7:30PM,TR,Gamma,116,Carolyne Bezemer,61414,Undergraduate - Senior,fall 2017,CS 2510 Computer Programming I : Midterm: A | Final: A,EL 1000 English Comp I: Exposition: Midterm: B | Final: C+, MA2000 Applied Statistics : Midterm: C+ | Final: B, VA2010 Intro. to Creative Thinking : Midterm: A | Final: B-,spring 2018,CS 2511 Computer Programming II: Midterm: B | Final: B+,EL 2239 Horror Literature: Midterm: A | Final: A-, HI 2681 Intro to Europe Hist:1350-Present: Midterm: A | Final: A-, CS 3611 Advanced C# : Midterm: A | Final: A,fall 2018, BU4110 Organizational Behavior & Management  : Midterm: A | Final: A-, CS 3620 Computer Architecture I: Midterm: B | Final: B, CS 3810  Data Structures & Algorithms: Midterm: C+ | Final: B+, VA2030 Drawing : Midterm: A | Final: C+,spring 2019, EL 3010  Structure & Grammar of English : Midterm: A | Final: A,   VA2500 Art History I: 19th Century Art  : Midterm: B | Final: B+,    CS 3911 C++in Object Oriented Design  : Midterm: C+ | Final: B,  CS 4100 Technical Communications   : Midterm: A | Final: B+,fall  2019,   VA2320 Graphic Design : Midterm: A | Final: B,   AS 2112 American People I  : Midterm: B | Final: B+,   CS 4501 Software Engineering   : Midterm: A+ | Final: B+,   CS 4550 Database Management Systems  : Midterm: A | Final: A,spring 2020,   AS 2122 American People II : Midterm: A | Final: A,   VA3400 Digital Imaging  : Midterm: B | Final: C+,    CS 4720 Internet & Web Tech  : Midterm: B+ | Final: B,  VA3100 Visual Culture   : Midterm: A | Final: A,fall 2020,  I  : Midterm: A | Final: A-,  HI 3091 African Cultures   : Midterm: B | Final: B+,     CS 5710 Computer Networks : Midterm: B+ | Final: B+,  BU 3800 Marketing: Principles&Concepts : Midterm: A | Final: A-,606b5915962b7170e065a14c,Full Time,700778866,Charles Vailes,DOJ5rj,9/14/1995,7938 Waubesa Park,,,,,,,0
oabouelr@oldwestbury.edu,Management Information Systems,2,18,4,605ace98e864342e79d3b11e,CS 5910 Systems Design & Implement,2:40PM - 4:10PM,TR,Theta,117,Clemence Buckland,60799,2,18,4,605ace98e864342e79d3b123,CS 5610  Operating Systems,4:20PM - 5:50PM,TR,Theta,198,Arty Gierek,61291,2,18,4,605ace98e864342e79d3b2fa,CS 5730  Computer Network Security,11:20AM - 12:50PM,MW,Epsilon,226,Carolyne Bezemer,119470,2,18,4,605ace98e864342e79d3b2fc,CS 5810  Data Mining,8:00AM - 9:30AM,TR,Iota,143,Karmen Astlatt,119593,Undergraduate - Senior,fall 2017,CS 2510 Computer Programming I : Midterm: A | Final: A,EL 1000 English Comp I: Exposition: Midterm: B | Final: C+, MA2000 Applied Statistics : Midterm: C+ | Final: B, VA2010 Intro. to Creative Thinking : Midterm: A | Final: B,spring 2018,CS 2511 Computer Programming II: Midterm: B | Final: B-,EL 2239 Horror Literature: Midterm: A | Final: A, HI 2681 Intro to Europe Hist:1350-Present: Midterm: A | Final: A, CS 3611 Advanced C# : Midterm: A | Final: A,fall 2018, BU 3800 Marketing: Principles&Concepts: Midterm: A | Final: A, CS 3620 Computer Architecture I: Midterm: B | Final: B-, CS 3810  Data Structures & Algorithms: Midterm: C+ | Final: B+, VA2030 Drawing : Midterm: A | Final: B,spring 2019, EL 3010  Structure & Grammar of English : Midterm: A | Final: A,   VA2500 Art History I: 19th Century Art  : Midterm: B | Final: B+,    CS 3911 C++in Object Oriented Design  : Midterm: C+ | Final: B,  CS 4100 Technical Communications   : Midterm: A | Final: B+,fall  2019,   VA3100 Visual Culture : Midterm: A | Final: B-,   AS 2112 American People I  : Midterm: B | Final: B+,   CS 4501 Software Engineering   : Midterm: A+ | Final: B+,   CS 4550 Database Management Systems  : Midterm: A | Final: A,spring 2020,CS 4400 Artificial Intelligence : Midterm: A | Final: A,   VA3400 Digital Imaging  : Midterm: B | Final: B+,    CS 4720 Internet & Web Tech  : Midterm: B+ | Final: B+,BU3010 Information Systems for Managers  : Midterm: A | Final: A-,fall 2020,  VA2320 Graphic Design I  : Midterm: A | Final: A,CS 4705 Intro to Computer Security : Midterm: B | Final: B+,     CS 5710 Computer Networks : Midterm: B+ | Final: B,  BU4110 Organizational Behavior & Management   : Midterm: A | Final: A,606b5915962b7170e065a14d,Full Time,700855487,Omar Abouelrigal,nTa8FmxPiJn,10/30/1999,53 Boxwood Lane,,,,,,,0
dbafford5@free.fr,Adolescence Education: Chemistry (7-12),1,19,4,605ace98e864342e79d3b257,VA2020 Basic Design,1:00PM - 2:30PM,TR,Eta,211,Cariotta Gerrels,99175,1,19,4,605ace98e864342e79d3b42e,VA2030 Drawing,2:40PM - 4:10PM,MW,Gamma,288,Ardyth Huyge,157354,1,19,4,605ace98e864342e79d3b434,VA3100 Visual Culture,9:40AM - 11:10AM,TR,Sigma,243,Jerrylee Gamble,157723,2,18,4,605ace98e864342e79d3b2a5,CP 3310 Organic Chemistry II,11:20AM - 12:50PM,TR,Kappa,139,Benedetta Greder,108892,Undergraduate - Sophomore,fall 2019, CP 4510 Biochemistry I : Midterm: A | Final: A,   CP 2120 Principles of Chemistry I  : Midterm: A | Final: A,   CP 2121 Principles of Chemistry Lab I   : Midterm: C+ | Final: C+,  CP 4520 Biochemistry Lab   : Midterm: A | Final: A,spring 2020, EL 3500  Lit Across Cultures I:Analysis   : Midterm: A | Final: A,  VA2500 Art History I: 19th Century Art: Midterm: B | Final: B+,  VA2010 Intro. to Creative Thinking : Midterm: A | Final: A,   EL 1000 English Comp I: Exposition  : Midterm: A | Final: A,fall 2020,  CP 3300 Organic Chemistry I  : Midterm: A | Final: A,   CP 3302 Organic Chemistry Lab I  : Midterm: B | Final: B+,  EL 2239 Horror Literature    : Midterm: C+ | Final: C+,   BS 2400 Basic Bio Sciences I   : Midterm: A | Final: A,,,,,,,,,,,,,,,,,,,,,606b5915962b7170e065a14f,Full Time,700500748,Dew Bafford,hlGUSYG,12/27/1998,9 Cordelia Trail,,,,,,,0
rjagg3@dell.com,Adolescence Education: Chemistry (7-12),2,18,4,605ace98e864342e79d3b091,BU 3511Principles of Accounting II,6:00PM - 7:30PM,MW,Lambda,113,Maggie Greatham,43333,,,,,,,,,,,,,,,,,,,,,,,,,,,,,,,,,,Graduate,fall 2016, CP 4510 Biochemistry I : Midterm: A | Final: A,   CP 2120 Principles of Chemistry I  : Midterm: B | Final: B+,   CP 2121 Principles of Chemistry Lab I   : Midterm: C+ | Final: C+,  CP 4520 Biochemistry Lab   : Midterm: A | Final: A,spring 2017, CP 4515 Biochemistry II : Midterm: A | Final: A,  CP 2130 Principles of Chemistry II   : Midterm: B | Final: B+,  CP 2131 Principles Chemistry Lab II    : Midterm: C+ | Final: C+,   EL 1000 English Comp I: Exposition  : Midterm: A | Final: A,fall 2017,  CP 3300 Organic Chemistry I  : Midterm: A | Final: A,   CP 3302 Organic Chemistry Lab I  : Midterm: B | Final: B+,  EL 2239 Horror Literature    : Midterm: C+ | Final: C+,   VA2010 Intro. to Creative Thinking  : Midterm: A | Final: A,spring 2018,  CP 3310 Organic Chemistry II  : Midterm: A | Final: A,   CP 3312 Organic Chemistry Lab II  : Midterm: B | Final: B+,   EL 3500  Lit Across Cultures I:Analysis   : Midterm: C+ | Final: C+,   HI 2681 Intro to Europe Hist:1350-Present  : Midterm: A | Final: A,fall  2018,  CP 3400 Analytical Chemistry-Lect/Lab  : Midterm: A | Final: A,  BS 2400 Basic Bio Sciences I   : Midterm: B | Final: B+, VA2020 Basic Design     : Midterm: C+ | Final: C+,  VA2030 Drawing   : Midterm: A | Final: A,spring 2019,  CP 4700 Physical Chemistry I  : Midterm: A | Final: A,   CP 5920 Seminar I  : Midterm: B | Final: B+,    VA2045 Introduction to Color  : Midterm: C+ | Final: C+,   VA2500 Art History I: 19th Century Art  : Midterm: A | Final: A,fall 2019,  CP 5921 Seminar II  : Midterm: A | Final: A,   AS 2112 American People I  : Midterm: B | Final: B+,    VA3100 Visual Culture  : Midterm: C+ | Final: C+,  MA2310 Calculus and Analytic Geometry I   : Midterm: A | Final: A,606b5915962b7170e065a150,Full Time,700568875,Ruddy Jagg,7LJiikDJGS9S,11/6/1996,22 Muir Pass,spring 2020, CP 6590 Topics: Environmental Science   : Midterm: A | Final: A,   CP 6740 Topics in Earth&Space Science    : Midterm: B | Final: B+,    CP 4800 Adv Chemical Methods: Lect/Lab  : Midterm: C+ | Final: C+,    AS 2122 American People II : Midterm: A | Final: A,,0
jstanning4@hibu.com,Adolescence Education: Chemistry (7-12),3,17,4,605ace98e864342e79d3b091,BU 3511Principles of Accounting II,6:00PM - 7:30PM,MW,Lambda,113,Maggie Greatham,43333,1,19,4,605ace98e864342e79d3b102,CP 4700  Physical Chemistry I,2:40PM - 4:10PM,TR,Omega,102,Rosanne Davidsson,57232,,,,,,,,,,,,,,,,,,,,,,,Undergraduate - Junior,fall 2018, CP 4510 Biochemistry I : Midterm: A | Final: A,   CP 2120 Principles of Chemistry I  : Midterm: A | Final: A,   CP 2121 Principles of Chemistry Lab I   : Midterm: C+ | Final: C+,  CP 4520 Biochemistry Lab   : Midterm: A | Final: A,spring 2019, CP 4515 Biochemistry II : Midterm: A | Final: A,  CP 2130 Principles of Chemistry II   : Midterm: B | Final: B+,  CP 2131 Principles Chemistry Lab II    : Midterm: A | Final: A,   EL 1000 English Comp I: Exposition  : Midterm: A | Final: A,fall 2019,  CP 3300 Organic Chemistry I  : Midterm: A | Final: A,   CP 3302 Organic Chemistry Lab I  : Midterm: B | Final: B+,  EL 2239 Horror Literature    : Midterm: C+ | Final: C+,   VA2010 Intro. to Creative Thinking  : Midterm: A | Final: A,spring 2020,  CP 3310 Organic Chemistry II  : Midterm: A | Final: B,   CP 3312 Organic Chemistry Lab II  : Midterm: B | Final: B+,   EL 3500  Lit Across Cultures I:Analysis   : Midterm: C+ | Final: B+,   HI 2681 Intro to Europe Hist:1350-Present  : Midterm: A | Final: A,fall  2020,  CP 3400 Analytical Chemistry-Lect/Lab  : Midterm: A | Final: A,  BS 2400 Basic Bio Sciences I   : Midterm: B | Final: B+, VA2020 Basic Design     : Midterm: A | Final: A,  VA2030 Drawing   : Midterm: A | Final: A,,,,,,,,,,,606b5915962b7170e065a151,Part Time,700087346,Jania Stanning,wZ4jqkF97Vw,11/6/1996,446 Anderson Plaza,,,,,,,0
blorence7@godaddy.com,Business Administration,1,19,4,605ace98e864342e79d3b093,BU 4500 Intermediate Accounting I,2:40PM - 4:10PM,TR,Iota,220,Pearline Engelbrecht,43456,,,,,,,,,,,,,,,,,,,,,,,,,,,,,,,,,,Undergraduate - Junior,fall 2018, BU 3010 Information Systems for Managers   : Midterm: A | Final: A,   BU 3502 Principles of Accounting I  : Midterm: B | Final: B+,   EL 1000 English Comp I: Exposition   : Midterm: A | Final: A,   AS 2112 American People I  : Midterm: A | Final: A,spring 2019,  MA 2300 Calc/Business & Economics  : Midterm: A | Final: A,   BU3600 Principles Business Law  : Midterm: B | Final: B+,   AS 2122 American People II   : Midterm: A | Final: A,   BU 3800 Marketing: Principles&Concepts  : Midterm: A | Final: A,fall 2019, BU 4110 Organizational Behavior & Mgmt   : Midterm: A | Final: A, BU 4120  Global Business    : Midterm: B | Final: B-,  EL 2239 Horror Literature    : Midterm: A | Final: A,  HI 2681 Intro to Europe Hist:1350-Present   : Midterm: A | Final: B,spring 2020,  EL 3600 US Literature I: Midterm: A | Final: B-,   HI 3640  African History  : Midterm: B | Final: B+,  VA2010 Intro. to Creative Thinking    : Midterm: C+ | Final: B,    VA2500 Art History I: 19th Century Art : Midterm: A | Final: B,fall  2020, BU 5171 Human Resource Management     : Midterm: A | Final: A,   BU 5196 Leadership  : Midterm: B | Final: B+, VA3100 Visual Culture     : Midterm: C+ | Final: B,   VA4460 Digital Animation  : Midterm: A | Final: A,,,,,,,,,,,606b5915962b7170e065a152,Full Time,700746041,Bobette Lorence,wezB2Kj,5/3/1996,9471 Glendale Plaza,,,,,,,0
kfrensch8@trellian.com,Media and Communications,5,15,4,605ace98e864342e79d3b091,BU 3511Principles of Accounting II,6:00PM - 7:30PM,MW,Lambda,113,Maggie Greatham,43333,,,,,,,,,,,,,,,,,,,,,,,,,,,,,,,,,,Graduate,fall 2016, AS2020 New Media CE    : Midterm: A | Final: A,  EL 1000 English Comp I: Exposition   : Midterm: B | Final: B+,  VA2320 Graphic Design I    : Midterm: A| Final: A,   HI 3110 Latin American Culture  : Midterm: A | Final: A,spring 2017,  AS2652 Media Studies  : Midterm: A | Final: A,    AS2700 The Engaged Eye : Midterm: B | Final: A,   EL 2239 Horror Literature   : Midterm: A | Final: A,   HI 4632 Japanese History Through Literature  : Midterm: A | Final: A,fall 2017,  AS3310 From Citizen to Consumer  : Midterm: A | Final: A,   AS3632 History of U.S. Film  : Midterm: B | Final: B+,   EL 3800 Eng Lit I:Beowulf-18th Century   : Midterm: C+ | Final: C+, HI 4800  History of India    : Midterm: A | Final: A,spring 2018,  AS3712 American Film Genres  : Midterm: A | Final: A,    AS3722 History of Mass Media : Midterm: B | Final: B+,  AS3732 Politics of Media    : Midterm: B+ | Final: B+,    VA2010 Intro. to Creative Thinking : Midterm: A | Final: A,fall  2018,  AS3735 Documentary Media Studies  : Midterm: A | Final: A,  AS3742 Myths and Images in Film   : Midterm: B | Final: B+,  AS3745 Feminine and Masculine in Film    : Midterm: A| Final: A,   VA3200 Art Tutorials I  : Midterm: A | Final: A,spring 2019,  AS3810 Music and Media  : Midterm: A | Final: A,  AS3830 Public Relations and Society   : Midterm: A | Final: A, AS3842 African-Americans and the Mass Media      : Midterm: A | Final: A,   VA4200 Art Tutorials II  : Midterm: A | Final: A,fall 2019,  AS3852 Women and the Media  : Midterm: A | Final: A,  AS4160 Special Topics in Media Studies   : Midterm: A | Final: B+,  VA5200 Art Tutorials III : Midterm: A | Final: A,  VA2500 Art History I: 19th Century Art   : Midterm: A | Final: A,606b5915962b7170e065a153,Full Time,700790438,Kaspar Frensch,KqWdX5,10/15/1998,26692 Paget Junction,spring 2020,  AS4280 Global Media  : Midterm: A | Final: A,   AS4722 Film: Ideas and Aesthetics  : Midterm: A | Final: A, AS4725 The Photograph and American Culture         : Midterm: A | Final: A,  AS4732 Political Film   : Midterm: A | Final: A,,0
emumfordc@eventbrite.com,Criminology,2,18,4,605ace98e864342e79d3b13b,EL 2239 Horror Literature,8:00AM - 9:30AM,MW,Omega,270,Creighton Morphet,64489,1,19,4,605ace98e864342e79d3b179,AS 2112 American People I,1:00PM - 2:30PM,TR,Sigma,240,Emanuele Roles,71869,,,,,,,,,,,,,,,,,,,,,,,Undergraduate - Freshman,fall 2020,  SY 1500  Intro Sociology : Midterm: A | Final: A,   EL 1000 English Comp I: Exposition  : Midterm: A | Final: A,,,,,,,,,,,,,,,,,,,,,,,,,,,,,,,,,606b5915962b7170e065a154,Part Time,700334333,Evonne Mumford,5hccpTdBzXp,1/15/1995,5353 Moland Avenue,,,,,,,0
npollb@comcast.net,Biological Sciences,1,19,4,605ace98e864342e79d3b13b,EL 2239 Horror Literature,8:00AM - 9:30AM,MW,Omega,270,Creighton Morphet,64489,2,18,4,605ace98e864342e79d3b352,AS 2122 American People II,4:20PM - 5:50PM,MW,Omega,124,Fonz Doulden,130048,1,19,4,605ace98e864342e79d3b2b1,BS 4460 Genetics,1:00PM - 2:30PM,MW,Lambda,245,Hilario Slegg,110368,,,,,,,,,,,,Undergraduate - Freshman,fall 2020,  BS4400 Cell Biology  : Midterm: A | Final: A,   EL 1000 English Comp I: Exposition  : Midterm: A | Final: A,   AS 2112 American People I   : Midterm: A | Final: A,  VA3200 Art Tutorials I   : Midterm: A | Final: A,,,,,,,,,,,,,,,,,,,,,,,,,,,,,,,606b5915962b7170e065a155,Full Time,700896421,Noelani Poll,SMK4AX,8/19/1997,70 Manufacturers Alley,,,,,,,0
krosenkranc9@nbcnews.com,Adolescence Education: Chemistry (7-12),1,19,4,605ace98e864342e79d3b2f4,CP 4700  Physical Chemistry I,11:20AM - 12:50PM,TR,Eta,234,Rosanne Davidsson,115288,1,19,4,605ace98e864342e79d3b352,AS 2122 American People II,4:20PM - 5:50PM,MW,Omega,124,Fonz Doulden,130048,,,,,,,,,,,,,,,,,,,,,,,Undergraduate - Senior,fall 2017, CP 4510 Biochemistry I : Midterm: A | Final: A,   CP 2120 Principles of Chemistry I  : Midterm: B | Final: B+,   CP 2121 Principles of Chemistry Lab I   : Midterm: C+ | Final: C+,  CP 4520 Biochemistry Lab   : Midterm: A | Final: A,spring 2018, CP 4515 Biochemistry II : Midterm: A | Final: A,  CP 2130 Principles of Chemistry II   : Midterm: B | Final: B+,  CP 2131 Principles Chemistry Lab II    : Midterm: C+ | Final: C+,   EL 1000 English Comp I: Exposition  : Midterm: A | Final: A,fall 2018,  CP 3300 Organic Chemistry I  : Midterm: A | Final: A,   CP 3302 Organic Chemistry Lab I  : Midterm: B | Final: B+,  EL 2239 Horror Literature    : Midterm: C+ | Final: C+,   VA2010 Intro. to Creative Thinking  : Midterm: A | Final: A,spring 2019,  CP 3310 Organic Chemistry II  : Midterm: A | Final: A,   CP 3312 Organic Chemistry Lab II  : Midterm: B | Final: B+,   EL 3500  Lit Across Cultures I:Analysis   : Midterm: C+ | Final: C+,   HI 2681 Intro to Europe Hist:1350-Present  : Midterm: A | Final: A,fall  2019,  CP 3400 Analytical Chemistry-Lect/Lab  : Midterm: A | Final: A,  BS 2400 Basic Bio Sciences I   : Midterm: B | Final: B+, VA2020 Basic Design     : Midterm: C+ | Final: C+,  VA2030 Drawing   : Midterm: A | Final: A,spring 2020,  CP 4700 Physical Chemistry I  : Midterm: A | Final: A,   CP 5920 Seminar I  : Midterm: B | Final: B+,    VA2045 Introduction to Color  : Midterm: C+ | Final: C+,   VA2500 Art History I: 19th Century Art  : Midterm: A | Final: A,fall 2020,  CP 5921 Seminar II  : Midterm: A | Final: A,   AS 2112 American People I  : Midterm: B | Final: B-,    VA3100 Visual Culture  : Midterm: C+ | Final: C+,  MA2310 Calculus and Analytic Geometry I   : Midterm: A | Final: B,606b5915962b7170e065a156,Part Time,700700741,Klara Rosenkranc,nTRVAy8,9/26/1996,76 Little Fleur Drive,,,,,,,0
bfeakd@acquirethisname.com,Politics & Economics & Law,1,19,4,605ace98e864342e79d3b13d,EL 1000 English Comp I: Exposition,11:20AM - 12:50PM,MW,Delta,129,Christy Hartley,64366,1,19,4,605ace98e864342e79d3b351,AS 2112 American People I,9:40AM - 11:10AM,MW,Theta,175,Emanuele Roles,129925,,,,,,,,,,,,,,,,,,,,,,,Undergraduate - Freshman,fall 2020,  PE 2650 Intro to U.S. Politics : Midterm: A | Final: A, VA3200 Art Tutorials I   : Midterm: A | Final: A,,,,,,,,,,,,,,,,,,,,,,,,,,,,,,,,,606b5915962b7170e065a157,Part Time,700667304,Blondie Feak,0BOXaYv1,7/12/1997,003 Kipling Drive,,,,,,,0
lfarrowe@woothemes.com,Adolescence Education: Mathematics (7-12),3,17,4,605ace98e864342e79d3b13b,EL 2239 Horror Literature,8:00AM - 9:30AM,MW,Omega,270,Creighton Morphet,64489,1,19,4,605ace98e864342e79d3b1c0,MA2310 Calculus and Analytic Geometry I,4:20PM - 5:50PM,MW,Lambda,131,Phillip Beasant,79618,,,,,,,,,,,,,,,,,,,,,,,Undergraduate - Freshman,fall 2020,  EL 1000 English Comp I: Exposition I: Midterm: B | Final: B,  VA3200 Art Tutorials I    : Midterm: A | Final: B+,,,,,,,,,,,,,,,,,,,,,,,,,,,,,,,,,606b5915962b7170e065a158,Part Time,700166144,Loutitia Farrow,U2S4PMHZOC6Y,1/21/1996,2712 Old Shore Lane,,,,,,,0
aguswellf@umich.edu,Special Education and Childhood Education (1-6),1,19,4,605ace98e864342e79d3b239,ED4121 Methods and Materials for Teaching Elementary Science Majors,7:40PM - 9:10PM,TR,Kappa,124,Mona Snedker,94747,4,16,4,605ace98e864342e79d3b13b,EL 2239 Horror Literature,8:00AM - 9:30AM,MW,Omega,270,Creighton Morphet,64489,3,17,4,605ace98e864342e79d3b352,AS 2122 American People II,4:20PM - 5:50PM,MW,Omega,124,Fonz Doulden,130048,,,,,,,,,,,,Undergraduate - Freshman,fall 2020,  ED3700 Child Development  I: Midterm: B | Final: B,   EL 1000 English Comp I: Exposition  : Midterm: A | Final: B+,   AS 2112 American People I   : Midterm: A | Final: A,  VA3200 Art Tutorials I   : Midterm: A | Final: A,,,,,,,,,,,,,,,,,,,,,,,,,,,,,,,606b5915962b7170e065a159,Full Time,700966590,Ambur Guswell,OWhZyN,3/2/1998,922 Pennsylvania Street,,,,,,,0
aocurneena@yale.edu,Management Information Systems,1,19,4,605ace98e864342e79d3b121,CS 5710 Computer Networks,8:00AM - 9:30AM,TR,Eta,131,Dorisa Duligall,60922,1,19,4,605ace98e864342e79d3b11d,CS 4720 Internet & Web Tech,8:00AM - 9:30AM,MW,Kappa,207,Juliet Martel,60676,,,,,,,,,,,,,,,,,,,,,,,Undergraduate - Junior,fall 2018,CS 2510 Computer Programming I : Midterm: A | Final: A,EL 1000 English Comp I: Exposition: Midterm: B | Final: C+, MA2000 Applied Statistics : Midterm: C+ | Final: B, VA2010 Intro. to Creative Thinking : Midterm: A | Final: B-,spring 2019,CS 2511 Computer Programming II: Midterm: B | Final: B+,EL 2239 Horror Literature: Midterm: A | Final: A-, HI 2681 Intro to Europe Hist:1350-Present: Midterm: A | Final: A-, CS 3611 Advanced C#: Midterm: A | Final: A,fall 2019, BU4110 Organizational Behavior & Management  : Midterm: A | Final: A-, CS 3620 Computer Architecture I: Midterm: B | Final: B, CS 3810  Data Structures & Algorithms: Midterm: C+ | Final: B+, VA2030 Drawing : Midterm: A | Final: C+,spring 2020, EL 3560  Literatures of Europe:Part I : Midterm: B+ | Final: C+,   VA2500 Art History I: 19th Century Art  : Midterm: B | Final: B+,    CS 3911 C++in Object Oriented Design  : Midterm: C+ | Final: B,  CS 4100 Technical Communications   : Midterm: A | Final: B+,fall  2020,   VA2320 Graphic Design : Midterm: A | Final: B,   AS 2112 American People I  : Midterm: B | Final: B+,   CS 4501 Software Engineering   : Midterm: A+ | Final: B+,   CS 4550 Database Management Systems  : Midterm: A | Final: A,,,,,,,,,,,606b5915962b7170e065a15a,Part Time,700209826,Ainslie O'Curneen,k1FwBsKo,11/17/1996,428 Grasskamp Crossing,,,,,,,0
bquineyg@usgs.gov,Industrial and Labor Relations,,,,,,,,,,,,,,,,,,,,,,,,,,,,,,,,,,,,,,,,,,,,,Undergraduate - Sophomore,fall 2019,  IR 2210 Unions & Management: An Intro  : Midterm: A | Final: A,   HI 2681 Intro to Europe Hist:1350-Present  : Midterm: B | Final: B+,    VA2320 Graphic Design I  : Midterm: C+ | Final: C+,   EL 1000 English Comp I: Exposition  : Midterm: A | Final: A,spring 2020,  PE 2650 Intro to U.S. Politics  : Midterm: A | Final: A,  AS 2112 American People I : Midterm: B | Final: B+,    VA2010 Intro. to Creative Thinking  : Midterm: B+ | Final: B+,  EL 2239 Horror Literature   : Midterm: A | Final: B+,fall 2020,  IR 3300 CollectiveBarg & GrievanceProc  : Midterm: A | Final: A,  IR 3140 Unions & Public Policy     : Midterm: B | Final: B-,   HI 3091 African Cultures   : Midterm: B | Final: B,  EL 3560  Literatures of Europe:Part I   : Midterm: B | Final: B+,,,,,,,,,,,,,,,,,,,,,606b5915962b7170e065a15b,Full Time,700821528,Boote Quiney,kLOPtvUe,3/1/1997,50 Thierer Alley,,,,,,,0
shuygeh@reuters.com,Adolescence Education: Social Studies (7-12),1,19,4,605ace98e864342e79d3b0c4,HI 6540 Topics in European History,11:20AM - 12:50PM,TR,Gamma,223,Flossie Angood,49729,1,19,4,605ace98e864342e79d3b299,HI 6520 US Constitutional&Polticl Hist,9:40AM - 11:10AM,MW,Kappa,266,Ronda Prosch,107539,,,,,,,,,,,,,,,,,,,,,,,Undergraduate - Senior,fall 2017,   AS 2112 American People I : Midterm: A | Final: A,  EL 1000 English Comp I: Exposition   : Midterm: B | Final: B+,   HI 4308 History Modern Middle East   : Midterm: C+ | Final: C+,  VA3200 Art Tutorials I   : Midterm: A | Final: A,spring 2018,  AS 2122 American People II  : Midterm: A | Final: A,   HI 3835 Islamic Cultures  : Midterm: B | Final: B+,   EL 2239 Horror Literature   : Midterm: C+ | Final: C+,   VA4200 Art Tutorials II  : Midterm: A | Final: A,fall 2018,  HI 3080   Asian Cultures  : Midterm: A | Final: A,   HI 3110 Latin American Culture  : Midterm: B | Final: B+,   EL 3010  Structure & Grammar of English   : Midterm: C+ | Final: C+,  VA5200 Art Tutorials III   : Midterm: A | Final: A,spring 2019,  HI 3091 African Cultures  : Midterm: A | Final: A,  VA2010 Intro. to Creative Thinking   : Midterm: B | Final: B+,   HI 4308 History Modern Middle East   : Midterm: C+ | Final: C+,  HI 7500 Questioning Global History   : Midterm: A | Final: A,fall  2019,   VA2020 Basic Design : Midterm: A | Final: A,   HI 3835 Islamic Cultures  : Midterm: B | Final: B+,    HI 6565 Topics in the History of India  : Midterm: C+ | Final: C+,  HI 6540 Topics in European History   : Midterm: A | Final: A,spring 2020, HI 3640  African History   : Midterm: A | Final: A,   HI 2681 Intro to Europe Hist:1350-Present  : Midterm: B | Final: B+,  HI 6530 Econ:Theories    : Midterm: C+ | Final: C+,   HI 6520 US Constitutional&Polticl Hist  : Midterm: A | Final: A,fall 2020,  ED 6085 Mthd/Mtrls Teach Socl Stds MAT  : Midterm: A | Final: A,    ED 6095 Literacy : Midterm: B | Final: B+,  ED 6903 Student Teaching:Social Stds    : Midterm: C+ | Final: C+,  HI 6510 Topics in US History   : Midterm: A | Final: A,606b5915962b7170e065a15c,Part Time,700122249,Shirl Huyge,8Rkh5vtu,3/29/1997,4 Corscot Junction,,,,,,,0
lnicolsonl@wikia.com,Business Administration,3,17,4,605ace98e864342e79d3b13d,EL 1000 English Comp I: Exposition,11:20AM - 12:50PM,MW,Delta,129,Christy Hartley,64366,1,19,4,605ace98e864342e79d3b259,VA2030 Drawing,8:00AM - 9:30AM,TR,Gamma,149,Ardyth Huyge,99298,,,,,,,,,,,,,,,,,,,,,,,Undergraduate - Freshman,fall 2020,  MA2300 Calculus for Business & Economics  : Midterm: A | Final: B-,   VA2030 Drawing  : Midterm: A | Final: A,,,,,,,,,,,,,,,,,,,,,,,,,,,,,,,,,606b5915962b7170e065a15d,Part Time,700568577,Livia Nicolson,NCkGVk8roSNv,11/8/1997,9 Twin Pines Drive,,,,,,,0
crawsthornek@creativecommons.org,Marketing,2,18,4,605ace98e864342e79d3b13d,EL 1000 English Comp I: Exposition,11:20AM - 12:50PM,MW,Delta,129,Christy Hartley,64366,1,19,4,605ace98e864342e79d3b431,VA2020 Basic Design,1:00PM - 2:30PM,MW,Delta,124,Cariotta Gerrels,157231,,,,,,,,,,,,,,,,,,,,,,,Undergraduate - Freshman,fall 2020,  MA2300 Calculus for Business & Economics  : Midterm: A | Final: A,   VA2030 Drawing  : Midterm: B | Final: B+,,,,,,,,,,,,,,,,,,,,,,,,,,,,,,,,,606b5915962b7170e065a15e,Part Time,700006499,Corri Rawsthorne,9fQR7g,12/9/1998,7 Springview Drive,,,,,,,0
aounsworthm@yahoo.com,History,1,19,4,605ace98e864342e79d3b25b,VA3200 Art Tutorials I,6:00PM - 7:30PM,TR,Beta,130,Ilsa Caven,99790,1,19,4,605ace98e864342e79d3b17a,AS 2122 American People II,11:20AM - 12:50PM,TR,Lambda,168,Fonz Doulden,71992,4,16,4,605ace98e864342e79d3b13d,EL 1000 English Comp I: Exposition,11:20AM - 12:50PM,MW,Delta,129,Christy Hartley,64366,,,,,,,,,,,,Undergraduate - Freshman,fall 2020,  VA2010 Intro. to Creative Thinking  : Midterm: A | Final: A,  VA2020 Basic Design   : Midterm: B | Final: B+,  VA2030 Drawing    : Midterm: C+ | Final: C+,   AS 2112 American People I  : Midterm: A | Final: A,,,,,,,,,,,,,,,,,,,,,,,,,,,,,,,606b5915962b7170e065a15f,Full Time,700150850,Aleta Ounsworth,oqYK2GbKj8r,6/2/1997,2 Di Loreto Trail,,,,,,,0
tclacksoni@adobe.com,Chemistry,18,2,4,605ace98e864342e79d3b091,BU 3511Principles of Accounting II,6:00PM - 7:30PM,MW,Lambda,113,Maggie Greatham,43333,,,,,,,,,,,,,,,,,,,,,,,,,,,,,,,,,,Graduate,fall 2016, CP 2121Principles of Chemistry Lab I   : Midterm: A | Final: A,   MA 3160  Linear Algebra  : Midterm: B | Final: B+,  EL 1000 English Comp I: Exposition    : Midterm: C+ | Final: C+,   HI 2681 Intro to Europe Hist:1350-Present  : Midterm: A | Final: A,spring 2017,  CP 2130  Principles of Chemistry II  : Midterm: A | Final: A, EL 2239 Horror Literature    : Midterm: B | Final: B+,   HI 3091 African Cultures   : Midterm: C+ | Final: C+,  VA2020 Basic Design   : Midterm: A | Final: A,fall 2017,  CP 3302  Organic Chemistry Lab I  : Midterm: A | Final: A,  CP 4700  Physical Chemistry I   : Midterm: B | Final: B+,    MA 3330  Calc & Analyt Geometry III    : Midterm: C+ | Final: C+,   CP 3300 Organic Chemistry I  : Midterm: A | Final: A,spring 2018,  CP 4710 Physical Chemistry II  : Midterm: A | Final: A,  CP 4720  Physical Chemistry Lab   : Midterm: B | Final: B+,  EL 3600 US Literature I  : Midterm: C+ | Final: C+,  HI 4800  History of India   : Midterm: A | Final: A,fall  2018, CP 4800 Adv Chemical Methods: Lect/Lab   : Midterm: A | Final: A,  CP 2240  General Physics I   : Midterm: B | Final: B+,  VA2030 Drawing    : Midterm: C+ | Final: C+,  VA2045 Introduction to Color   : Midterm: A | Final: A,spring 2019,  CP 2250 General Physics II: Midterm: A | Final: A,   CP 2251 General Physics II Lab  : Midterm: B | Final: B+, VA3400 Digital Imaging     : Midterm: C+ | Final: C+,  VA2320 Graphic Design I   : Midterm: A | Final: A,fall 2019,  CP 3230  Math Methods: Physical Science  : Midterm: A | Final: A,  MA 4360  Differential Equations CP 2120 Principles of Chemistry I   : Midterm: B | Final: B+,   CP 5920 Seminar I   : Midterm: C+ | Final: C+,   VA4320 Graphic Design II  : Midterm: A | Final: A,606b5915962b7170e065a160,Full Time,700316632,Terza Clackson,PbXICHA0E,7/15/1997,581 Hazelcrest Parkway,spring 2020, CP 2131 Principles Chemistry Lab II   : Midterm: A | Final: A,    CP 5921 Seminar II : Midterm: B | Final: B+,  CP 4520 Biochemistry Lab    : Midterm: C+ | Final: C+,   VA4260 Interactive Web Design  : Midterm: A | Final: A,,0
kwythej@squarespace.com,English,19,1,4,605ace98e864342e79d3b091,BU 3511Principles of Accounting II,6:00PM - 7:30PM,MW,Lambda,113,Maggie Greatham,43333,,,,,,,,,,,,,,,,,,,,,,,,,,,,,,,,,,Graduate,fall 2016,   EL 1000 English Comp I: Exposition : Midterm: A | Final: A,  HI 2681 Intro to Europe Hist:1350-Present   : Midterm: B | Final: B+,   VA2020 Basic Design   : Midterm: B+ | Final: B+,  VA2030 Drawing   : Midterm: A | Final: A,spring 2017, EL 2239 Horror Literature   : Midterm: A | Final: A,  AS 2112 American People I   : Midterm: B | Final: B+,    VA2045 Introduction to Color  : Midterm: B+ | Final: B+,    VA2500 Art History I: 19th Century Art : Midterm: A | Final: A,fall 2017, EL 3010  Structure & Grammar of English   : Midterm: A | Final: A,  EL 3500  Lit Across Cultures I:Analysis   : Midterm: B | Final: B+,   AS 2122 American People II   : Midterm: B+ | Final: B+,  VA3200 Art Tutorials I   : Midterm: A | Final: A,spring 2018,  EL 3510  Lit Across Cultures II:Theory  : Midterm: A | Final: A,   EL 3600 US Literature I  : Midterm: B | Final: B+,   VA4200 Art Tutorials II   : Midterm: B+ | Final: B+,   VA2320 Graphic Design I  : Midterm: A | Final: A,fall  2018, EL 4400  Critical Theory   : Midterm: A | Final: A,    EL 3610  US Literature II : Midterm: B | Final: B+, HI 4800  History of India     : Midterm: B+ | Final: B+,  EL 4311 Greek Drama    : Midterm: A | Final: A,spring 2019,  EL 3800 Eng Lit I:Beowulf-18th Century   : Midterm: A | Final: A,   EL 3810  Eng Lit II:Romantics - Present  : Midterm: B | Final: B+,  EL 4510  Modern Drama & Theatre    : Midterm: B+ | Final: B+, VA3100 Visual Culture    : Midterm: A | Final: A,fall 2019, EL 3560  Literatures of Europe:Part I   : Midterm: A | Final: A, EL 3950  Creative Non-Fiction : Midterm: B | Final: B+,   EL 4325 Shakespeare: Selected Plays   : Midterm: C+ | Final: C+,  EL 4402 Sin & Sexuality in Literature   : Midterm: A | Final: A,606b5915962b7170e065a161,Full Time,700923207,Kassie Wythe,j5lixMr,11/22/1998,04309 Jenna Crossing,spring 2020,  EL 3561 Literatures of Europe:Part II  : Midterm: A | Final: B,   EL 4312 Greek Mythology  : Midterm: B | Final: B-+,     EL 4500 Topics in British/US Lit : Midterm: C+ | Final: B+,  SY 5990  Senior Seminar   : Midterm: A | Final: A,,0
dmckeowonn@creativecommons.org,Computer & Information Science,1,19,4,605ace98e864342e79d3b11b,CS 4100 Technical Communications,11:20AM - 12:50PM,MW,Gamma,186,Theobald Siflet,60307,1,19,4,605ace98e864342e79d3b2f0,CS 3911 C++in Object Oriented Design,6:00PM - 7:30PM,MW,Beta,201,Lisette Gregorace,118240,,,,,,,,,,,,,,,,,,,,,,,Undergraduate - Sophomore,fall 2019,  VA2010 Intro. to Creative Thinking  : Midterm: A | Final: A, CS 2510 Computer Programming I  : Midterm: B | Final: B+,  VA2030 Drawing    : Midterm: C+ | Final: C+,   AS 2112 American People I  : Midterm: A | Final: A,spring 2020, EL 1000 English Comp I: Exposition   : Midterm: A | Final: A,  VA2020 Basic Design   : Midterm: B | Final: B+,   CS 2511 Computer Programming II     : Midterm: C+ | Final: C+,  CS 3620 Computer Architecture I : Midterm: A | Final: A,fall 2020,  EL 2239 Horror Literature  : Midterm: A | Final: A,  CS 3810  Data Structures & Algorithms : Midterm: B | Final: B+,  HI 2681 Intro to Europe Hist:1350-Present    : Midterm: C+ | Final: C+,  EL 3800 Eng Lit I:Beowulf-18th Century   : Midterm: A | Final: A,,,,,,,,,,,,,,,,,,,,,606b5915962b7170e065a162,Part Time,700271115,Dennie McKeowon,T8GvOjkiB4,11/12/1996,878 Blackbird Park,,,,,,,0
aeverto@canalblog.com,Biochemistry,1,19,4,605ace98e864342e79d3b319,EL 3010  Structure & Grammar of English,7:40PM - 9:10PM,TR,Epsilon,150,Elbert Petrina,122668,1,19,4,605ace98e864342e79d3b2a5,CP 3310 Organic Chemistry II,11:20AM - 12:50PM,TR,Kappa,139,Benedetta Greder,108892,4,16,4,605ace98e864342e79d3b352,AS 2122 American People II,4:20PM - 5:50PM,MW,Omega,124,Fonz Doulden,130048,,,,,,,,,,,,Undergraduate - Sophomore,fall 2019,  VA2010 Intro. to Creative Thinking  : Midterm: A | Final: A, CP 2120 Principles of Chemistry I: Midterm: B | Final: B+,  VA2030 Drawing    : Midterm: C+ | Final: C+,  CP 2121 Principles of Chemistry Lab I: Midterm: A | Final: A,spring 2020, EL 1000 English Comp I: Exposition   : Midterm: A | Final: A,  VA2020 Basic Design   : Midterm: B | Final: B+,   CP 2130 Principles of Chemistry II  : Midterm: B+ | Final: B+, CP 2131 Principles Chemistry Lab II : Midterm: A | Final: A,fall 2020,  EL 2239 Horror Literature  : Midterm: A | Final: A,  AS 2112 American People I  : Midterm: B | Final: B+,  CP 3302 Organic Chemistry Lab I    : Midterm: B+ | Final: B+,  CP 3300 Organic Chemistry I   : Midterm: A | Final: A,,,,,,,,,,,,,,,,,,,,,606b5915962b7170e065a163,Full Time,700000362,Arther Evert,j0TOfS,10/7/1996,7216 Elgar Park,,,,,,,0
pgillivriep@wikia.com,Health and Society,1,19,4,605ace98e864342e79d3b148,EL 3500  Lit Across Cultures I:Analysis,6:00PM - 7:30PM,TR,Lambda,269,Elita Rowlatt,64735,2,18,4,605ace98e864342e79d3b17a,AS 2122 American People II,11:20AM - 12:50PM,TR,Lambda,168,Fonz Doulden,71992,,,,,,,,,,,,,,,,,,,,,,,Undergraduate - Sophomore,fall 2019,  VA2010 Intro. to Creative Thinking  : Midterm: A | Final: A, BS 2100 Biology for Non-Science Majors I: Midterm: B | Final: B+,  VA2030 Drawing    : Midterm: C+ | Final: C+,  BS 2300  Anatomy&Physiology I Lecture: Midterm: A | Final: A,spring 2020, EL 1000 English Comp I: Exposition   : Midterm: A | Final: A,  VA2020 Basic Design   : Midterm: B | Final: B+,   BS 2310  Anatomy&Physiology II Lecture  : Midterm: B+ | Final: B+, BS 2410  Basic Bio Sciences II : Midterm: A | Final: A,fall 2020,  EL 2239 Horror Literature  : Midterm: A | Final: A,  AS 2112 American People I  : Midterm: B | Final: B+,  PH 3600  Social Determinants of Health  : Midterm: B+ | Final: B,  PH 3610 Intro.-U.S.Health Care System  : Midterm: A | Final: B,,,,,,,,,,,,,,,,,,,,,606b5915962b7170e065a164,Part Time,700646472,Paule Gillivrie,ZmGHKN,2/23/1996,2 Grasskamp Hill,,,,,,,0
garnfieldq@nasa.gov,Biological Sciences,2,18,4,605ace98e864342e79d3b148,EL 3500  Lit Across Cultures I:Analysis,6:00PM - 7:30PM,TR,Lambda,269,Elita Rowlatt,64735,5,15,4,605ace98e864342e79d3b352,AS 2122 American People II,4:20PM - 5:50PM,MW,Omega,124,Fonz Doulden,130048,1,19,4,605ace98e864342e79d3b2bf,BS3510 Parasitology,2:40PM - 4:10PM,TR,Gamma,184,Claudius Prys,111967,,,,,,,,,,,,Undergraduate - Sophomore,fall 2019,  VA2010 Intro. to Creative Thinking  : Midterm: A | Final: A, BS4460 Genetics  : Midterm: B | Final: B+,  VA2030 Drawing    : Midterm: C+ | Final: C+,  BS4400 Cell Biology: Midterm: A | Final: A,spring 2020, EL 1000 English Comp I: Exposition   : Midterm: A | Final: A,  VA2020 Basic Design   : Midterm: B | Final: B+,   : Midterm: B+ | Final: B+, BS4440 Evolution : Midterm: A | Final: A,fall 2020,  EL 2239 Horror Literature  : Midterm: A | Final: A,  AS 2112 American People I  : Midterm: B | Final: B+,  BS2490 Environmental Science  : Midterm: B+ | Final: B,  BS3450 Plant Biology : Midterm: A | Final: B,,,,,,,,,,,,,,,,,,,,,606b5915962b7170e065a165,Full Time,700448755,Grove Arnfield,AFrNMJQ2z9ac,4/5/1997,62 Mitchell Street,,,,,,,0
jzecchiniir@theguardian.com,History,,,,,,,,,,,,,,,,,,,,,,,,,,,,,,,,,,,,,,,,,,,,,Graduate,fall 2016,  EL 1000 English Comp I: Exposition  : Midterm: A | Final: A,   HI 2681 Intro to Europe Hist:1350-Present  : Midterm: B | Final: B+,   HI 3080   Asian Cultures: Midterm: C+ | Final: C+,  AS 2112 American People I   : Midterm: A | Final: A,spring 2017,  EL 2239 Horror Literature  : Midterm: A | Final: A,  AS 2122 American People II  : Midterm: B | Final: B+,  HI 3091 African Cultures    : Midterm: C+ | Final: C+,   VA4460 Digital Animation  : Midterm: A | Final: A,fall 2017, EL 3810  Eng Lit II:Romantics - Present : Midterm: A | Final: A,  HI 3110 Latin American Culture : Midterm: B | Final: B+,  HI 3640  African History    : Midterm: C+ | Final: C+,  VA2045 Introduction to Color    : Midterm: A | Final: A,spring 2018, HI 3835 Islamic Cultures   : Midterm: A | Final: A,   HI 4308 History Modern Middle East  : Midterm: B | Final: B+,   HI 4632 Japanese History Through Literature   : Midterm: C+ | Final: C+,  VA2500 Art History I: 19th Century Art   : Midterm: A | Final: A,fall  2018, HI 4800  History of India   : Midterm: A | Final: A,   HI 4900 Modern China-Study Abroad  : Midterm: B | Final: B+,  VA2045 Introduction to Color    : Midterm: C+ | Final: C+,   VA2020 Basic Design  : Midterm: A | Final: A,spring 2019,  HI 4905 Chinese Civilization  : Midterm: A | Final: A,  PE 4690 Politics of Lat Amer/Caribbean   : Midterm: B | Final: B+,    HI 4001 19th Century  : Midterm: C+ | Final: C+, VA2010 Intro. to Creative Thinking    : Midterm: A | Final: A,fall 2019,  HI 4011  20th Century  : Midterm: A | Final: A,  HI 4700  Modern Global Environments   : Midterm: B | Final: B+,  VA3100 Visual Culture    : Midterm: C+ | Final: C+,  MA3160 Linear Algebra   : Midterm: A | Final: A,606b5915962b7170e065a166,Full Time,700249835,Julissa Zecchinii,ZUESSE,12/12/1998,71 Anzinger Point,spring 2020, HI 3610  America's African Heritage   : Midterm: A | Final: A,   HI 3840 Crescent and Cross  : Midterm: B | Final: B+,   HI 4650   History of African Enslavement   : Midterm: C+ | Final: C+,  EL 3950  Creative Non-Fiction   : Midterm: A | Final: A,,0
ohummerstonv@apple.com,Accounting,5,15,4,605ace98e864342e79d3b13b,EL 2239 Horror Literature,8:00AM - 9:30AM,MW,Omega,270,Creighton Morphet,64489,4,16,4,605ace98e864342e79d3b17a,AS 2122 American People II,11:20AM - 12:50PM,TR,Lambda,168,Fonz Doulden,71992,6,14,4,605ace98e864342e79d3b091,BU 3511Principles of Accounting II,6:00PM - 7:30PM,MW,Lambda,113,Maggie Greatham,43333,1,19,4,605ace98e864342e79d3b438,VA5200 Art Tutorials III,4:20PM - 5:50PM,MW,Delta,270,Sammy Cheverell,158215,Undergraduate - Freshman,fall 2020,  BU 4500 Intermediate Accounting I  : Midterm: A | Final: A,  EL 1000 English Comp I: Exposition   : Midterm: B | Final: B+,   MA 2300 Calculus for Business & Economics   : Midterm: B+ | Final: B+,  HI 2681 Intro to Europe Hist:1350-Present   : Midterm: A | Final: A,,,,,,,,,,,,,,,,,,,,,,,,,,,,,,,606b5915962b7170e065a167,Full Time,700794985,Otto Hummerston,7pVrgPK,2/22/1995,169 4th Road,,,,,,,0
dbalchens@whitehouse.gov,Adolescence Education: Chemistry (7-12),3,17,4,605ace98e864342e79d3b17a,AS 2122 American People II,11:20AM - 12:50PM,TR,Lambda,168,Fonz Doulden,71992,1,19,4,605ace98e864342e79d3b0d5,CP 4510 Biochemistry I,7:40PM - 9:10PM,MW,Eta,295,Stephan Hultberg,51574,1,19,4,605ace98e864342e79d3b2ae,CP 4520 Biochemistry Lab,4:20PM - 5:50PM,MW,Lambda,201,Vale Trapp,109876,,,,,,,,,,,,Undergraduate - Senior,fall 2017, CP 4510 Biochemistry I : Midterm: A | Final: A,   CP 2120 Principles of Chemistry I  : Midterm: B | Final: B+,   CP 2121 Principles of Chemistry Lab I   : Midterm: C+ | Final: B,  CP 4520 Biochemistry Lab   : Midterm: A | Final: A,spring 2018, CP 4515 Biochemistry II : Midterm: A | Final: A,  CP 2130 Principles of Chemistry II   : Midterm: B | Final: B+,  CP 2131 Principles Chemistry Lab II    : Midterm: C+ | Final: C+,   EL 1000 English Comp I: Exposition  : Midterm: A | Final: A,fall 2018,  CP 3300 Organic Chemistry I  : Midterm: A | Final: A,   CP 3302 Organic Chemistry Lab I  : Midterm: B | Final: B+,  EL 2239 Horror Literature    : Midterm: B+ | Final: B+,   VA2010 Intro. to Creative Thinking  : Midterm: A | Final: A,spring 2019,  CP 3310 Organic Chemistry II  : Midterm: A | Final: A,   CP 3312 Organic Chemistry Lab II  : Midterm: B | Final: B+,   EL 3500  Lit Across Cultures I:Analysis   : Midterm: C+ | Final: C+,   HI 2681 Intro to Europe Hist:1350-Present  : Midterm: A | Final: A,fall  2019,  CP 3400 Analytical Chemistry-Lect/Lab  : Midterm: A | Final: A,  BS 2400 Basic Bio Sciences I   : Midterm: B | Final: B+, VA2020 Basic Design     : Midterm: C+ | Final: C+,  VA2030 Drawing   : Midterm: A | Final: A,spring 2020,  CP 4700 Physical Chemistry I  : Midterm: A | Final: A,   CP 5920 Seminar I  : Midterm: B | Final: B+,    VA2045 Introduction to Color  : Midterm: B+ | Final: B,   VA2500 Art History I: 19th Century Art  : Midterm: A | Final: A,fall 2020,  CP 5921 Seminar II  : Midterm: A | Final: A,   AS 2112 American People I  : Midterm: B | Final: B-,    VA3100 Visual Culture  : Midterm: A | Final: A,  MA2310 Calculus and Analytic Geometry I   : Midterm: A | Final: C+,606b5915962b7170e065a168,Full Time,700818322,Drona Balchen,FJUQZ3ZXF,7/1/1997,328 Mcbride Pass,,,,,,,0
lmacneachtaint@sbwire.com,Mathematics,1,19,4,605ace98e864342e79d3b2f5,CS 2510 Computer Programming I,6:00PM - 7:30PM,MW,Eta,104,Stella Jewess,117748,1,19,4,605ace98e864342e79d3b398,MA5320 Advanced Calculus I,7:40PM - 9:10PM,MW,Theta,117,Ardine Wixey,138781,1,19,4,605ace98e864342e79d3b1d2,MA4100 Number Theory,8:00AM - 9:30AM,TR,Beta,191,Dyane MacLaughlin,80971,1,19,4,605ace98e864342e79d3b1c4,MA4200 Probability,1:00PM - 2:30PM,MW,Epsilon,261,Rustin Gook,81094,Undergraduate - Junior,fall 2018,   EL 1000 English Comp I: Exposition : Midterm: A | Final: A,   HI 3080   Asian Cultures  : Midterm: B | Final: B+,   MA2310 Calculus and Analytic Geometry I   : Midterm: B+ | Final: B+,  VA2010 Intro. to Creative Thinking  : Midterm: A | Final: A,spring 2019, EL 2239 Horror Literature    : Midterm: A | Final: A,  HI 3110 Latin American Culture   : Midterm: B | Final: B+,   MA2320 Calculus and Analytic Geometry II   : Midterm: B+ | Final: B+,  VA2020 Basic Design   : Midterm: A | Final: A,fall 2019, EL 3560  Literatures of Europe:Part I   : Midterm: A | Final: A,  HI 3835 Islamic Cultures    : Midterm: B | Final: B+,  MA3160 Linear Algebra    : Midterm: C+ | Final: C+,   MA3210 Intro. To Probability & Statistics  : Midterm: A | Final: A,spring 2020,  MA3330 Calculus and Analytic Geometry III  : Midterm: A | Final: A,   MA3520 Transition to Advanced Mathematics  : Midterm: B | Final: B+,   VA2030 Drawing   : Midterm: C+ | Final: C+,   VA2045 Introduction to Color  : Midterm: A | Final: A,fall  2020,  MA4360 Differential Equations  : Midterm: A | Final: A,  MA5120 Abstract Algebra I   : Midterm: B | Final: B+,   VA2500 Art History I: 19th Century Art   : Midterm: C+ | Final: C+,   VA3100 Visual Culture  : Midterm: A | Final: A,,,,,,,,,,,606b5915962b7170e065a169,Full Time,700969810,Leontyne MacNeachtain,iBofAKpW1J,4/2/1997,5956 Toban Point,,,,,,,0
wgremainu@nih.gov,Media and Communications,,,,,,,,,,,,,,,,,,,,,,,,,,,,,,,,,,,,,,,,,,,,,Graduate,fall 2016, AS2020 New Media CE   : Midterm: A | Final: A,   VA2010 Intro. to Creative Thinking  : Midterm: B | Final: B+, HI 2681 Intro to Europe Hist:1350-Present     : Midterm: C+ | Final: C+, EL 1000 English Comp I: Exposition    : Midterm: A | Final: A,spring 2017, AS2652 Media Studies   : Midterm: A | Final: A,   VA2020 Basic Design  : Midterm: B | Final: B+,   AS 2112 American People I   : Midterm: C+ | Final: C+, EL 2239 Horror Literature    : Midterm: A | Final: A,fall 2017,  AS2700 The Engaged Eye  : Midterm: A | Final: A,    AS3310 From Citizen to Consumer : Midterm: B | Final: B+, VA2030 Drawing     : Midterm: C+ | Final: C+,  AS 2122 American People II   : Midterm: A | Final: A,spring 2018,   AS3632 History of U.S. Film : Midterm: A | Final: A,   AS3712 American Film Genres  : Midterm: B | Final: B+, VA2045 Introduction to Color     : Midterm: C+ | Final: C+,   EL 3010  Structure & Grammar of English  : Midterm: A | Final: A,fall  2018, AS3722 History of Mass Media   : Midterm: A | Final: A,   AS3732 Politics of Media  : Midterm: B | Final: B+,  AS3735 Documentary Media Studies    : Midterm: C+ | Final: C+,   VA2500 Art History I: 19th Century Art  : Midterm: A | Final: A,spring 2019,  AS3742 Myths and Images in Film  : Midterm: A | Final: A, AS3745 Feminine and Masculine in Film    : Midterm: B | Final: B+,  AS3810 Music and Media    : Midterm: C+ | Final: C+,    VA3100 Visual Culture : Midterm: A | Final: A,fall 2019,  AS3830 Public Relations and Society  : Midterm: A | Final: A,  AS3842 African-Americans and the Mass Media   : Midterm: B | Final: B+,    AS3852 Women and the Media  : Midterm: C+ | Final: C+, AS4160 Special Topics in Media Studies    : Midterm: A | Final: A,606b5915962b7170e065a16a,Full Time,700366416,Webb Gremain,kRuLRz,12/3/1998,66782 Reinke Hill,spring 2020,  AS4280 Global Media  : Midterm: A | Final: A,  AS4722 Film: Ideas and Aesthetics   : Midterm: B | Final: B+,  AS4725 The Photograph and American Culture    : Midterm: C+ | Final: C+,  AS4732 Political Film   : Midterm: A | Final: A,,0
eedgehillw@shutterfly.com,Chemistry,1,19,4,605ace98e864342e79d3b0fe,CP 2130  Principles of Chemistry II,9:40AM - 11:10AM,MW,Delta,276,Danella Billington,56986,1,19,4,605ace98e864342e79d3b394,MA3160 Linear Algebra,4:20PM - 5:50PM,MW,Iota,248,Roth Morcom,138043,,,,,,,,,,,,,,,,,,,,,,,Undergraduate - Freshman,fall 2020,  CP 2121Principles of Chemistry Lab I  : Midterm: A | Final: A,  EL 1000 English Comp I: Exposition   : Midterm: B | Final: B+, CP 4700  Physical Chemistry I: Midterm: B+ | Final: B+,  HI 2681 Intro to Europe Hist:1350-Present   : Midterm: A | Final: A,,,,,,,,,,,,,,,,,,,,,,,,,,,,,,,606b5915962b7170e065a16b,Part Time,700575167,Eddie Edgehill,ubxQhZSjk,4/14/1995,0 Northridge Court,,,,,,,0
cmacilhenchx@abc.net.au,Philosophy and Religion,6,14,4,605ace98e864342e79d3b13b,EL 2239 Horror Literature,8:00AM - 9:30AM,MW,Omega,270,Creighton Morphet,64489,1,19,4,605ace98e864342e79d3b436,VA2010 Intro. to Creative Thinking,2:40PM - 4:10PM,TR,Gamma,180,Erny Bluschke,157108,,,,,,,,,,,,,,,,,,,,,,,Undergraduate - Freshman,fall 2020,  HI1010 World Religions: West: Midterm: A | Final: A,  EL 1000 English Comp I: Exposition   : Midterm: B | Final: B+, HI1020 World Religions: East: Midterm:C+ | Final: B+,  HI 2681 Intro to Europe Hist:1350-Present   : Midterm: A | Final: B,,,,,,,,,,,,,,,,,,,,,,,,,,,,,,,606b5915962b7170e065a16c,Part Time,700331774,Charyl Macilhench,Rw52sl6K,10/8/1996,4 Huxley Alley,,,,,,,0
csimcoy@ebay.co.uk,Special Education and Childhood Education (1-6),2,18,4,605ace98e864342e79d3b436,VA2010 Intro. to Creative Thinking,2:40PM - 4:10PM,TR,Gamma,180,Erny Bluschke,157108,2,18,4,605ace98e864342e79d3b257,VA2020 Basic Design,1:00PM - 2:30PM,TR,Eta,211,Cariotta Gerrels,99175,2,18,4,605ace98e864342e79d3b259,VA2030 Drawing,8:00AM - 9:30AM,TR,Gamma,149,Ardyth Huyge,99298,7,13,4,605ace98e864342e79d3b13b,EL 2239 Horror Literature,8:00AM - 9:30AM,MW,Omega,270,Creighton Morphet,64489,Undergraduate - Freshman,fall 2020,  ED3700 Child Development : Midterm: A | Final: A,  EL 1000 English Comp I: Exposition   : Midterm: B | Final: B+,ED4121 Methods and Materials for Teaching Elementary Science Majors : East: Midterm:C+ | Final: B+,  HI 2681 Intro to Europe Hist:1350-Present   : Midterm: A | Final: B,,,,,,,,,,,,,,,,,,,,,,,,,,,,,,,606b5915962b7170e065a16d,Full Time,700868835,Cordie Simco,AvtStVV,11/3/1996,761 Texas Terrace,,,,,,,0
hglowinski10@deviantart.com,Management Information Systems,5,15,4,605ace98e864342e79d3b13d,EL 1000 English Comp I: Exposition,11:20AM - 12:50PM,MW,Delta,129,Christy Hartley,64366,3,17,4,605ace98e864342e79d3b436,VA2010 Intro. to Creative Thinking,2:40PM - 4:10PM,TR,Gamma,180,Erny Bluschke,157108,,,,,,,,,,,,,,,,,,,,,,,Undergraduate - Freshman,fall 2020,  CS 2510 Computer Programming I  : Midterm: A | Final: A,  MA2000 Applied Statistics   : Midterm: B | Final: B+,,,,,,,,,,,,,,,,,,,,,,,,,,,,,,,,,606b5915962b7170e065a16e,Part Time,700777142,Hardy Glowinski,NtOp8dGzjzR,4/4/1996,1767 Delladonna Parkway,,,,,,,0
carmandz@nps.gov,Adolescence Education: Social Studies (7-12),5,15,4,605ace98e864342e79d3b17a,AS 2122 American People II,11:20AM - 12:50PM,TR,Lambda,168,Fonz Doulden,71992,1,19,4,605ace98e864342e79d3b256,VA2010 Intro. to Creative Thinking,4:20PM - 5:50PM,MW,Delta,115,Erny Bluschke,99052,3,17,4,605ace98e864342e79d3b257,VA2020 Basic Design,1:00PM - 2:30PM,TR,Eta,211,Cariotta Gerrels,99175,2,18,4,605ace98e864342e79d3b42e,VA2030 Drawing,2:40PM - 4:10PM,MW,Gamma,288,Ardyth Huyge,157354,Undergraduate - Sophomore,fall 2019,   ED 6085 Mthd/Mtrls Teach Socl Stds MAT : Midterm: A | Final: A,  EL 1000 English Comp I: Exposition   : Midterm: B | Final: B+,  HI 2681 Intro to Europe Hist:1350-Present    : Midterm: C+ | Final: C+, VA2010 Intro. to Creative Thinking    : Midterm: A | Final: A,spring 2020, ED 6095 Literacy   : Midterm: A | Final: A, ED 6903 Student Teaching:Social Stds    : Midterm: B | Final: B+,  EL 2239 Horror Literature    : Midterm: C+ | Final: C+, AS 2112 American People I    : Midterm: A | Final: A,fall 2020,  HI 6510 Topics in US History  : Midterm: A | Final: A,    HI 6520 US Constitutional&Polticl Hist : Midterm: B | Final: B+,   HI 6540 Topics in European History   : Midterm: C+ | Final: C+, EL 3800 Eng Lit I:Beowulf-18th Century     : Midterm: A | Final: A,,,,,,,,,,,,,,,,,,,,,606b5915962b7170e065a16f,Full Time,700766815,Cosetta Armand,6R7zRS,10/30/1995,0 Northfield Plaza,,,,,,,0
ahuggens13@uiuc.edu,Sociology,1,19,4,605ace98e864342e79d3b418,SY3630 Political Sociology,2:40PM - 4:10PM,TR,Zeta,104,Roma Greenrde,154525,1,19,4,605ace98e864342e79d3b241,SY3280 Social Inequality,1:00PM - 2:30PM,MW,Delta,283,Hazel Salisbury,96346,,,,,,,,,,,,,,,,,,,,,,,Undergraduate - Sophomore,fall 2019, SY2400 Sociology Through the Arts   : Midterm: A | Final: A,  VA2020 Basic Design   : Midterm: B | Final: B+, EL 1000 English Comp I: Exposition      : Midterm: C+ | Final: C+, HI 2681 Intro to Europe Hist:1350-Present    : Midterm: A | Final: A,spring 2020,   SY2550 Social Problems : Midterm: A | Final: A,   SY2600 Social Deviance  : Midterm: B | Final: B+,    VA2030 Drawing  : Midterm: C+ | Final: B+,   EL 2239 Horror Literature  : Midterm: A | Final: A,fall 2020,   SY2800 Race : Midterm: A | Final: A,  SY3160 Sociology of Culture   : Midterm: B | Final: B+,   VA2045 Introduction to Color   : Midterm: C+ | Final: B+,  EL 3560  Literatures of Europe:Part I   : Midterm: A | Final: A,,,,,,,,,,,,,,,,,,,,,606b5915962b7170e065a170,Part Time,700117289,Ashby Huggens,X5P7f9hFnq,11/17/1998,5270 Twin Pines Alley,,,,,,,0
ffurnival12@weather.com,Adolescence Education: Biology (7-12),8,12,4,605ace98e864342e79d3b13b,EL 2239 Horror Literature,8:00AM - 9:30AM,MW,Omega,270,Creighton Morphet,64489,1,19,4,605ace98e864342e79d3b432,VA2500 Art History I: 19th Century Art,4:20PM - 5:50PM,TR,Omega,282,Price Cogar,157600,,,,,,,,,,,,,,,,,,,,,,,Undergraduate - Freshman,fall 2020, ED 6000 Foundations of Education   : Midterm: A | Final: A,  EL 1000 English Comp I: Exposition   : Midterm: B | Final: B+,   HI 2681 Intro to Europe Hist:1350-Present   : Midterm: C+ | Final: C+, VA2020 Basic Design    : Midterm: A | Final: A,,,,,,,,,,,,,,,,,,,,,,,,,,,,,,,606b5915962b7170e065a171,Full Time,700284353,Francesco Furnival,0L9Fkqz,2/7/1997,670 Mosinee Plaza,,,,,,,0
lkingsnod11@cam.ac.uk,Mathematics,1,19,4,605ace98e864342e79d3b11c,CS 2510 Computer Programming I,2:40PM - 4:10PM,MW,Kappa,164,Stella Jewess,59692,2,18,4,605ace98e864342e79d3b1d2,MA4100 Number Theory,8:00AM - 9:30AM,TR,Beta,191,Dyane MacLaughlin,80971,,,,,,,,,,,,,,,,,,,,,,,Undergraduate - Junior,fall 2018,  MA2310 Calculus and Analytic Geometry I  : Midterm: A | Final: A,  CS2510 Computer Programming I   : Midterm: B | Final: B+,   VA2020 Basic Design   : Midterm: C+ | Final: C+, EL 1000 English Comp I: Exposition     : Midterm: A | Final: A,spring 2019, MA2320 Calculus and Analytic Geometry II   : Midterm: A | Final: A,  VA2030 Drawing   : Midterm: B | Final: B+, EL 2239 Horror Literature      : Midterm: C+ | Final: C+, AS 2112 American People I    : Midterm: A | Final: A,fall 2019, MA3030 Discrete Mathematics   : Midterm: A | Final: A,   MA3160 Linear Algebra  : Midterm: B | Final: B+,  VA2045 Introduction to Color    : Midterm: C+ | Final: C+,  EL 3010  Structure & Grammar of English   : Midterm: A | Final: A,spring 2020, MA3210 Intro. To Probability & Statistics   : Midterm: A | Final: A,   MA3330 Calculus and Analytic Geometry III  : Midterm: B | Final: B+,  VA2500 Art History I: 19th Century Art    : Midterm: C+ | Final: C+, VA3100 Visual Culture    : Midterm: A | Final: A,fall  2020,  MA3520 Transition to Advanced Mathematics  : Midterm: A | Final: A,  MA4360 Differential Equations   : Midterm: B | Final: B+, MA5120 Abstract Algebra I     : Midterm: C+ | Final: C+,  MA5320 Advanced Calculus I   : Midterm: A | Final: A,,,,,,,,,,,606b5915962b7170e065a172,Part Time,700007773,Lonnard Kingsnod,30Bw43ePX,4/27/1998,40 Bunting Avenue,,,,,,,0
noheaney15@dot.gov,Business Administration,1,19,4,605ace98e864342e79d3b0f9,BU 4120  Global Business,6:00PM - 7:30PM,TR,Kappa,268,Bryna Puden,56125,1,19,4,605ace98e864342e79d3b0f5,BU 3502 Principles of Accounting I,4:20PM - 5:50PM,MW,Eta,187,Simon Hallt,55756,2,18,4,605ace98e864342e79d3b351,AS 2112 American People I,9:40AM - 11:10AM,MW,Theta,175,Emanuele Roles,129925,9,11,4,605ace98e864342e79d3b13b,EL 2239 Horror Literature,8:00AM - 9:30AM,MW,Omega,270,Creighton Morphet,64489,Undergraduate - Freshman,fall 2020, BU 3010 Information Systems for Managers   : Midterm: A | Final: A,  EL 1000 English Comp I: Exposition   : Midterm: B | Final: B+,   HI 2681 Intro to Europe Hist:1350-Present   : Midterm: C+ | Final: C+, VA2020 Basic Design    : Midterm: A | Final: A,,,,,,,,,,,,,,,,,,,,,,,,,,,,,,,606b5915962b7170e065a173,Full Time,700938098,Nomi O'Heaney,7FgHUKUVvK,7/9/1997,8 Summer Ridge Crossing,,,,,,,0
vmckim16@mapquest.com,Business Administration,10,10,4,605ace98e864342e79d3b13b,EL 2239 Horror Literature,8:00AM - 9:30AM,MW,Omega,270,Creighton Morphet,64489,3,17,4,605ace98e864342e79d3b351,AS 2112 American People I,9:40AM - 11:10AM,MW,Theta,175,Emanuele Roles,129925,2,18,4,605ace98e864342e79d3b0f5,BU 3502 Principles of Accounting I,4:20PM - 5:50PM,MW,Eta,187,Simon Hallt,55756,2,18,4,605ace98e864342e79d3b0f9,BU 4120  Global Business,6:00PM - 7:30PM,TR,Kappa,268,Bryna Puden,56125,Undergraduate - Freshman,fall 2020, BU 3010 Information Systems for Managers   : Midterm: C | Final: C,  EL 1000 English Comp I: Exposition   : Midterm: C | Final: B+,   HI 2681 Intro to Europe Hist:1350-Present   : Midterm: C+ | Final: C+, VA2020 Basic Design    : Midterm: A | Final: C,,,,,,,,,,,,,,,,,,,,,,,,,,,,,,,606b5915962b7170e065a174,Full Time,700849168,Valli McKim,poFRwfWM,12/29/1998,04477 Holmberg Crossing,,,,,,,0
ztamas17@slashdot.org,Politics & Economics & Law,,,,,,,,,,,,,,,,,,,,,,,,,,,,,,,,,,,,,,,,,,,,,Graduate,fall 2016, PE2300 Introduction to Law   : Midterm: A | Final: A,  EL 1000 English Comp I: Exposition   : Midterm: B | Final: B+,   HI 2681 Intro to Europe Hist:1350-Present   : Midterm: C+ | Final: C+, AS 2112 American People I    : Midterm: A | Final: A,spring 2017,   PE2650 Introduction to U.S. Politics : Midterm: A | Final: A,   EL 2239 Horror Literature  : Midterm: B | Final: B+, AS 2122 American People II     : Midterm: C+ | Final: C+, VA2010 Intro. to Creative Thinking    : Midterm: A | Final: A,fall 2017,  IR2210 Unions and Management: An Introduction  : Midterm: A | Final: A,  PE2220 Introduction to Urban Issues   : Midterm: B | Final: B+,   EL 3600 US Literature I   : Midterm: C+ | Final: C+,  VA2020 Basic Design   : Midterm: A | Final: A,spring 2018,  PE2400 Introduction to Political Economy  : Midterm: A | Final: A,  PE3100 International Relations   : Midterm: B | Final: B+,   VA2030 Drawing   : Midterm: C+ | Final: C+,  VA2045 Introduction to Color   : Midterm: A | Final: A,fall  2018, PE4320 Jurisprudence: Legal Thought   : Midterm: A | Final: A,    PE4470 History of Economic Thought : Midterm: B | Final: B+,  VA2500 Art History I: 19th Century Art    : Midterm: C+ | Final: C+,  VA3400 Digital Imaging   : Midterm: A | Final: A,spring 2019,  PE4620 Political and Social Thought  : Midterm: A | Final: A,   PE4580 Origins of the Capitalist Economy  : Midterm: B | Final: B+,   PE4590 Global Economy in the 20th Century   : Midterm: C+ | Final: C+,  PE 2650 Intro to U.S. Politics   : Midterm: A | Final: A,fall 2019, IR 2210 Unions & Management: An Intro   : Midterm: A | Final: A,  IR 3140 Unions & Public Policy   : Midterm: B | Final: B+, IR 3300 CollectiveBarg & GrievanceProc     : Midterm: C+ | Final: C+,  IR 4320 Labor & Employment Law   : Midterm: A | Final: A,606b5915962b7170e065a175,Full Time,700595861,Zara Tamas,TRqwuyeFnTj,1/1/1995,0 Waxwing Terrace,spring 2020, BU3600 Principles Business Law   : Midterm: A | Final: A,   IR 3415 Labor Economics  : Midterm: B | Final: B+,   IR 3860 Development of the Modern Corp   : Midterm: C+ | Final: C+, BU 5125  Business Ethics    : Midterm: A | Final: A,,0
eroblin14@spiegel.de,Accounting,1,19,4,605ace98e864342e79d3b26a,BU 4510   Intermediate Accounting II,1:00PM - 2:30PM,TR,Epsilon,254,Marc Saltman,101635,1,19,4,605ace98e864342e79d3b433,VA3200 Art Tutorials I,4:20PM - 5:50PM,MW,Omega,107,Ilsa Caven,157846,,,,,,,,,,,,,,,,,,,,,,,Undergraduate - Sophomore,fall 2019,  BU 3502Principles of Accounting I  : Midterm: A | Final: A,  EL 1000 English Comp I: Exposition   : Midterm: B | Final: B+,   HI 2681 Intro to Europe Hist:1350-Present   : Midterm: A | Final: A, VA2010 Intro. to Creative Thinking    : Midterm: A | Final: A,spring 2020, BU 3511Principles of Accounting II   : Midterm: A | Final: A,  EL 2239 Horror Literature   : Midterm: B | Final: B+, HI 3110 Latin American Culture     : Midterm: B+ | Final: B+,   VA2020 Basic Design  : Midterm: A | Final: A,fall 2020, BU 4500 Intermediate Accounting I   : Midterm: A | Final: A, EL 3010  Structure & Grammar of English    : Midterm: B | Final: B+,   HI 3640  African History   : Midterm: B+ | Final: B+,  VA2030 Drawing   : Midterm: A | Final: A,,,,,,,,,,,,,,,,,,,,,606b5915962b7170e065a176,Part Time,700246298,Elisa Roblin,PpTQtg6IdArK,10/12/1996,2 Walton Terrace,,,,,,,0
nshrubb18@simplemachines.org,Politics & Economics & Law),,,,,,,,,,,,,,,,,,,,,,,,,,,,,,,,,,,,,,,,,,,,,Graduate,fall 2016, PE2300 Introduction to Law   : Midterm: A | Final: A,  EL 1000 English Comp I: Exposition   : Midterm: B | Final: B+,   HI 2681 Intro to Europe Hist:1350-Present   : Midterm: C+ | Final: C+, AS 2112 American People I    : Midterm: A | Final: A,spring 2017,   PE2650 Introduction to U.S. Politics : Midterm: A | Final: A,   EL 2239 Horror Literature  : Midterm: B | Final: B+, AS 2122 American People II     : Midterm: C+ | Final: C+, VA2010 Intro. to Creative Thinking    : Midterm: A | Final: A,fall 2017,  IR2210 Unions and Management: An Introduction  : Midterm: A | Final: A,  PE2220 Introduction to Urban Issues   : Midterm: B | Final: B+,   EL 3600 US Literature I   : Midterm: B+ | Final: B+,  VA2020 Basic Design   : Midterm: A | Final: A,spring 2018,  PE2400 Introduction to Political Economy  : Midterm: A | Final: A,  PE3100 International Relations   : Midterm: B | Final: B+,   VA2030 Drawing   : Midterm: B+ | Final: B+,  VA2045 Introduction to Color   : Midterm: A | Final: A,fall  2018, PE4320 Jurisprudence: Legal Thought   : Midterm: A | Final: A,    PE4470 History of Economic Thought : Midterm: B | Final: B+,  VA2500 Art History I: 19th Century Art    : Midterm: B+ | Final: B+,  VA3400 Digital Imaging   : Midterm: A | Final: A,spring 2019,  PE4620 Political and Social Thought  : Midterm: A | Final: A,   PE4580 Origins of the Capitalist Economy  : Midterm: B | Final: B+,   PE4590 Global Economy in the 20th Century   : Midterm: B+ | Final: B+,  PE 2650 Intro to U.S. Politics   : Midterm: A | Final: A,fall 2019, IR 2210 Unions & Management: An Intro   : Midterm: A | Final: A,  IR 3140 Unions & Public Policy   : Midterm: B | Final: B+, IR 3300 CollectiveBarg & GrievanceProc     : Midterm: B+ | Final: B+,  IR 4320 Labor & Employment Law   : Midterm: A | Final: A,606b5915962b7170e065a177,Full Time,700380479,Nathalie Shrubb,hCcCMVgY,9/28/1995,46321 Holmberg Hill,spring 2020, BU3600 Principles Business Law   : Midterm: A | Final: A,   IR 3415 Labor Economics  : Midterm: B | Final: B+,   IR 3860 Development of the Modern Corp   : Midterm: B+ | Final: B+, BU 5125  Business Ethics    : Midterm: A | Final: A,,0
drivard19@ca.gov,Psychology,,,,,,,,,,,,,,,,,,,,,,,,,,,,,,,,,,,,,,,,,,,,,Graduate,fall 2016, PY2010 Introduction to Psychology: Midterm: A | Final: A,  EL 1000 English Comp I: Exposition   : Midterm: B | Final: B+,   HI 2681 Intro to Europe Hist:1350-Present   : Midterm: C+ | Final: C+, AS 2112 American People I    : Midterm: A | Final: A,spring 2017,   PY3110 Research Methods I: (Orientation): Midterm: A | Final: A,   EL 2239 Horror Literature  : Midterm: B | Final: B+, AS 2122 American People II     : Midterm: C+ | Final: C+, VA2010 Intro. to Creative Thinking    : Midterm: A | Final: A,fall 2017,  PY3120 Research Methods II: (Statistics)  : Midterm: A | Final: A,  PY4130 Field Experience and Research: Midterm: B | Final: B+,   EL 3600 US Literature I   : Midterm: B+ | Final: B+,  VA2020 Basic Design   : Midterm: A | Final: A,spring 2018,  PY4100 Research Methods III (Advanced Research Skills)  : Midterm: A | Final: A,  PY3410 Cognitive Psychology   : Midterm: B | Final: B+,   VA2030 Drawing   : Midterm: B+ | Final: B+,  VA2045 Introduction to Color   : Midterm: A | Final: A,fall  2018, PY3420 Learning & Motivation: Midterm: A | Final: A,    PY3610 Brain & Behavior: Midterm: B | Final: B+,  VA2500 Art History I: 19th Century Art    : Midterm: B+ | Final: B+,  VA3400 Digital Imaging   : Midterm: A | Final: A,spring 2019,  PY3620 Drugs & Behavior: Midterm: A | Final: A,   PY3215 Foundations of Child Development : Midterm: B | Final: B+,   PY3310 Abnormal Human Behavior   : Midterm: B+ | Final: B+,  PY3311 Theories of Personality   : Midterm: A | Final: A,fall 2019, PY3510 Social Psychology : Midterm: A | Final: A,  PY2340 Community Psychology: Midterm: B | Final: B+, PY2530 Psychology of Prejudice     : Midterm: B+ | Final: B+,  PY2720 Psychology of Gender   : Midterm: A | Final: A,606b5915962b7170e065a178,Full Time,700399847,Dawna Rivard,AzqMvvrOK8Gg,11/24/1998,8582 Lillian Avenue,spring 2020, PY3710 Psychology & Social Justice   : Midterm: A | Final: A,   PH 3600  Social Determinants of Health  : Midterm: B | Final: B+,   PH 3610 Intro.-U.S.Health Care System: Midterm: B+ | Final: B+, PH 5900 Research Methods: Midterm: A | Final: A,,0
skenwood1a@guardian.co.uk,Accounting,1,19,4,605ace98e864342e79d3b09b,BU 5520 Financial Accounting Research,8:00AM - 9:30AM,TR,Lambda,109,Kristoforo Hamil,44440,1,19,4,605ace98e864342e79d3b098,BU 5540 Advanced Accounting,1:00PM - 2:30PM,MW,Alpha,246,Rochell Glanton,44194,1,19,4,605ace98e864342e79d3b09a,BU 5550 Auditing,8:00AM - 9:30AM,TR,Delta,131,Sansone Roggeman,44317,1,19,4,605ace98e864342e79d3b096,BU 5525 International Accounting,2:40PM - 4:10PM,TR,Sigma,291,Sybille Sewart,44071,Undergraduate - Junior,fall 2018, BU 3502Principles of Accounting I: Midterm: A | Final: A,  EL 1000 English Comp I: Exposition   : Midterm: B | Final: B+,   HI 2681 Intro to Europe Hist:1350-Present   : Midterm: C+ | Final: C+, AS 2112 American People I    : Midterm: A | Final: A,spring 2019,   BU 3511Principles of Accounting II : Midterm: A | Final: A,   EL 2239 Horror Literature  : Midterm: B | Final: B+, AS 2122 American People II     : Midterm: C+ | Final: C+, VA2010 Intro. to Creative Thinking    : Midterm: A | Final: A,fall 2019,  BU 4500 Intermediate Accounting I  : Midterm: A | Final: A,  MA 2300 Calculus for Business & Economics : Midterm: B | Final: B+,   EL 3600 US Literature I   : Midterm: B+ | Final: B+,  VA2020 Basic Design   : Midterm: A | Final: A,spring 2020,BU 4510   Intermediate Accounting II : Midterm: A | Final: A,  BU 4570 Federal Income Tax I   : Midterm: B | Final: B+,   VA2030 Drawing   : Midterm: B+ | Final: B+,  VA2045 Introduction to Color   : Midterm: A | Final: A,fall  2020, BU 4590 Cost Accounting : Midterm: A | Final: A,    BU 5505 Essentials-Gov't&Non-ProfAcctg : Midterm: B | Final: B+,  VA2500 Art History I: 19th Century Art    : Midterm: B+ | Final: B+,  VA3400 Digital Imaging   : Midterm: A | Final: A,,,,,,,,,,,606b5915962b7170e065a179,Full Time,700698303,Sherwood Kenwood,1iAWGY,3/18/1996,545 Memorial Avenue,,,,,,,0
rleming1d@google.ca,Chemistry,1,19,4,605ace98e864342e79d3b260,VA2320 Graphic Design I,8:00AM - 9:30AM,MW,Eta,126,Kalle Jacomb,100405,1,19,4,605ace98e864342e79d3b103,CP 4710 Physical Chemistry II,2:40PM - 4:10PM,MW,Theta,211,Alaster Scroxton,57355,,,,,,,,,,,,,,,,,,,,,,,Undergraduate - Sophomore,fall 2019, CP 4700  Physical Chemistry I : Midterm: A | Final: A,  EL 1000 English Comp I: Exposition   : Midterm: B | Final: B+,   HI 2681 Intro to Europe Hist:1350-Present   : Midterm: A | Final: A, CP 2121Principles of Chemistry Lab I : Midterm: A | Final: A,spring 2020,   CP 2130  Principles of Chemistry II : Midterm: A | Final: A,   EL 2239 Horror Literature  : Midterm: B | Final: B+, AS 2122 American People II     : Midterm: B+ | Final: B+, VA2010 Intro. to Creative Thinking    : Midterm: A | Final: A,fall 2020,  CP 2240  General Physics I: Midterm: A | Final: A,  CP 2120 Principles of Chemistry I : Midterm: B | Final: B+,   EL 3600 US Literature I   : Midterm: B+ | Final: B+,  VA2020 Basic Design   : Midterm: A | Final: A,,,,,,,,,,,,,,,,,,,,,606b5915962b7170e065a17a,Part Time,700895173,Rhodie Leming,0ve9zQJ,10/19/1998,3604 Fallview Hill,,,,,,,0
sbeddall1b@zimbio.com,Accounting,1,19,4,605ace98e864342e79d3b0a1,BU 5115 Operations Management,6:00PM - 7:30PM,MW,Delta,145,Mary Lumber,45301,1,19,4,605ace98e864342e79d3b0a0,BU 4762 Financial Management I,4:20PM - 5:50PM,TR,Lambda,264,Galven Carless,45178,,,,,,,,,,,,,,,,,,,,,,,Undergraduate - Senior,fall 2017, BU 3502Principles of Accounting I: Midterm: A | Final: A,  EL 1000 English Comp I: Exposition   : Midterm: B | Final: B+,   HI 2681 Intro to Europe Hist:1350-Present   : Midterm: C+ | Final: C+, AS 2112 American People I    : Midterm: A | Final: A,spring 2018,   BU 3511Principles of Accounting II : Midterm: A | Final: A,   EL 2239 Horror Literature  : Midterm: B | Final: B+, AS 2122 American People II     : Midterm: C+ | Final: C+, VA2010 Intro. to Creative Thinking    : Midterm: A | Final: A,fall 2018,  BU 4500 Intermediate Accounting I  : Midterm: A | Final: A,  MA 2300 Calculus for Business & Economics : Midterm: B | Final: B+,   EL 3600 US Literature I   : Midterm: B+ | Final: B+,  VA2020 Basic Design   : Midterm: A | Final: A,spring 2019,BU 4510   Intermediate Accounting II : Midterm: A | Final: A,  BU 4570 Federal Income Tax I   : Midterm: B | Final: B+,   VA2030 Drawing   : Midterm: B+ | Final: B+,  VA2045 Introduction to Color   : Midterm: A | Final: A,fall  2019, BU 4590 Cost Accounting : Midterm: A | Final: A,    BU 5505 Essentials-Gov't&Non-ProfAcctg : Midterm: B | Final: B+,  VA2500 Art History I: 19th Century Art    : Midterm: B+ | Final: B+,  VA3400 Digital Imaging   : Midterm: A | Final: A,spring 2020,  BU 5525 International Accounting: Midterm: A | Final: A,   BU 5540 Advanced Accounting : Midterm: B | Final: B+,   BU 5550 Auditing   : Midterm: B+ | Final: B+,  BU 5520 Financial Accounting Research   : Midterm: A | Final: A,fall 2020, BU 3600  Principles of Business Law : Midterm: A | Final: A,  BU 3605 Intermediate Business Law : Midterm: B | Final: B+, BU 3610 Advanced Business Law    : Midterm: B+ | Final: B+,  BU 3800 Marketing Principles : Midterm: A | Final: A,606b5915962b7170e065a17b,Part Time,700693169,Silvie Beddall,LmYrS9Fe406k,1/1/1996,26 Village Green Street,,,,,,,0
aguillet1c@qq.com,Sociology,1,19,4,605ace98e864342e79d3b24f,SY3910 Sociology of Work,2:40PM - 4:10PM,MW,Iota,245,Kathryne Vasichev,97084,1,19,4,605ace98e864342e79d3b246,SY3900 Social Movements,1:00PM - 2:30PM,MW,Delta,221,Nissy Bloxsom,96961,1,19,4,605ace98e864342e79d3b245,SY3800 Race and Ethnicity,11:20AM - 12:50PM,MW,Omega,247,May Kiffin,96838,1,19,4,605ace98e864342e79d3b41e,SY3750 Medical Sociology,9:40AM - 11:10AM,MW,Zeta,223,Rayshell Buret,154771,Undergraduate - Junior,fall 2018, SY2400 Sociology Through the Arts : Midterm: A | Final: A,  EL 1000 English Comp I: Exposition   : Midterm: B | Final: B+,   HI 2681 Intro to Europe Hist:1350-Present   : Midterm: C+ | Final: C+, AS 2112 American People I    : Midterm: A | Final: A,spring 2019,   SY2550 Social Problems: Midterm: A | Final: A,   EL 2239 Horror Literature  : Midterm: B | Final: B+, AS 2122 American People II     : Midterm: C+ | Final: C+, VA2010 Intro. to Creative Thinking    : Midterm: A | Final: A,fall 2019,  SY2600 Social Deviance: Midterm: A | Final: A,  SY2800 Race : Midterm: B | Final: B+,   EL 3600 US Literature I   : Midterm: B+ | Final: B+,  VA2020 Basic Design   : Midterm: A | Final: A,spring 2020, SY3160 Sociology of Culture: Midterm: A | Final: A,  SY3280 Social Inequality: Midterm: B | Final: B+,   VA2030 Drawing   : Midterm: B+ | Final: B+,  VA2045 Introduction to Color   : Midterm: A | Final: A,fall  2020, SY3630 Political Sociology : Midterm: A | Final: A,    SY3700 Family and Society : Midterm: B | Final: B+,  VA2500 Art History I: 19th Century Art    : Midterm: B+ | Final: B+,  VA3400 Digital Imaging   : Midterm: A | Final: A,,,,,,,,,,,606b5915962b7170e065a17c,Full Time,700707789,Ashia Guillet,73hiaojz8,4/1/1998,2178 Mariners Cove Center,,,,,,,0
fcollingdon1e@com.com,Accounting,2,18,4,605ace98e864342e79d3b098,BU 5540 Advanced Accounting,1:00PM - 2:30PM,MW,Alpha,246,Rochell Glanton,44194,2,18,4,605ace98e864342e79d3b096,BU 5525 International Accounting,2:40PM - 4:10PM,TR,Sigma,291,Sybille Sewart,44071,,,,,,,,,,,,,,,,,,,,,,,Undergraduate - Junior,fall 2018, BU 3502Principles of Accounting I: Midterm: A | Final: A,  EL 1000 English Comp I: Exposition   : Midterm: B | Final: B+,   HI 2681 Intro to Europe Hist:1350-Present   : Midterm: B+ | Final: B+, AS 2112 American People I    : Midterm: A | Final: A,spring 2019,   BU 3511Principles of Accounting II : Midterm: A | Final: A,   EL 2239 Horror Literature  : Midterm: B | Final: B+, AS 2122 American People II     : Midterm: C+ | Final: B, VA2010 Intro. to Creative Thinking    : Midterm: A | Final: A,fall 2019,  BU 4500 Intermediate Accounting I  : Midterm: A | Final: A,  MA 2300 Calculus for Business & Economics : Midterm: B | Final: B+,   EL 3600 US Literature I   : Midterm: B+ | Final: B+,  VA2020 Basic Design   : Midterm: A | Final: A,spring 2020,BU 4510   Intermediate Accounting II : Midterm: A | Final: A,  BU 4570 Federal Income Tax I   : Midterm: B | Final: B+,   VA2030 Drawing   : Midterm: B+ | Final: B+,  VA2045 Introduction to Color   : Midterm: A | Final: A,fall  2020, BU 4590 Cost Accounting : Midterm: A | Final: A,    BU 5505 Essentials-Gov't&Non-ProfAcctg : Midterm: B | Final: B+,  VA2500 Art History I: 19th Century Art    : Midterm: B+ | Final: B+,  VA3400 Digital Imaging   : Midterm: A | Final: A,,,,,,,,,,,606b5915962b7170e065a17d,Part Time,700824160,Florian Collingdon,Zuwioci5M,5/21/1996,82 Buhler Junction,,,,,,,0
gcowope1g@xinhuanet.com,Marketing,1,19,4,605ace98e864342e79d3b276,BU 4762 Financial Management I,9:40AM - 11:10AM,TR,Sigma,119,Galven Carless,103234,1,19,4,605ace98e864342e79d3b158,BU 5190  Business Strategy & Policy,1:00PM - 2:30PM,TR,Alpha,153,Barbabra Kinnerk,67687,1,19,4,605ace98e864342e79d3b156,BU 5115  Operations Management,7:40PM - 9:10PM,TR,Lambda,297,Munroe Jozefowicz,67564,1,19,4,605ace98e864342e79d3b0f7,BU 4110 Organizational Behavior & Mgmt,2:40PM - 4:10PM,TR,Alpha,260,Giordano Anderbrugge,55879,Undergraduate - Sophomore,fall 2019, MA2300 Calculus for Business & Economics : Midterm: A | Final: A,  EL 1000 English Comp I: Exposition   : Midterm: B | Final: B+,   HI 2681 Intro to Europe Hist:1350-Present   : Midterm: B+ | Final: B+, AS 2112 American People I    : Midterm: A | Final: A,spring 2020,   BU3600 Principles Business Law : Midterm: A | Final: A,   EL 2239 Horror Literature  : Midterm: B | Final: B+, AS 2122 American People II     : Midterm: B+ | Final: B+, VA2010 Intro. to Creative Thinking    : Midterm: A | Final: A,fall 2020,  BU3800 Marketing: Principles & Concepts  : Midterm: A | Final: A,  BU3905 Business Communication : Midterm: B | Final: B+,   EL 3600 US Literature I   : Midterm: B+ | Final: B+,  VA2020 Basic Design   : Midterm: A | Final: A,,,,,,,,,,,,,,,,,,,,,606b5915962b7170e065a17e,Full Time,700509397,Giana Cowope,UfQPuPEzZIz,7/10/1997,55467 Pankratz Park,,,,,,,0
atabbitt1j@desdev.cn,Criminology,1,19,4,605ace98e864342e79d3b302,CR 2090  Juvenile Delinquency,9:40AM - 11:10AM,TR,Beta,244,Alaster Helder,120331,11,9,4,605ace98e864342e79d3b13b,EL 2239 Horror Literature,8:00AM - 9:30AM,MW,Omega,270,Creighton Morphet,64489,6,14,4,605ace98e864342e79d3b17a,AS 2122 American People II,11:20AM - 12:50PM,TR,Lambda,168,Fonz Doulden,71992,1,19,4,605ace98e864342e79d3b12a,SY 1500  Intro Sociology,11:20AM - 12:50PM,MW,Theta,247,Justina Mariot,62029,Undergraduate - Freshman,fall 2020, SY 1500  Intro Sociology : Midterm: A | Final: A,  EL 1000 English Comp I: Exposition   : Midterm: B | Final: B+,   HI 2681 Intro to Europe Hist:1350-Present   : Midterm: B+ | Final: B+, AS 2112 American People I    : Midterm: A | Final: A,,,,,,,,,,,,,,,,,,,,,,,,,,,,,,,606b5915962b7170e065a17f,Full Time,700277639,Alaric Tabbitt,1obOBmXS,6/11/1997,2 Gateway Place,,,,,,,0
xlow1k@mozilla.com,Criminology,12,8,4,605ace98e864342e79d3b13b,EL 2239 Horror Literature,8:00AM - 9:30AM,MW,Omega,270,Creighton Morphet,64489,7,13,4,605ace98e864342e79d3b17a,AS 2122 American People II,11:20AM - 12:50PM,TR,Lambda,168,Fonz Doulden,71992,,,,,,,,,,,,,,,,,,,,,,,Undergraduate - Freshman,fall 2020, CR 1500 Intro to Criminology : Midterm: A | Final: A,  EL 1000 English Comp I: Exposition   : Midterm: B | Final: B+,   HI 2681 Intro to Europe Hist:1350-Present   : Midterm: B+ | Final: B+, AS 2112 American People I    : Midterm: A | Final: A,,,,,,,,,,,,,,,,,,,,,,,,,,,,,,,606b5915962b7170e065a180,Part Time,700818890,Xaviera Low,p5MeTO6H,1/27/1997,588 Nobel Place,,,,,,,0
dbaddeley1h@blog.com,Marketing,,,,,,,,,,,,,,,,,,,,,,,,,,,,,,,,,,,,,,,,,,,,,Undergraduate - Junior,fall 2018, MA2300 Calculus for Business & Economics : Midterm: A | Final: A,  EL 1000 English Comp I: Exposition   : Midterm: B | Final: B+,   HI 2681 Intro to Europe Hist:1350-Present   : Midterm: B+ | Final: B+, AS 2112 American People I    : Midterm: A | Final: A,spring 2019,   BU3600 Principles Business Law : Midterm: A | Final: A,   EL 2239 Horror Literature  : Midterm: B | Final: B+, AS 2122 American People II     : Midterm: B+ | Final: B+, VA2010 Intro. to Creative Thinking    : Midterm: A | Final: A,fall 2019,  BU3800 Marketing: Principles & Concepts  : Midterm: A | Final: A,  BU3905 Business Communication : Midterm: B | Final: B+,   EL 3600 US Literature I   : Midterm: B+ | Final: B+,  VA2020 Basic Design   : Midterm: A | Final: A,spring 2020,  PY4100 Research Methods III (Advanced Research Skills)  : Midterm: A | Final: A,  PY3410 Cognitive Psychology   : Midterm: B | Final: B+,   VA2030 Drawing   : Midterm: B+ | Final: B+,  VA2045 Introduction to Color   : Midterm: A | Final: A,fall  2020, PY3420 Learning & Motivation: Midterm: A | Final: A,    PY3610 Brain & Behavior: Midterm: B | Final: B+,  VA2500 Art History I: 19th Century Art    : Midterm: B+ | Final: B+,  VA3400 Digital Imaging   : Midterm: A | Final: A,,,,,,,,,,,606b5915962b7170e065a181,Full Time,700465518,Darci Baddeley,DTQ7nbW,9/21/1995,8 Steensland Trail,,,,,,,0
gcathersides1m@prlog.org,Industrial and Labor Relations,1,19,4,605ace98e864342e79d3b261,VA2500 Art History I: 19th Century Art,7:40PM - 9:10PM,TR,Delta,259,Price Cogar,99544,2,18,4,605ace98e864342e79d3b433,VA3200 Art Tutorials I,4:20PM - 5:50PM,MW,Omega,107,Ilsa Caven,157846,,,,,,,,,,,,,,,,,,,,,,,Undergraduate - Sophomore,fall 2019, PE 2650 Intro to U.S. Politics : Midterm: A | Final: A,  EL 1000 English Comp I: Exposition   : Midterm: B | Final: B+,   HI 2681 Intro to Europe Hist:1350-Present   : Midterm: B+ | Final: B+, AS 2112 American People I    : Midterm: A | Final: A,spring 2020,   IR 2210 Unions & Management: An Intro : Midterm: A | Final: A,   EL 2239 Horror Literature  : Midterm: B | Final: B+, AS 2122 American People II     : Midterm: B+ | Final: B+, VA2010 Intro. to Creative Thinking    : Midterm: A | Final: A,fall 2020,  IR 3140 Unions & Public Policy : Midterm: A | Final: A,  IR 3300 CollectiveBarg & GrievanceProc : Midterm: B | Final: B+,   EL 3600 US Literature I   : Midterm: B+ | Final: B+,  VA2020 Basic Design   : Midterm: A | Final: A,,,,,,,,,,,,,,,,,,,,,606b5915962b7170e065a182,Part Time,700984959,Guillema Cathersides,SU6Fbvg7OQ6,3/3/1998,0158 Erie Parkway,,,,,,,0
njedrych1l@addtoany.com,Industrial and Labor Relations,,,,,,,,,,,,,,,,,,,,,,,,,,,,,,,,,,,,,,,,,,,,,Undergraduate - Senior,fall 2017, PE 2650 Intro to U.S. Politics : Midterm: A | Final: A,  EL 1000 English Comp I: Exposition   : Midterm: B | Final: B+,   HI 2681 Intro to Europe Hist:1350-Present   : Midterm: B+ | Final: B+, AS 2112 American People I    : Midterm: A | Final: A,spring 2018,   IR 2210 Unions & Management: An Intro : Midterm: A | Final: A,   EL 2239 Horror Literature  : Midterm: B | Final: B+, AS 2122 American People II     : Midterm: B+ | Final: B+, VA2010 Intro. to Creative Thinking    : Midterm: A | Final: A,fall 2018,  IR 3140 Unions & Public Policy : Midterm: A | Final: A,  IR 3300 CollectiveBarg & GrievanceProc : Midterm: B | Final: B+,   EL 3600 US Literature I   : Midterm: B+ | Final: B+,  VA2020 Basic Design   : Midterm: A | Final: A,spring 2019,  IR 4320 Labor & Employment Law: Midterm: A | Final: A,  IR 3330 Women : Midterm: B | Final: B+,   VA2030 Drawing   : Midterm: B+ | Final: B+,  VA2045 Introduction to Color   : Midterm: A | Final: A,fall  2019, IR 3415 Labor Economics: Midterm: A | Final: A,    IR 3860 Development of the Modern Corp : Midterm: B | Final: B+,  VA2500 Art History I: 19th Century Art    : Midterm: B+ | Final: B+,  VA3400 Digital Imaging   : Midterm: A | Final: A,spring 2020,  BU 5125  Business Ethics : Midterm: A | Final: A,   BU 5171  Human Resource management : Midterm: B | Final: B+,   HS 4770  Occupational Health : Midterm: B+ | Final: B+,  IR 3120  History:AmericanLaborRelations : Midterm: A | Final: A,fall 2020, IR 3260  Comparative Labor Relations: Midterm: A | Final: A,  IR 3500 Arbitration & Mediation : Midterm: B | Final: B+, IR 4200  Strategic Research/Organizers : Midterm: B+ | Final: B+,  IR 4600 Topics in Labor Studies : Midterm: A | Final: A,606b5915962b7170e065a183,Full Time,700159368,Natale Jedrych,xTvUaeWne60A,3/2/1997,752 Iowa Lane,,,,,,,0
odabbotdoyle1n@army.mil,Accounting,1,19,4,605ace98e864342e79d3b095,BU 4570 Federal Income Tax I,11:20AM - 12:50PM,MW,Beta,139,Torr Winkless,43702,2,18,4,605ace98e864342e79d3b26a,BU 4510   Intermediate Accounting II,1:00PM - 2:30PM,TR,Epsilon,254,Marc Saltman,101635,2,18,4,605ace98e864342e79d3b432,VA2500 Art History I: 19th Century Art,4:20PM - 5:50PM,TR,Omega,282,Price Cogar,157600,3,17,4,605ace98e864342e79d3b259,VA2030 Drawing,8:00AM - 9:30AM,TR,Gamma,149,Ardyth Huyge,99298,Undergraduate - Sophomore,fall 2019, BU 3502Principles of Accounting I : Midterm: A | Final: A,  EL 1000 English Comp I: Exposition   : Midterm: B | Final: B+,   HI 2681 Intro to Europe Hist:1350-Present   : Midterm: B+ | Final: B+, AS 2112 American People I    : Midterm: A | Final: A,spring 2020,BU 3511Principles of Accounting II : Midterm: A | Final: A,   EL 2239 Horror Literature  : Midterm: B | Final: B+, AS 2122 American People II     : Midterm: B+ | Final: B+, VA2010 Intro. to Creative Thinking    : Midterm: A | Final: A,fall 2020,BU 4500 Intermediate Accounting I : Midterm: A | Final: A,  MA 2300 Calculus for Business & Economics : Midterm: B | Final: B+,   EL 3600 US Literature I   : Midterm: B+ | Final: B+,  VA2020 Basic Design   : Midterm: A | Final: A,,,,,,,,,,,,,,,,,,,,,606b5915962b7170e065a184,Full Time,700216835,Olin D'Abbot-Doyle,UasWyFAcq,2/23/1995,17749 Doe Crossing Terrace,,,,,,,0
bmcbrady1f@cyberchimps.com,Health and Society,,,,,,,,,,,,,,,,,,,,,,,,,,,,,,,,,,,,,,,,,,,,,Graduate,fall 2016, BS 2100 Biology for Non-Science Majors : Midterm: A | Final: A,  EL 1000 English Comp I: Exposition   : Midterm: B | Final: B+,   HI 2681 Intro to Europe Hist:1350-Present   : Midterm: A  | Final: A , AS 2112 American People I    : Midterm: A | Final: A,spring 2017,   BS 2300  Anatomy&Physiology I Lecture : Midterm: A | Final: A,   EL 2239 Horror Literature  : Midterm: B | Final: B+, AS 2122 American People II     : Midterm: C+ | Final: B, VA2010 Intro. to Creative Thinking    : Midterm: A | Final: A,fall 2017,  BS 2310  Anatomy&Physiology II Lecture : Midterm: A | Final: A,  BS 2410  Basic Bio Sciences II : Midterm: B | Final: B+,   EL 3600 US Literature I   : Midterm: B+ | Final: B+,  VA2020 Basic Design   : Midterm: A | Final: A,spring 2018,  PH 3600  Social Determinants of Health : Midterm: A | Final: A,  PH 3610 Intro.-U.S.Health Care System   : Midterm: B | Final: B+,   VA2030 Drawing   : Midterm: B+ | Final: B+,  VA2045 Introduction to Color   : Midterm: A | Final: A,fall  2018, PH 4670 Biostatistics : Midterm: A | Final: A,    PH 4800 Epidemiology : Midterm: B | Final: B+,  VA2500 Art History I: 19th Century Art    : Midterm: B+ | Final: B+,  VA3400 Digital Imaging   : Midterm: A | Final: A,spring 2019,  PH 4900 Community Health Field Placmt : Midterm: A | Final: A,   PH 4450 Human Sexuality : Midterm: B | Final: B+,   PH 3200  Nutrition & Society   : Midterm: B+ | Final: B+,  PH 3700  Medical Anthropology   : Midterm: A | Final: A,fall 2019, PH 4600  Health Program Planning & Eval : Midterm: A | Final: A,  PH 4610 Women's Health : Midterm: B | Final: B+, PH 4631  Mental Health : Midterm: B+ | Final: B+,  PH 4661  Health Education   : Midterm: A | Final: A,606b5915962b7170e065a185,Full Time,700799912,Bink McBrady,M3EA7FBf74Q,3/11/1996,559 Schlimgen Circle,spring 2020, PH 4680 Environmental Health: Midterm: A | Final: A,   PH 4750  Aging & Social Policy: Midterm: B | Final: B+,   PH 4760  Health Administration: Midterm: B+ | Final: B+, HI 4650   History of African Enslavement : Midterm: A | Final: A,,0
scrosland1o@slate.com,Adolescence Education: Chemistry (7-12),6,14,4,605ace98e864342e79d3b352,AS 2122 American People II,4:20PM - 5:50PM,MW,Omega,124,Fonz Doulden,130048,13,7,4,605ace98e864342e79d3b13b,EL 2239 Horror Literature,8:00AM - 9:30AM,MW,Omega,270,Creighton Morphet,64489,4,16,4,605ace98e864342e79d3b259,VA2030 Drawing,8:00AM - 9:30AM,TR,Gamma,149,Ardyth Huyge,99298,3,17,4,605ace98e864342e79d3b432,VA2500 Art History I: 19th Century Art,4:20PM - 5:50PM,TR,Omega,282,Price Cogar,157600,Undergraduate - Freshman,fall 2020, CP 2120 Principles of Chemistry I: Midterm: A | Final: A,  EL 1000 English Comp I: Exposition   : Midterm: B | Final: B+,   HI 2681 Intro to Europe Hist:1350-Present   : Midterm: B+ | Final: B+, AS 2112 American People I    : Midterm: A | Final: A,,,,,,,,,,,,,,,,,,,,,,,,,,,,,,,606b5915962b7170e065a186,Full Time,700139207,Stanly Crosland,wbPLyA3HuLM,11/14/1995,5909 Elmside Court,,,,,,,0
relcox1r@bizjournals.com,Criminology,1,19,4,605ace98e864342e79d3b30b,CR 4999 Issues in Criminology,11:20AM - 12:50PM,TR,Kappa,120,Martyn Moisey,121438,1,19,4,605ace98e864342e79d3b132,CR 4099 Sociology of Violence,2:40PM - 4:10PM,TR,Alpha,104,Conant Pairpoint,63259,1,19,4,605ace98e864342e79d3b131,CR 4000 Gender,4:20PM - 5:50PM,TR,Theta,298,Trudey Nacci,63013,1,19,4,605ace98e864342e79d3b309,CR 4091 Punishment & Corrections,9:40AM - 11:10AM,MW,Alpha,129,Jenelle Caunter,121192,Undergraduate - Junior,fall 2018, SY 1500  Intro Sociology: Midterm: A | Final: A,  EL 1000 English Comp I: Exposition   : Midterm: B | Final: B+,   HI 2681 Intro to Europe Hist:1350-Present   : Midterm: C+ | Final: C+, AS 2112 American People I    : Midterm: A | Final: A,spring 2019,   CR 1500 Intro to Criminology : Midterm: A | Final: A,   EL 2239 Horror Literature  : Midterm: B | Final: B+, AS 2122 American People II     : Midterm: C+ | Final: C+, VA2010 Intro. to Creative Thinking    : Midterm: A | Final: A,fall 2019,  CR 2090  Juvenile Delinquency : Midterm: A | Final: A,  CR 3092 Victimology : Midterm: B | Final: B+,   EL 3600 US Literature I   : Midterm: B+ | Final: B+,  VA2020 Basic Design   : Midterm: A | Final: A,spring 2020,  CR 3093  Criminal Justice Admin : Midterm: A | Final: A,  CR 3094 Drugs and Society   : Midterm: B | Final: B+,   VA2030 Drawing   : Midterm: B+ | Final: B+,  VA2045 Introduction to Color   : Midterm: A | Final: A,fall  2020, CR 3117  Policing Bodies : Midterm: A | Final: A,    CR 3200  Crime : Midterm: B | Final: B+,  VA2500 Art History I: 19th Century Art    : Midterm: B+ | Final: B+,  VA3400 Digital Imaging   : Midterm: A | Final: A,,,,,,,,,,,606b5915962b7170e065a187,Full Time,700275478,Rusty Elcox,qCKSTLf,11/29/1997,8671 Kensington Terrace,,,,,,,0
lsore1i@shareasale.com,Health and Society,1,19,4,605ace98e864342e79d3b16a,PH 3200  Nutrition & Society,11:20AM - 12:50PM,MW,Iota,221,Dexter Jose,70024,1,19,4,605ace98e864342e79d3b33f,PH 5900 Research Methods,1:00PM - 2:30PM,TR,Alpha,253,Megen Twizell,127834,1,19,4,605ace98e864342e79d3b341,PH 4450 Human Sexuality,8:00AM - 9:30AM,MW,Omega,136,Clemmy Tohill,127957,1,19,4,605ace98e864342e79d3b33e,PH 4900 Community Health Field Placmt,9:40AM - 11:10AM,MW,Epsilon,139,Tandie Watmore,127711,Undergraduate - Junior,fall 2018, BS 2100 Biology for Non-Science Majors : Midterm: A | Final: A,  EL 1000 English Comp I: Exposition   : Midterm: B | Final: B+,   HI 2681 Intro to Europe Hist:1350-Present   : Midterm: B+ | Final: B+, AS 2112 American People I    : Midterm: A | Final: A,spring 2019,   BS 2300  Anatomy&Physiology I Lecture : Midterm: A | Final: A,   EL 2239 Horror Literature  : Midterm: B | Final: B+, AS 2122 American People II     : Midterm: B+ | Final: B+, VA2010 Intro. to Creative Thinking    : Midterm: A | Final: A,fall 2019,  BS 2310  Anatomy&Physiology II Lecture  : Midterm: A | Final: A,  BS 2410  Basic Bio Sciences II : Midterm: B | Final: B+,   EL 3600 US Literature I   : Midterm: B+ | Final: B+,  VA2020 Basic Design   : Midterm: A | Final: A,spring 2020,  PH 3600  Social Determinants of Health : Midterm: A | Final: A,  PH 3610 Intro.-U.S.Health Care System : Midterm: B | Final: B+,   VA2030 Drawing   : Midterm: B+ | Final: B+,  VA2045 Introduction to Color   : Midterm: A | Final: A,fall  2020, PH 4670 Biostatistics : Midterm: A | Final: A,    PH 4800 Epidemiology : Midterm: B | Final: B+,  VA2500 Art History I: 19th Century Art    : Midterm: B+ | Final: B+,  VA3400 Digital Imaging   : Midterm: A | Final: A,,,,,,,,,,,606b5915962b7170e065a188,Full Time,700344859,Lishe Sore,7u3zgIj5,8/31/1997,97975 Bobwhite Place,,,,,,,0
ritter1s@freewebs.com,Criminology,1,19,4,605ace98e864342e79d3b12e,CR 3094 Drugs and Society,11:20AM - 12:50PM,TR,Delta,203,Dwight Borrowman,62644,1,19,4,605ace98e864342e79d3b135,CR 3093  Criminal Justice Admin,4:20PM - 5:50PM,MW,Gamma,286,Lucila Grain,62521,,,,,,,,,,,,,,,,,,,,,,,Undergraduate - Sophomore,fall 2019, SY 1500  Intro Sociology: Midterm: A | Final: A,  EL 1000 English Comp I: Exposition   : Midterm: B | Final: B+,   HI 2681 Intro to Europe Hist:1350-Present   : Midterm: C+ | Final: C+, AS 2112 American People I    : Midterm: A | Final: A,spring 2020,   CR 1500 Intro to Criminology : Midterm: A | Final: A,   EL 2239 Horror Literature  : Midterm: B | Final: B+, AS 2122 American People II     : Midterm: C+ | Final: C+, VA2010 Intro. to Creative Thinking    : Midterm: A | Final: A,fall 2020,  CR 2090  Juvenile Delinquency : Midterm: A | Final: A,  CR 3092 Victimology : Midterm: B | Final: B+,   EL 3600 US Literature I   : Midterm: B+ | Final: B+,  VA2020 Basic Design   : Midterm: A | Final: A,,,,,,,,,,,,,,,,,,,,,606b5915962b7170e065a189,Part Time,700712027,Rabbi Itter,v0Synv,6/6/1998,366 Talisman Circle,,,,,,,0
camthor1q@surveymonkey.com,Industrial and Labor Relations,5,15,4,605ace98e864342e79d3b432,VA2500 Art History I: 19th Century Art,4:20PM - 5:50PM,TR,Omega,282,Price Cogar,157600,6,14,4,605ace98e864342e79d3b259,VA2030 Drawing,8:00AM - 9:30AM,TR,Gamma,149,Ardyth Huyge,99298,,,,,,,,,,,,,,,,,,,,,,,Undergraduate - Sophomore,fall 2019, PE 2650 Intro to U.S. Politics : Midterm: A | Final: A,  EL 1000 English Comp I: Exposition   : Midterm: B | Final: B+,   HI 2681 Intro to Europe Hist:1350-Present   : Midterm: B+ | Final: B+, AS 2112 American People I    : Midterm: A | Final: A,spring 2020, BU 3511Principles of Accounting II : Midterm: A | Final: A,   EL 2239 Horror Literature  : Midterm: B | Final: B+, AS 2122 American People II     : Midterm: B+ | Final: B+, VA2010 Intro. to Creative Thinking    : Midterm: A | Final: A,fall 2020, IR 2210 Unions & Management: An Intro : Midterm: A | Final: A,  MA 2300 Calculus for Business & Economics : Midterm: B | Final: B+,   EL 3600 US Literature I   : Midterm: B+ | Final: B+,  VA2020 Basic Design   : Midterm: A | Final: A,,,,,,,,,,,,,,,,,,,,,606b5915962b7170e065a18a,Full Time,700415243,Cassaundra Amthor,YU8LQo3q,3/25/1998,5 Arrowood Street,,,,,,,0
gdonizeau1t@xinhuanet.com,Adolescence Education: Chemistry (7-12),15,5,4,605ace98e864342e79d3b13b,EL 2239 Horror Literature,8:00AM - 9:30AM,MW,Omega,270,Creighton Morphet,64489,9,11,4,605ace98e864342e79d3b17a,AS 2122 American People II,11:20AM - 12:50PM,TR,Lambda,168,Fonz Doulden,71992,,,,,,,,,,,,,,,,,,,,,,,Undergraduate - Freshman,fall 2019, BS 2400 Basic Bio Sciences : Midterm: A | Final: A,  EL 1000 English Comp I: Exposition   : Midterm: B | Final: B+,   HI 2681 Intro to Europe Hist:1350-Present   : Midterm: C+ | Final: C+, AS 2112 American People I    : Midterm: A | Final: A,,,,,,,,,,,,,,,,,,,,,,,,,,,,,,,606b5915962b7170e065a18b,Full Time,700153803,Goldina Donizeau,8iZlZuvf,6/17/1995,468 Melby Street,,,,,,,0
acoffey1u@purevolume.com,Computer & Information Science,10,10,4,605ace98e864342e79d3b17a,AS 2122 American People II,11:20AM - 12:50PM,TR,Lambda,168,Fonz Doulden,71992,16,4,4,605ace98e864342e79d3b13b,EL 2239 Horror Literature,8:00AM - 9:30AM,MW,Omega,270,Creighton Morphet,64489,6,14,4,605ace98e864342e79d3b432,VA2500 Art History I: 19th Century Art,4:20PM - 5:50PM,TR,Omega,282,Price Cogar,157600,1,19,4,605ace98e864342e79d3b2ed,CS 2511 Computer Programming II,6:00PM - 7:30PM,TR,Epsilon,204,Elyssa Teulier,117871,Undergraduate - Freshman,fall 2020, CS 2510 Computer Programming I : Midterm: A | Final: A,  EL 1000 English Comp I: Exposition   : Midterm: B | Final: B+,   HI 2681 Intro to Europe Hist:1350-Present   : Midterm: B+ | Final: B+, AS 2112 American People I    : Midterm: A | Final: A,,,,,,,,,,,,,,,,,,,,,,,,,,,,,,,606b5915962b7170e065a18c,Full Time,700882311,Artus Coffey,28oiwUkgVcW,7/19/1998,776 Fremont Alley,,,,,,,0
amackintosh1v@webeden.co.uk,Adolescence Education: Biology (7-12),1,19,4,605ace98e864342e79d3b285,ED 6900 Student Teaching: Science,9:40AM - 11:10AM,MW,Lambda,208,Bruno Urpeth,104833,7,13,4,605ace98e864342e79d3b259,VA2030 Drawing,8:00AM - 9:30AM,TR,Gamma,149,Ardyth Huyge,99298,,,,,,,,,,,,,,,,,,,,,,,Undergraduate - Sophomore,fall 2019, ED 6000 Foundations of Education : Midterm: A | Final: A,  EL 1000 English Comp I: Exposition   : Midterm: B | Final: B+,   HI 2681 Intro to Europe Hist:1350-Present   : Midterm: B+ | Final: B+, AS 2112 American People I    : Midterm: A | Final: A,spring 2020,   ED 6001 Human Growth&Dvlpmnt MAT : Midterm: A | Final: A,   EL 2239 Horror Literature  : Midterm: B | Final: B+, AS 2122 American People II     : Midterm: C+ | Final: C+, VA2010 Intro. to Creative Thinking    : Midterm: A | Final: A,fall 2020,  ED 6002 Foundations of Literacy MAT : Midterm: A | Final: A,  ED 6003 The Exceptional Learner MAT : Midterm: B | Final: B+,   EL 3600 US Literature I   : Midterm: B+ | Final: B+,  VA2020 Basic Design   : Midterm: A | Final: A,,,,,,,,,,,,,,,,,,,,,606b5915962b7170e065a18d,Part Time,700107003,Andrei MacKintosh,n0bsWzDR,5/15/1995,3 Sachtjen Road,,,,,,,0
gmackleden1y@com.com,Childhood Education (1-6),1,19,4,605ace98e864342e79d3b116,ED3820 Foundations of Special Education,6:00PM - 7:30PM,TR,Omega,204,Calv Farbrother,58708,12,8,4,605ace98e864342e79d3b17a,AS 2122 American People II,11:20AM - 12:50PM,TR,Lambda,168,Fonz Doulden,71992,18,2,4,605ace98e864342e79d3b13b,EL 2239 Horror Literature,8:00AM - 9:30AM,MW,Omega,270,Creighton Morphet,64489,8,12,4,605ace98e864342e79d3b432,VA2500 Art History I: 19th Century Art,4:20PM - 5:50PM,TR,Omega,282,Price Cogar,157600,Undergraduate - Freshman,fall 2020, ED3700 Child Development for Teachers : Midterm: A | Final: A,  EL 1000 English Comp I: Exposition   : Midterm: B | Final: B+,   HI 2681 Intro to Europe Hist:1350-Present   : Midterm: B+ | Final: B+, AS 2112 American People I    : Midterm: A | Final: A,,,,,,,,,,,,,,,,,,,,,,,,,,,,,,,606b5915962b7170e065a18e,Full Time,700450100,Giffard Mackleden,2HA9jw52t,10/19/1998,86331 Northport Junction,,,,,,,0
gtetlow1x@twitpic.com,Media and Communications,1,19,4,605ace98e864342e79d3b3a6,AS2652 Media Studies,4:20PM - 5:50PM,MW,Alpha,280,Martainn Annott,140380,11,9,4,605ace98e864342e79d3b17a,AS 2122 American People II,11:20AM - 12:50PM,TR,Lambda,168,Fonz Doulden,71992,17,3,4,605ace98e864342e79d3b13b,EL 2239 Horror Literature,8:00AM - 9:30AM,MW,Omega,270,Creighton Morphet,64489,7,13,4,605ace98e864342e79d3b432,VA2500 Art History I: 19th Century Art,4:20PM - 5:50PM,TR,Omega,282,Price Cogar,157600,Undergraduate - Freshman,fall 2020, AS2020 New Media CE  : Midterm: A | Final: A,  EL 1000 English Comp I: Exposition   : Midterm: B | Final: B+,   HI 2681 Intro to Europe Hist:1350-Present   : Midterm: B+ | Final: B+, AS 2112 American People I    : Midterm: A | Final: A,,,,,,,,,,,,,,,,,,,,,,,,,,,,,,,606b5915962b7170e065a18f,Full Time,700775932,Glyn Tetlow,YipiCoYK,9/7/1998,1676 Hagan Court,,,,,,,0
agerardi1w@weibo.com,Health and Society,,,,,,,,,,,,,,,,,,,,,,,,,,,,,,,,,,,,,,,,,,,,,Graduate,fall 2016, BS 2100 Biology for Non-Science Majors : Midterm: A | Final: A,  EL 1000 English Comp I: Exposition   : Midterm: B | Final: B+,   HI 2681 Intro to Europe Hist:1350-Present   : Midterm: C+ | Final: C+, AS 2112 American People I    : Midterm: A | Final: A,spring 2017,BS 2300  Anatomy&Physiology I Lecture : Midterm: A | Final: A,   EL 2239 Horror Literature  : Midterm: B | Final: B+, AS 2122 American People II     : Midterm: C+ | Final: C+, VA2010 Intro. to Creative Thinking    : Midterm: A | Final: A,fall 2017,  BS 2310  Anatomy&Physiology II Lecture : Midterm: A | Final: A,BS 2410  Basic Bio Sciences II : Midterm: B | Final: B+,   EL 3600 US Literature I   : Midterm: B+ | Final: B+,  VA2020 Basic Design   : Midterm: A | Final: A,spring 2018,  PH 3600  Social Determinants of Health : Midterm: A | Final: A,  PH 3610 Intro.-U.S.Health Care System: Midterm: B | Final: B+,   VA2030 Drawing   : Midterm: B+ | Final: B+,  VA2045 Introduction to Color   : Midterm: A | Final: A,fall  2018, PH 4670 Biostatistics : Midterm: A | Final: A,    PH 4800 Epidemiology : Midterm: B | Final: B+,  VA2500 Art History I: 19th Century Art    : Midterm: B+ | Final: B+,  VA3400 Digital Imaging   : Midterm: A | Final: A,spring 2019,  PH 4900 Community Health Field Placmt : Midterm: A | Final: A,   PH 4450 Human Sexuality : Midterm: B | Final: B+,   PH 3700  Medical Anthropology : Midterm: B+ | Final: B+,  PH 4600  Health Program Planning & Eval  : Midterm: A | Final: A,fall 2019, PH 4610 Women's Health : Midterm: A | Final: A,  PY2340 Community Psychology: Midterm: B | Final: B+, PH 4631  Mental Health    : Midterm: B+ | Final: B+,  PH 4661  Health Education  : Midterm: A | Final: A,606b5915962b7170e065a190,Full Time,700305166,Ariela Gerardi,AcY0hMFBh,4/17/1996,05 Anthes Crossing,spring 2020, PH 4680 Environmental Health e   : Midterm: A | Final: A,   PH 4750  Aging & Social Policy : Midterm: B | Final: B+,   PH 4760  Health Administration : Midterm: B+ | Final: B+, PE 4690 Politics of Lat Amer/Caribbean : Midterm: A | Final: A,,0
ahaster20@kickstarter.com,Mathematics,1,19,4,605ace98e864342e79d3b3a7,MA5230 Mathematical Statistics,1:00PM - 2:30PM,MW,Zeta,172,Baxter Jillins,139642,2,18,4,605ace98e864342e79d3b11c,CS 2510 Computer Programming I,2:40PM - 4:10PM,MW,Kappa,164,Stella Jewess,59692,,,,,,,,,,,,,,,,,,,,,,,Undergraduate - Junior,fall 2018,   EL 1000 English Comp I: Exposition : Midterm: A | Final: A,   HI 3080   Asian Cultures  : Midterm: B | Final: B+,   MA2310 Calculus and Analytic Geometry I   : Midterm: B+ | Final: B+,  VA2010 Intro. to Creative Thinking  : Midterm: A | Final: A,spring 2019, EL 2239 Horror Literature    : Midterm: A | Final: A,  HI 3110 Latin American Culture   : Midterm: B | Final: B+,   MA2320 Calculus and Analytic Geometry II   : Midterm: B+ | Final: B+,  VA2020 Basic Design   : Midterm: A | Final: A,fall 2019, EL 3560  Literatures of Europe:Part I   : Midterm: A | Final: A,  HI 3835 Islamic Cultures    : Midterm: B | Final: B+,  MA3160 Linear Algebra    : Midterm: A | Final: A,   MA3210 Intro. To Probability & Statistics  : Midterm: A | Final: A,spring 2020,  MA3330 Calculus and Analytic Geometry III  : Midterm: A | Final: A,   MA3520 Transition to Advanced Mathematics  : Midterm: B | Final: B+,   VA2030 Drawing   : Midterm: B+ | Final: B+,   VA2045 Introduction to Color  : Midterm: A | Final: A,fall  2020,  MA4360 Differential Equations  : Midterm: A | Final: A,  MA5120 Abstract Algebra I   : Midterm: B | Final: B+,   VA2500 Art History I: 19th Century Art   : Midterm: A | Final: A,   VA3100 Visual Culture  : Midterm: A | Final: A,,,,,,,,,,,606b5915962b7170e065a191,Part Time,700523373,Aurea Haster,GhRMXb1cc,11/22/1995,13723 Schlimgen Lane,,,,,,,0
pfarnin1z@blogger.com,Politics & Economics & Law,,,,,,,,,,,,,,,,,,,,,,,,,,,,,,,,,,,,,,,,,,,,,Undergraduate - Senior,fall 2017, PE2300 Introduction to Law   : Midterm: A | Final: A,  EL 1000 English Comp I: Exposition   : Midterm: B | Final: B+,   HI 2681 Intro to Europe Hist:1350-Present   : Midterm: A | Final: A, AS 2112 American People I    : Midterm: A | Final: A,spring 2018,   PE2650 Introduction to U.S. Politics : Midterm: A | Final: A,   EL 2239 Horror Literature  : Midterm: B | Final: B+, AS 2122 American People II     : Midterm: A | Final: A, VA2010 Intro. to Creative Thinking    : Midterm: A | Final: A,fall 2018,  IR2210 Unions and Management: An Introduction  : Midterm: A | Final: A,  PE2220 Introduction to Urban Issues   : Midterm: B | Final: B+,   EL 3600 US Literature I   : Midterm: A | Final: A,  VA2020 Basic Design   : Midterm: A | Final: A,spring 2019,  PE2400 Introduction to Political Economy  : Midterm: A | Final: A,  PE3100 International Relations   : Midterm: B | Final: B+,   VA2030 Drawing   : Midterm: C+ | Final: B,  VA2045 Introduction to Color   : Midterm: A | Final: A,fall  2019, PE4320 Jurisprudence: Legal Thought   : Midterm: A | Final: A,    PE4470 History of Economic Thought : Midterm: B | Final: B+,  VA2500 Art History I: 19th Century Art    : Midterm: C+ | Final: B,  VA3400 Digital Imaging   : Midterm: A | Final: A,spring 2020,  PE4620 Political and Social Thought  : Midterm: A | Final: A,   PE4580 Origins of the Capitalist Economy  : Midterm: B | Final: B+,   PE4590 Global Economy in the 20th Century   : Midterm: C+ | Final: B,  PE 2650 Intro to U.S. Politics   : Midterm: A | Final: A,fall 2020, IR 2210 Unions & Management: An Intro   : Midterm: A | Final: A,  IR 3140 Unions & Public Policy   : Midterm: B | Final: B+, IR 3300 CollectiveBarg & GrievanceProc     : Midterm: C+ | Final: B+,  IR 4320 Labor & Employment Law   : Midterm: A | Final: A,606b5915962b7170e065a192,Full  Time,700012354,Peta Farnin,c68iDWX,7/8/1998,8 Hallows Road,,,,,,,0
meccott21@infoseek.co.jp,Marketing,1,19,4,605ace98e864342e79d3b0a4,BU 5190 Business Strategy & Policy,8:00AM - 9:30AM,TR,Theta,289,Jessy Garrity,45424,2,18,4,605ace98e864342e79d3b0a1,BU 5115 Operations Management,6:00PM - 7:30PM,MW,Delta,145,Mary Lumber,45301,,,,,,,,,,,,,,,,,,,,,,,Undergraduate - Junior,fall 2018, MA2300 Calculus for Business & Economics : Midterm: A | Final: A,  EL 1000 English Comp I: Exposition   : Midterm: B | Final: B+,   HI 2681 Intro to Europe Hist:1350-Present   : Midterm: B+ | Final: B+, AS 2112 American People I    : Midterm: A | Final: A,spring 2019,   BU3600 Principles Business Law : Midterm: A | Final: A,   EL 2239 Horror Literature  : Midterm: B | Final: B+, AS 2122 American People II     : Midterm: B+ | Final: B+, VA2010 Intro. to Creative Thinking    : Midterm: A | Final: A,fall 2019,  BU3800 Marketing: Principles & Concepts  : Midterm: A | Final: A,  BU3905 Business Communication : Midterm: B | Final: B+,   EL 3600 US Literature I   : Midterm: B+ | Final: B+,  VA2020 Basic Design   : Midterm: A | Final: A,spring 2020,  PY4100 Research Methods III (Advanced Research Skills)  : Midterm: A | Final: A,  PY3410 Cognitive Psychology   : Midterm: B | Final: B+,   VA2030 Drawing   : Midterm: B+ | Final: B+,  VA2045 Introduction to Color   : Midterm: A | Final: A,fall  2020, PY3420 Learning & Motivation: Midterm: A | Final: A,    PY3610 Brain & Behavior: Midterm: B | Final: B+,  VA2500 Art History I: 19th Century Art    : Midterm: B+ | Final: B+,  VA3400 Digital Imaging   : Midterm: A | Final: A,,,,,,,,,,,606b5915962b7170e065a193,Part Time,700474189,Merralee Eccott,SqBYOQ6UYTW,12/7/1996,82034 8th Drive,,,,,,,0
adubose22@newsvine.com,Biological Sciences,2,18,4,605ace98e864342e79d3b2bf,BS3510 Parasitology,2:40PM - 4:10PM,TR,Gamma,184,Claudius Prys,111967,1,19,4,605ace98e864342e79d3b0e5,BS3400 Vertebrate Physiology,8:00AM - 9:30AM,TR,Lambda,221,Faythe Megson,53665,,,,,,,,,,,,,,,,,,,,,,,Undergraduate - Sophomore,fall 2019,  VA2010 Intro. to Creative Thinking  : Midterm: A | Final: A, BS4460 Genetics  : Midterm: B | Final: B+, EL 1000 English Comp I: Exposition    : Midterm: A | Final: A,  BS4400 Cell Biology: Midterm: A | Final: A,spring 2020, VA2030 Drawing    : Midterm: A | Final: A,  VA2020 Basic Design   : Midterm: B | Final: B+, VA3400 Digital Imaging     : Midterm: B+ | Final: B+, BS4440 Evolution: Midterm: A | Final: A,fall 2020,  EL 2239 Horror Literature  : Midterm: A | Final: A,  AS 2112 American People I  : Midterm: B | Final: B+,  BS2490 Environmental Science  : Midterm: B+ | Final: B,  BS3450 Plant Biology : Midterm: A | Final: B,,,,,,,,,,,,,,,,,,,,,606b5915962b7170e065a194,Part Time,700864710,Adrianna Dubose,Z4wWH9UOv,5/20/1996,8 Coleman Park,,,,,,,0
tjessett23@usa.gov,Finance,3,17,4,605ace98e864342e79d3b096,BU 5525 International Accounting,2:40PM - 4:10PM,TR,Sigma,291,Sybille Sewart,44071,1,19,4,605ace98e864342e79d3b094,BU 4590 Cost Accounting,11:20AM - 12:50PM,TR,Gamma,267,Kameko Loisi,43825,,,,,,,,,,,,,,,,,,,,,,,Undergraduate - Senior,fall 2017, BU 3010 Info Systems For Mgrs : Midterm: A | Final: A,  EL 1000 English Comp I: Exposition   : Midterm: B | Final: B+,   HI 2681 Intro to Europe Hist:1350-Present   : Midterm: C+ | Final: C+, AS 2112 American People I    : Midterm: A | Final: A,spring 2018,  BU 3502Principles of Accounting I: Midterm: A | Final: A,   EL 2239 Horror Literature  : Midterm: B | Final: B+, AS 2122 American People II     : Midterm: C+ | Final: C+, VA2010 Intro. to Creative Thinking    : Midterm: A | Final: A,fall 2018, BU 3511 Principles of Accounting II : Midterm: A | Final: A,  BU 5190  Business Strategy & Policy : Midterm: B | Final: B+,   EL 3600 US Literature I   : Midterm: B+ | Final: B+,  VA2020 Basic Design   : Midterm: A | Final: A,spring 2019,BU 5771 Global Financial Markets : Midterm: A | Final: A,  BU 4720   Global Financial Markets : Midterm: B | Final: B+,   VA2030 Drawing   : Midterm: B+ | Final: B+,  VA2045 Introduction to Color   : Midterm: A | Final: A,fall  2019, BU 4774   Financial Markets & Inst : Midterm: A | Final: A,    PY3610 Brain & Behavior: Midterm: B | Final: B+,  VA2500 Art History I: 19th Century Art    : Midterm: B+ | Final: B+,  VA3400 Digital Imaging   : Midterm: A | Final: A,spring 2020,  BU 5740  Invest Mgmt & Securities Anal : Midterm: A | Final: A,BU 5710   Fin. Modeling & Forecasting : Midterm: B | Final: B+, BU 4500 Intermediate Accounting I  : Midterm: B+ | Final: B+,  BU 5789 Futures & Options Markets  : Midterm: A | Final: A,fall 2020, BU 5115  Operations Management : Midterm: A | Final: A,  BU 4510   Intermediate Accounting II: Midterm: B | Final: B+, BU 5760  Corporate Finance : Midterm: B+ | Final: B+,  BU 4570 Federal Income Tax I : Midterm: A | Final: A,606b5915962b7170e065a195,Part Time,700443890,Thadeus Jessett,nfCY9neXh3r4,9/12/1996,4330 Farragut Junction,,,,,,,0
gfitzharris1p@time.com,Biochemistry,8,12,4,605ace98e864342e79d3b17a,AS 2122 American People II,11:20AM - 12:50PM,TR,Lambda,168,Fonz Doulden,71992,14,6,4,605ace98e864342e79d3b13b,EL 2239 Horror Literature,8:00AM - 9:30AM,MW,Omega,270,Creighton Morphet,64489,5,15,4,605ace98e864342e79d3b259,VA2030 Drawing,8:00AM - 9:30AM,TR,Gamma,149,Ardyth Huyge,99298,4,16,4,605ace98e864342e79d3b432,VA2500 Art History I: 19th Century Art,4:20PM - 5:50PM,TR,Omega,282,Price Cogar,157600,Undergraduate - Freshman,fall 2020, CP 2120 Principles of Chemistry I: Midterm: A | Final: A,  EL 1000 English Comp I: Exposition   : Midterm: B | Final: B+,   HI 2681 Intro to Europe Hist:1350-Present   : Midterm: B+ | Final: B+, AS 2112 American People I    : Midterm: A | Final: A,,,,,,,,,,,,,,,,,,,,,,,,,,,,,,,606b5915962b7170e065a196,Full Time,700616748,Gwendolyn Fitzharris,lqeQaB,5/3/1996,460 Eastlawn Crossing,,,,,,,0
bdennison25@furl.net,Adolescence Education: Biology (7-12),3,17,4,605ace98e864342e79d3b433,VA3200 Art Tutorials I,4:20PM - 5:50PM,MW,Omega,107,Ilsa Caven,157846,2,18,4,605ace98e864342e79d3b260,VA2320 Graphic Design I,8:00AM - 9:30AM,MW,Eta,126,Kalle Jacomb,100405,2,18,4,605ace98e864342e79d3b285,ED 6900 Student Teaching: Science,9:40AM - 11:10AM,MW,Lambda,208,Bruno Urpeth,104833,1,19,4,605ace98e864342e79d3b0ad,CP 6560 Topics:Molecular Bio & BioChem,2:40PM - 4:10PM,TR,Kappa,131,Norry Bernardelli,46900,Undergraduate - Sophomore,fall 2019, ED 6000 Foundations of Education : Midterm: A | Final: A,  EL 1000 English Comp I: Exposition   : Midterm: B | Final: B+,   HI 2681 Intro to Europe Hist:1350-Present   : Midterm: B+ | Final: B+, AS 2112 American People I    : Midterm: A | Final: A,spring 2020,   ED 6001 Human Growth&Dvlpmnt MAT : Midterm: A | Final: A,   EL 2239 Horror Literature  : Midterm: B | Final: B+, AS 2122 American People II     : Midterm: B+ | Final: B+, VA2010 Intro. to Creative Thinking    : Midterm: A | Final: A,fall 2020,  ED 6002 Foundations of Literacy MAT : Midterm: A | Final: A,  ED 6003 The Exceptional Learner MAT : Midterm: B | Final: B+,   EL 3600 US Literature I   : Midterm: B+ | Final: B+,  VA2020 Basic Design   : Midterm: A | Final: A,,,,,,,,,,,,,,,,,,,,,606b5915962b7170e065a197,Full Time,700065383,Broderick Dennison,zu35uA,10/16/1997,08 Dayton Drive,,,,,,,0
alodovichi24@weebly.com,Media and Communications,1,19,4,605ace98e864342e79d3b3af,AS3745 Feminine and Masculine in Film,2:40PM - 4:10PM,TR,Iota,111,Kerry Harfoot,141487,1,19,4,605ace98e864342e79d3b3ae,AS3742 Myths and Images in Film,11:20AM - 12:50PM,MW,Delta,162,Elisha Keggins,141364,,,,,,,,,,,,,,,,,,,,,,,Undergraduate - Junior,fall 2018, AS2020 New Media CE   : Midterm: A | Final: A,   VA2010 Intro. to Creative Thinking  : Midterm: B | Final: B+, HI 2681 Intro to Europe Hist:1350-Present     : Midterm: B+ | Final: B, EL 1000 English Comp I: Exposition    : Midterm: A | Final: A,spring 2019, AS2652 Media Studies   : Midterm: A | Final: A,   VA2020 Basic Design  : Midterm: B | Final: B+,   AS 2112 American People I   : Midterm: B | Final: B, EL 2239 Horror Literature    : Midterm: A | Final: A,fall 2019,  AS2700 The Engaged Eye  : Midterm: A | Final: A,    AS3310 From Citizen to Consumer : Midterm: B | Final: B+, VA2030 Drawing     : Midterm: B+ | Final: B, VA2045 Introduction to Color  : Midterm: A | Final: A,spring 2020,   AS3632 History of U.S. Film : Midterm: A | Final: A,   AS3712 American Film Genres  : Midterm: B | Final: B+, AS 2122 American People II      : Midterm: B | Final: B,  VA2500 Art History I: 19th Century Art  : Midterm: A | Final: A,fall  2020, AS3722 History of Mass Media   : Midterm: A | Final: A,   AS3732 Politics of Media  : Midterm: B | Final: B+,  AS3735 Documentary Media Studies    : Midterm: B+ | Final: B,  EL 3010  Structure & Grammar of English  : Midterm: A | Final: A,,,,,,,,,,,606b5915962b7170e065a198,Part Time,700734847,Adrian Lodovichi,3Bm1KxW,7/7/1996,042 Bartelt Drive,,,,,,,0
oharflete27@microsoft.com,Business Administration,1,19,4,605ace98e864342e79d3b0ff,BU 4130 Entrepreneurship,9:40AM - 11:10AM,MW,Kappa,129,Monroe Wynter,56617,1,19,4,605ace98e864342e79d3b0fd,BU 4035 Web Sys & Electronic Commerce,2:40PM - 4:10PM,MW,Delta,239,Nert Gittose,56494,,,,,,,,,,,,,,,,,,,,,,,Undergraduate - Junior,fall 2018, BU 3010 Information Systems for Managers   : Midterm: A | Final: A,   BU 3502 Principles of Accounting I  : Midterm: B | Final: B+,   EL 1000 English Comp I: Exposition   : Midterm: A | Final: A,   AS 2112 American People I  : Midterm: A | Final: A,spring 2019,  MA 2300 Calc/Business & Economics  : Midterm: A | Final: A,   BU3600 Principles Business Law  : Midterm: B | Final: B+,   AS 2122 American People II   : Midterm: A | Final: A,   BU 3800 Marketing: Principles&Concepts  : Midterm: A | Final: A,fall 2019, BU 4110 Organizational Behavior & Mgmt   : Midterm: A | Final: A, BU 4120  Global Business    : Midterm: B | Final: B-,  EL 2239 Horror Literature    : Midterm: A | Final: A,  HI 2681 Intro to Europe Hist:1350-Present   : Midterm: A | Final: B,spring 2020,  EL 3600 US Literature I: Midterm: A | Final: B-,   HI 3640  African History  : Midterm: B | Final: B+,  VA2010 Intro. to Creative Thinking    : Midterm: B | Final: B,    VA2500 Art History I: 19th Century Art : Midterm: A | Final: B,fall  2020, BU 5171 Human Resource Management     : Midterm: A | Final: A,   BU 5196 Leadership  : Midterm: B | Final: B+, VA3100 Visual Culture     : Midterm: B+ | Final: B,   VA4460 Digital Animation  : Midterm: A | Final: A,,,,,,,,,,,606b5915962b7170e065a199,Part Time,700691248,Orin Harflete,MQiJzQ8,7/10/1995,9526 Loomis Trail,,,,,,,0
jdurrans26@yolasite.com,Industrial and Labor Relations,,,,,,,,,,,,,,,,,,,,,,,,,,,,,,,,,,,,,,,,,,,,,Graduate,fall 2017, PE 2650 Intro to U.S. Politics : Midterm: A | Final: A,  EL 1000 English Comp I: Exposition   : Midterm: B | Final: B+,   HI 2681 Intro to Europe Hist:1350-Present   : Midterm: B+ | Final: B+, AS 2112 American People I    : Midterm: A | Final: A,spring 2018,   IR 2210 Unions & Management: An Intro : Midterm: A | Final: A,   EL 2239 Horror Literature  : Midterm: B | Final: B+, AS 2122 American People II     : Midterm: B+ | Final: B+, VA2010 Intro. to Creative Thinking    : Midterm: A | Final: A,fall 2018,  IR 3140 Unions & Public Policy : Midterm: A | Final: A,  IR 3300 CollectiveBarg & GrievanceProc : Midterm: B | Final: B+,   EL 3600 US Literature I   : Midterm: B+ | Final: B+,  VA2020 Basic Design   : Midterm: A | Final: A,spring 2019,  IR 4320 Labor & Employment Law: Midterm: A | Final: A,  IR 3330 Women : Midterm: B | Final: B+,   VA2030 Drawing   : Midterm: B+ | Final: B+,  VA2045 Introduction to Color   : Midterm: A | Final: A,fall  2019, IR 3415 Labor Economics: Midterm: A | Final: A,    IR 3860 Development of the Modern Corp : Midterm: B | Final: B+,  VA2500 Art History I: 19th Century Art    : Midterm: B+ | Final: B+,  VA3400 Digital Imaging   : Midterm: A | Final: A,spring 2020,  BU 5125  Business Ethics : Midterm: A | Final: A,   BU 5171  Human Resource management : Midterm: B | Final: B+,   HS 4770  Occupational Health : Midterm: B+ | Final: B+,  IR 3120  History:AmericanLaborRelations : Midterm: A | Final: A,fall 2020, IR 3260  Comparative Labor Relations: Midterm: A | Final: A,  IR 3500 Arbitration & Mediation : Midterm: B | Final: B+, IR 4200  Strategic Research/Organizers : Midterm: B+ | Final: B+,  IR 4600 Topics in Labor Studies : Midterm: A | Final: A,606b5915962b7170e065a19a,Full Time,700618026,Jude Durrans,r8fqJNi,1/12/1998,05361 Jana Park,spring 2020, PE 4430  Health Economics : Midterm: A | Final: A, PE 2300 Introduction to Law: Midterm: B | Final: B+,   MA2300 Calculus for Business & Economics : Midterm: B+ | Final: B+, BU3600 Principles Business Law: Midterm: A | Final: A,,0
efilde28@prnewswire.com,Criminology,2,18,4,605ace98e864342e79d3b131,CR 4000 Gender,4:20PM - 5:50PM,TR,Theta,298,Trudey Nacci,63013,2,18,4,605ace98e864342e79d3b309,CR 4091 Punishment & Corrections,9:40AM - 11:10AM,MW,Alpha,129,Jenelle Caunter,121192,,,,,,,,,,,,,,,,,,,,,,,Undergraduate - Junior,fall 2018, SY 1500  Intro Sociology: Midterm: A | Final: A,  EL 1000 English Comp I: Exposition   : Midterm: B | Final: B+,   HI 2681 Intro to Europe Hist:1350-Present   : Midterm: B+ | Final: B+, AS 2112 American People I    : Midterm: A | Final: A,spring 2019,   CR 1500 Intro to Criminology : Midterm: A | Final: A,   EL 2239 Horror Literature  : Midterm: B | Final: B+, AS 2122 American People II     : Midterm: C+ | Final: B, VA2010 Intro. to Creative Thinking    : Midterm: A | Final: A,fall 2019,  CR 2090  Juvenile Delinquency : Midterm: A | Final: A,  CR 3092 Victimology : Midterm: B | Final: B+,   EL 3600 US Literature I   : Midterm: B+ | Final: B+,  VA2020 Basic Design   : Midterm: A | Final: A,spring 2020,  CR 3093  Criminal Justice Admin : Midterm: A | Final: A,  CR 3094 Drugs and Society   : Midterm: B | Final: B+,   VA2030 Drawing   : Midterm: B+ | Final: B+,  VA2045 Introduction to Color   : Midterm: A | Final: A,fall  2020, CR 3117  Policing Bodies : Midterm: A | Final: A,    CR 3200  Crime : Midterm: B | Final: B+,  VA2500 Art History I: 19th Century Art    : Midterm: B+ | Final: B+,  VA3400 Digital Imaging   : Midterm: A | Final: A,,,,,,,,,,,606b5915962b7170e065a19b,Part Time,700386048,Elayne Filde,jL6BK4,8/28/1998,047 Moland Crossing,,,,,,,0
spinfold29@mtv.com,Psychology,,,,,,,,,,,,,,,,,,,,,,,,,,,,,,,,,,,,,,,,,,,,,Graduate,fall 2016, PY2010 Introduction to Psychology: Midterm: A | Final: A,  EL 1000 English Comp I: Exposition   : Midterm: B | Final: B+,   HI 2681 Intro to Europe Hist:1350-Present   : Midterm: C+ | Final: B, AS 2112 American People I    : Midterm: A | Final: A,spring 2017,   PY3110 Research Methods I: (Orientation): Midterm: A | Final: A,   EL 2239 Horror Literature  : Midterm: B | Final: B+, AS 2122 American People II     : Midterm: A| Final: B, VA2010 Intro. to Creative Thinking    : Midterm: A | Final: A,fall 2017,  PY3120 Research Methods II: (Statistics)  : Midterm: A | Final: A,  PY4130 Field Experience and Research: Midterm: B | Final: B,   EL 3600 US Literature I   : Midterm: B+ | Final: B+,  VA2020 Basic Design   : Midterm: A | Final: A,spring 2018,  PY4100 Research Methods III (Advanced Research Skills)  : Midterm: A | Final: A,  PY3410 Cognitive Psychology   : Midterm: B | Final: B+,   Drawing  VA2500 Art History I: 19th Century Art : Midterm: B+ | Final: B+,  VA2045 Introduction to Color   : Midterm: A | Final: A,fall  2018, PY3420 Learning & Motivation: Midterm: A | Final: A,    PY3610 Brain & Behavior: Midterm: B | Final: B+,  VA2030   : Midterm: B+ | Final: B+,  VA3400 Digital Imaging   : Midterm: A | Final: A,spring 2019,  PY3620 Drugs & Behavior: Midterm: A | Final: A,   PY3215 Foundations of Child Development : Midterm: B | Final: B+,   PY3310 Abnormal Human Behavior   : Midterm: B+ | Final: B+,  PY3311 Theories of Personality   : Midterm: A | Final: A,fall 2019, PY3510 Social Psychology : Midterm: A | Final: A,  PY2340 Community Psychology: Midterm: B | Final: B+, PY2530 Psychology of Prejudice     : Midterm: B+ | Final: B+,  PY2720 Psychology of Gender   : Midterm: A | Final: A,606b5915962b7170e065a19c,Full Time,700699004,Sheba Pinfold,AiORP2RIJk,7/12/1997,9775 Brentwood Pass,spring 2020, PY3710 Psychology & Social Justice   : Midterm: A | Final: A,   PH 3600  Social Determinants of Health  : Midterm: B | Final: B+,   PH 3610 Intro.-U.S.Health Care System: Midterm: B+ | Final: B+, PH 5900 Research Methods: Midterm: A | Final: A,,0
ldenidge2b@stumbleupon.com,Industrial and Labor Relations,,,,,,,,,,,,,,,,,,,,,,,,,,,,,,,,,,,,,,,,,,,,,Undergraduate - Senior,fall 2017, PE 2650 Intro to U.S. Politics : Midterm: A | Final: A,  EL 1000 English Comp I: Exposition   : Midterm: B | Final: B+,   HI 2681 Intro to Europe Hist:1350-Present   : Midterm: B+ | Final: B+, AS 2112 American People I    : Midterm: A | Final: A,spring 2018,   IR 2210 Unions & Management: An Intro : Midterm: A | Final: A,   EL 2239 Horror Literature  : Midterm: B | Final: B+, AS 2122 American People II     : Midterm: B+ | Final: B+, VA2010 Intro. to Creative Thinking    : Midterm: A | Final: A,fall 2018,  IR 3140 Unions & Public Policy : Midterm: A | Final: A,  IR 3300 CollectiveBarg & GrievanceProc : Midterm: B | Final: B+,   EL 3600 US Literature I   : Midterm: B+ | Final: B+,  VA2020 Basic Design   : Midterm: A | Final: A,spring 2019,  IR 4320 Labor & Employment Law: Midterm: A | Final: A,  IR 3330 Women : Midterm: B | Final: B+,   VA2030 Drawing   : Midterm: B+ | Final: B+,  VA2045 Introduction to Color   : Midterm: A | Final: A,fall  2019, IR 3415 Labor Economics: Midterm: A | Final: A,    IR 3860 Development of the Modern Corp : Midterm: B | Final: B+,  VA2500 Art History I: 19th Century Art    : Midterm: B+ | Final: B+,  VA3400 Digital Imaging   : Midterm: A | Final: A,spring 2020,  BU 5125  Business Ethics : Midterm: A | Final: A,   BU 5171  Human Resource management : Midterm: B | Final: B+,   HS 4770  Occupational Health : Midterm: B+ | Final: B+,  IR 3120  History:AmericanLaborRelations : Midterm: A | Final: A,fall 2020, IR 3260  Comparative Labor Relations: Midterm: A | Final: A,  IR 3500 Arbitration & Mediation : Midterm: B | Final: B+, IR 4200  Strategic Research/Organizers : Midterm: B+ | Final: B+,  IR 4600 Topics in Labor Studies : Midterm: A | Final: A,606b5915962b7170e065a19d,Part Time,700894904,Lorenza Denidge,NwC6FsF,9/8/1996,94 Crowley Crossing,,,,,,,0
mtrillow2e@webs.com,Criminology,1,19,4,605ace98e864342e79d3b138,CR 4550 Theories of Crime,11:20AM - 12:50PM,MW,Gamma,166,Patty Fanning,64120,1,19,4,605ace98e864342e79d3b3df,PY2010 Introduction to Psychology,6:00PM - 7:30PM,MW,Gamma,300,Broddie Shord,147391,,,,,,,,,,,,,,,,,,,,,,,Undergraduate - Senior,,,,,,,,,,,,,,,,,,,,,,,,,,,,,,,,,,,,606b5915962b7170e065a19e,Part Time,700603331,Mortimer Trillow,u7EcoxJow,2/26/1998,926 Darwin Street,,,,,,,0
kbottoms2c@a8.net,History,13,7,4,605ace98e864342e79d3b17a,AS 2122 American People II,11:20AM - 12:50PM,TR,Lambda,168,Fonz Doulden,71992,19,1,4,605ace98e864342e79d3b13b,EL 2239 Horror Literature,8:00AM - 9:30AM,MW,Omega,270,Creighton Morphet,64489,9,11,4,605ace98e864342e79d3b432,VA2500 Art History I: 19th Century Art,4:20PM - 5:50PM,TR,Omega,282,Price Cogar,157600,8,12,4,605ace98e864342e79d3b259,VA2030 Drawing,8:00AM - 9:30AM,TR,Gamma,149,Ardyth Huyge,99298,Undergraduate - Freshman,fall 2020, ED3700 Child Development for Teachers : Midterm: A | Final: A,  EL 1000 English Comp I: Exposition   : Midterm: B | Final: B+,   HI 2681 Intro to Europe Hist:1350-Present   : Midterm: B+ | Final: B+, AS 2112 American People I    : Midterm: A | Final: A,,,,,,,,,,,,,,,,,,,,,,,,,,,,,,,606b5915962b7170e065a19f,Full Time,700457522,Keefe Bottoms,OHnnqzlD4,2/27/1995,13450 Talmadge Point,,,,,,,0
ddanet2f@storify.com,Adolescence Education: Chemistry (7-12),,,,,,,,,,,,,,,,,,,,,,,,,,,,,,,,,,,,,,,,,,,,,Graduate,,,,,,,,,,,,,,,,,,,,,,,,,,,,,,,,,,,,606b5915962b7170e065a1a0,Full Time,700160169,Doralynn Danet,YlO1gobdtnF6,8/11/1998,53697 Troy Crossing,,,,,,,0
gmatzel2g@altervista.org,Marketing,6,14,4,605ace98e864342e79d3b13d,EL 1000 English Comp I: Exposition,11:20AM - 12:50PM,MW,Delta,129,Christy Hartley,64366,10,10,4,605ace98e864342e79d3b432,VA2500 Art History I: 19th Century Art,4:20PM - 5:50PM,TR,Omega,282,Price Cogar,157600,,,,,,,,,,,,,,,,,,,,,,,Undergraduate - Freshman,,,,,,,,,,,,,,,,,,,,,,,,,,,,,,,,,,,,606b5915962b7170e065a1a1,Part Time,700372633,Glen Matzel,Bxwr7bGPwL,1/12/1998,2990 Morrow Lane,,,,,,,0
cbilovsky2d@moonfruit.com,Psychology,1,19,4,605ace98e864342e79d3b20d,PY3620 Drugs & Behavior,1:00PM - 2:30PM,TR,Lambda,190,Danielle Faivre,90319,1,19,4,605ace98e864342e79d3b20e,PY3610 Brain & Behavior,9:40AM - 11:10AM,MW,Delta,279,Beulah Elwell,90196,1,19,4,605ace98e864342e79d3b20f,PY3410 Cognitive Psychology,8:00AM - 9:30AM,MW,Eta,110,Valencia Morrish,89950,1,19,4,605ace98e864342e79d3b215,PY3420 Learning & Motivation,6:00PM - 7:30PM,TR,Kappa,141,Ravi Klarzynski,90073,Undergraduate - Sophomore,fall 2019, PY2010 Introduction to Psychology: Midterm: A | Final: A,  EL 1000 English Comp I: Exposition   : Midterm: B | Final: B+,   HI 2681 Intro to Europe Hist:1350-Present   : Midterm: B | Final: B, AS 2112 American People I    : Midterm: A | Final: A,spring 2020,   PY3110 Research Methods I: (Orientation): Midterm: A | Final: A,   EL 2239 Horror Literature  : Midterm: B | Final: B+, AS 2122 American People II     : Midterm: B | Final: B, VA2010 Intro. to Creative Thinking    : Midterm: A | Final: A,fall 2020,  PY3120 Research Methods II: (Statistics)  : Midterm: A | Final: A,  PY4130 Field Experience and Research: Midterm: B | Final: B+,   EL 3600 US Literature I   : Midterm: B+ | Final: B+,  VA2020 Basic Design   : Midterm: A | Final: A,,,,,,,,,,,,,,,,,,,,,606b5915962b7170e065a1a2,Full Time,700279540,Cosme Bilovsky,rimVH1PjTQq,5/6/1995,926 Hanson Point,,,,,,,0
rbedson2h@arizona.edu,Industrial and Labor Relations,,,,,,,,,,,,,,,,,,,,,,,,,,,,,,,,,,,,,,,,,,,,,Undergraduate - Junior,,,,,,,,,,,,,,,,,,,,,,,,,,,,,,,,,,,,606b5915962b7170e065a1a3,Full Time,700498697,Robby Bedson,1GaQCpH,4/29/1995,40 Thackeray Center,,,,,,,0
emillichap2i@slate.com,Mathematics,1,19,4,605ace98e864342e79d3b3a1,MA5380 Complex Analysis,2:40PM - 4:10PM,TR,Iota,183,Neysa Blanch,139765,1,19,4,605ace98e864342e79d3b1c9,MA5510 Topology,8:00AM - 9:30AM,MW,Iota,271,Moll Gracey,81832,,,,,,,,,,,,,,,,,,,,,,,Undergraduate - Senior,,,,,,,,,,,,,,,,,,,,,,,,,,,,,,,,,,,,606b5915962b7170e065a1a4,Part Time,700406798,Erin Millichap,vGchPd0r6Pb,4/28/1996,7 Buena Vista Street,,,,,,,0
ctinker2j@weibo.com,Mathematics,14,6,4,605ace98e864342e79d3b17a,AS 2122 American People II,11:20AM - 12:50PM,TR,Lambda,168,Fonz Doulden,71992,20,0,4,605ace98e864342e79d3b13b,EL 2239 Horror Literature,8:00AM - 9:30AM,MW,Omega,270,Creighton Morphet,64489,,,,,,,,,,,,,,,,,,,,,,,Undergraduate - Freshman,,,,,,,,,,,,,,,,,,,,,,,,,,,,,,,,,,,,606b5915962b7170e065a1a5,Part Time,700385630,Corbet Tinker,2e514ltE7H,9/7/1996,21544 Hagan Avenue,,,,,,,0
rgalloway2l@bigcartel.com,Adolescence Education: Mathematics (7-12),1,19,4,605ace98e864342e79d3b315,EL 2239 Horror Literature,8:00AM - 9:30AM,TR,Epsilon,105,Creighton Morphet,122545,10,10,4,605ace98e864342e79d3b259,VA2030 Drawing,8:00AM - 9:30AM,TR,Gamma,149,Ardyth Huyge,99298,16,4,4,605ace98e864342e79d3b17a,AS 2122 American People II,11:20AM - 12:50PM,TR,Lambda,168,Fonz Doulden,71992,1,19,4,605ace98e864342e79d3b292,ED 6094 Literacy,2:40PM - 4:10PM,TR,Theta,226,Jacklyn Wills,106063,Undergraduate - Freshman,fall 2020, SY 1500  Intro Sociology: Midterm: A | Final: A,  EL 1000 English Comp I: Exposition   : Midterm: B | Final: B+,   HI 2681 Intro to Europe Hist:1350-Present   : Midterm: C+ | Final: C+, AS 2112 American People I    : Midterm: A | Final: A,,,,,,,,,,,,,,,,,,,,,,,,,,,,,,,606b5915962b7170e065a1a6,Full Time,700340373,Reinwald Galloway,O0oZhBGOmTFl,10/30/1997,89439 Melrose Pass,,,,,,,0
blightfoot2m@multiply.com,Spanish Language,11,9,4,605ace98e864342e79d3b432,VA2500 Art History I: 19th Century Art,4:20PM - 5:50PM,TR,Omega,282,Price Cogar,157600,2,18,4,605ace98e864342e79d3b315,EL 2239 Horror Literature,8:00AM - 9:30AM,TR,Epsilon,105,Creighton Morphet,122545,,,,,,,,,,,,,,,,,,,,,,,Undergraduate - Freshman,fall 2020, ML2100 Intermediate Spanish Conversation I  : Midterm: A | Final: A,ML3100 Advanced Spanish Conversation and Composition : Midterm: B | Final: B+,   EL 1000 English Comp I: Exposition   : Midterm: A | Final: A,   AS 2112 American People I  : Midterm: A | Final: A,,,,,,,,,,,,,,,,,,,,,,,,,,,,,,,606b5915962b7170e065a1a7,Part Time,700341087,Barbaraanne Lightfoot,vzMaaaM,4/29/1997,76 Upham Avenue,,,,,,,0
mackrill2n@spiegel.de,Media and Communications,2,18,4,605ace98e864342e79d3b261,VA2500 Art History I: 19th Century Art,7:40PM - 9:10PM,TR,Delta,259,Price Cogar,99544,11,9,4,605ace98e864342e79d3b259,VA2030 Drawing,8:00AM - 9:30AM,TR,Gamma,149,Ardyth Huyge,99298,4,16,4,605ace98e864342e79d3b257,VA2020 Basic Design,1:00PM - 2:30PM,TR,Eta,211,Cariotta Gerrels,99175,2,18,4,605ace98e864342e79d3b256,VA2010 Intro. to Creative Thinking,4:20PM - 5:50PM,MW,Delta,115,Erny Bluschke,99052,Undergraduate - Freshman,fall 2020, AS2020 New Media CE  : Midterm: A | Final: A,  EL 1000 English Comp I: Exposition   : Midterm: B | Final: B+,   HI 4632 Japanese History Through Literature : Midterm: B+ | Final: B+, AS 2112 American People I    : Midterm: A | Final: A,,,,,,,,,,,,,,,,,,,,,,,,,,,,,,,606b5915962b7170e065a1a8,Full Time,700856305,Mozelle Ackrill,dxgVzcduOd,9/29/1995,407 Shoshone Court,,,,,,,0
fprahl2p@google.com.hk,Biological Sciences,12,8,4,605ace98e864342e79d3b259,VA2030 Drawing,8:00AM - 9:30AM,TR,Gamma,149,Ardyth Huyge,99298,2,18,4,605ace98e864342e79d3b25b,VA3200 Art Tutorials I,6:00PM - 7:30PM,TR,Beta,130,Ilsa Caven,99790,1,19,4,605ace98e864342e79d3b25a,VA2045 Introduction to Color,8:00AM - 9:30AM,MW,Iota,152,Bertine Ayliffe,99421,3,17,4,605ace98e864342e79d3b261,VA2500 Art History I: 19th Century Art,7:40PM - 9:10PM,TR,Delta,259,Price Cogar,99544,Undergraduate - Freshman,fall 2018, VA2020 Basic Design   : Midterm: A | Final: A,  EL 1000 English Comp I: Exposition   : Midterm: B | Final: B+,   HI 2681 Intro to Europe Hist:1350-Present   : Midterm: A | Final: A, AS 2112 American People I    : Midterm: A | Final: A,,,,,,,,,,,,,,,,,,,,,,,,,,,,,,,606b5915962b7170e065a1a9,Full Time,700810605,Farrand Prahl,Qj11pl,5/27/1997,3375 Susan Avenue,,,,,,,0
katrill2a@macromedia.com,Finance,4,16,4,605ace98e864342e79d3b096,BU 5525 International Accounting,2:40PM - 4:10PM,TR,Sigma,291,Sybille Sewart,44071,2,18,4,605ace98e864342e79d3b094,BU 4590 Cost Accounting,11:20AM - 12:50PM,TR,Gamma,267,Kameko Loisi,43825,,,,,,,,,,,,,,,,,,,,,,,Undergraduate - Senior,fall 2017, BU 3010 Info Systems For Mgrs : Midterm: A | Final: A,  EL 1000 English Comp I: Exposition   : Midterm: B | Final: B+,   HI 2681 Intro to Europe Hist:1350-Present   : Midterm: C+ | Final: C+, AS 2112 American People I    : Midterm: A | Final: A,spring 2018,  BU 3502Principles of Accounting I: Midterm: A | Final: A,   EL 2239 Horror Literature  : Midterm: B | Final: B+, AS 2122 American People II     : Midterm: C+ | Final: C+, VA2010 Intro. to Creative Thinking    : Midterm: A | Final: A,fall 2018, BU 3511 Principles of Accounting II : Midterm: A | Final: A,  BU 5190  Business Strategy & Policy : Midterm: B | Final: B+,   EL 3600 US Literature I   : Midterm: B+ | Final: B+,  VA2020 Basic Design   : Midterm: A | Final: A,spring 2019,BU 5771 Global Financial Markets : Midterm: A | Final: A,  BU 4720   Global Financial Markets : Midterm: B | Final: B+,   VA2030 Drawing   : Midterm: B+ | Final: B+,  VA2045 Introduction to Color   : Midterm: A | Final: A,fall  2019, BU 4774   Financial Markets & Inst : Midterm: A | Final: A,    PY3610 Brain & Behavior: Midterm: B | Final: B+,  VA2500 Art History I: 19th Century Art    : Midterm: B+ | Final: B+,  VA3400 Digital Imaging   : Midterm: A | Final: A,spring 2020,  BU 5740  Invest Mgmt & Securities Anal : Midterm: A | Final: A,BU 5710   Fin. Modeling & Forecasting : Midterm: B | Final: B+, BU 4500 Intermediate Accounting I  : Midterm: B+ | Final: B+,  BU 5789 Futures & Options Markets  : Midterm: A | Final: A,fall 2020, BU 5115  Operations Management : Midterm: A | Final: A,  BU 4510   Intermediate Accounting II: Midterm: B | Final: B+, BU 5760  Corporate Finance : Midterm: B+ | Final: B+,  BU 4570 Federal Income Tax I : Midterm: A | Final: A,606b5915962b7170e065a1aa,Full Time,700667431,Kelvin Atrill,6CUKqUdEMbBD,12/15/1996,53072 Lotheville Point,,,,,,,0
mkunes2o@tuttocitta.it,English,1,19,4,605ace98e864342e79d3b327,EL 4510  Modern Drama & Theatre,2:40PM - 4:10PM,TR,Omega,153,Ardenia Bedbury,124636,1,19,4,605ace98e864342e79d3b14c,EL 4402 Sin & Sexuality in Literature,4:20PM - 5:50PM,MW,Omega,238,Ilene Pauler,66334,,,,,,,,,,,,,,,,,,,,,,,Undergraduate - Senior,fall 2017,   EL 1000 English Comp I: Exposition : Midterm: A | Final: A,  HI 2681 Intro to Europe Hist:1350-Present   : Midterm: B | Final: B+,   VA2020 Basic Design   : Midterm: B+ | Final: B+,  VA2030 Drawing   : Midterm: A | Final: A,spring 2018, EL 2239 Horror Literature   : Midterm: A | Final: A,  AS 2112 American People I   : Midterm: B | Final: B+,    VA2045 Introduction to Color  : Midterm: B+ | Final: B+,    VA2500 Art History I: 19th Century Art : Midterm: A | Final: A,fall 2018, EL 3010  Structure & Grammar of English   : Midterm: A | Final: A,  EL 3500  Lit Across Cultures I:Analysis   : Midterm: B | Final: B+,   AS 2122 American People II   : Midterm: B+ | Final: B+,  VA3200 Art Tutorials I   : Midterm: A | Final: A,spring 2019,  EL 3510  Lit Across Cultures II:Theory  : Midterm: A | Final: A,   EL 3600 US Literature I  : Midterm: B | Final: B+,   VA4200 Art Tutorials II   : Midterm: B+ | Final: B+,   VA2320 Graphic Design I  : Midterm: A | Final: A,fall  2019, EL 4400  Critical Theory   : Midterm: A | Final: A,    EL 3610  US Literature II : Midterm: B | Final: B+, HI 4800  History of India     : Midterm: B+ | Final: B+,  EL 4311 Greek Drama    : Midterm: A | Final: A,spring 2020,  EL 3800 Eng Lit I:Beowulf-18th Century   : Midterm: A | Final: A,   EL 3810  Eng Lit II:Romantics - Present  : Midterm: B | Final: B+,  EL 4510  Modern Drama & Theatre    : Midterm: B+ | Final: B+, VA3100 Visual Culture    : Midterm: A | Final: A,fall 2020, EL 3560  Literatures of Europe:Part I   : Midterm: A | Final: A, EL 3950  Creative Non-Fiction: Midterm: B | Final: B+,   EL 4325 Shakespeare: Selected Plays   : Midterm: B | Final: B,  EL 4402 Sin & Sexuality in Literature   : Midterm: A | Final: A,606b5915962b7170e065a1ab,Full Time,700540476,Millicent Kunes,PF4YeqTttm,8/20/1997,71 Eggendart Junction,,,,,,,0
aprime2k@g.co,Accounting,15,5,4,605ace98e864342e79d3b17a,AS 2122 American People II,11:20AM - 12:50PM,TR,Lambda,168,Fonz Doulden,71992,9,11,4,605ace98e864342e79d3b259,VA2030 Drawing,8:00AM - 9:30AM,TR,Gamma,149,Ardyth Huyge,99298,,,,,,,,,,,,,,,,,,,,,,,Undergraduate - Freshman,,,,,,,,,,,,,,,,,,,,,,,,,,,,,,,,,,,,606b5915962b7170e065a1ac,Part Time,700641084,Arny Prime,MZ7Zi9oYqM,1/3/1996,2300 Warner Hill,,,,,,,0
ojorez2q@ifeng.com,History,1,19,4,605ace98e864342e79d3b187,HI 4001 19th Century,4:20PM - 5:50PM,TR,Theta,232,Celina Heigl,73468,1,19,4,605ace98e864342e79d3b184,HI 4905 Chinese Civilization,11:20AM - 12:50PM,MW,Gamma,287,Charlot Plaster,73222,1,19,4,605ace98e864342e79d3b188,HI 4011  20th Century,8:00AM - 9:30AM,TR,Epsilon,141,Chantalle Lambarton,73591,,,,,,,,,,,,Undergraduate - Junior,fall 2018,  EL 1000 English Comp I: Exposition  : Midterm: A | Final: A,   HI 2681 Intro to Europe Hist:1350-Present  : Midterm: B | Final: B+,   HI 3080   Asian Cultures: Midterm: B+ | Final: B+,  AS 2112 American People I   : Midterm: A | Final: A,spring 2019,  EL 2239 Horror Literature  : Midterm: A | Final: A,  AS 2122 American People II  : Midterm: B | Final: B+,  HI 3091 African Cultures    : Midterm: B | Final: B,   VA4460 Digital Animation  : Midterm: A | Final: A,fall 2019, EL 3810  Eng Lit II:Romantics - Present: Midterm: A | Final: A,  HI 3110 Latin American Culture : Midterm: B | Final: B+,  HI 3640  African History    : Midterm: B | Final: B,  VA2045 Introduction to Color    : Midterm: A | Final: A,spring 2020, HI 3835 Islamic Cultures   : Midterm: A | Final: A,   HI 4308 History Modern Middle East  : Midterm: B | Final: B+,   HI 4632 Japanese History Through Literature   : Midterm: A | Final: A+,  VA2500 Art History I: 19th Century Art   : Midterm: A | Final: A,fall  2020, HI 4800  History of India   : Midterm: A | Final: A,   HI 4900 Modern China-Study Abroad  : Midterm: B | Final: B+,  VA2045 Introduction to Color    : Midterm: A | Final: A,   VA2020 Basic Design  : Midterm: A | Final: A,,,,,,,,,,,606b5915962b7170e065a1ad,Full Time,700113391,Othilia Jorez,CBVnO6UjrE,1/12/1998,51 Moland Pass,,,,,,,0
bglentz2r@php.net,History,1,19,4,605ace98e864342e79d3b182,HI 4900 Modern China-Study Abroad,7:40PM - 9:10PM,TR,Sigma,169,Wallie Sainteau,73099,1,19,4,605ace98e864342e79d3b185,HI 4308 History Modern Middle East,9:40AM - 11:10AM,MW,Eta,110,Lothaire Denkin,72730,1,19,4,605ace98e864342e79d3b180,HI 3835 Islamic Cultures,9:40AM - 11:10AM,TR,Theta,287,Foss Rodda,72607,1,19,4,605ace98e864342e79d3b183,HI 4800  History of India,11:20AM - 12:50PM,TR,Beta,292,Chevalier Chstney,72976,Undergraduate - Sophomore,fall 2019,  EL 1000 English Comp I: Exposition  : Midterm: A | Final: A,   HI 2681 Intro to Europe Hist:1350-Present  : Midterm: A | Final: A,  HI 3080   Asian Cultures : Midterm: B+ | Final: B+,  AS 2112 American People I   : Midterm: A | Final: A,spring 2020,  EL 2239 Horror Literature  : Midterm: A | Final: A,  AS 2122 American People II  : Midterm: B | Final: B+,  HI 3091 African Cultures    : Midterm: B+ | Final: B+,   VA4460 Digital Animation  : Midterm: A | Final: A,fall 2020, EL 3810  Eng Lit II:Romantics - Present: Midterm: A | Final: A,  HI 3110 Latin American Culture : Midterm: B | Final: B+,  HI 3640  African History    : Midterm: B+ | Final: B+,  VA2045 Introduction to Color    : Midterm: A | Final: A,,,,,,,,,,,,,,,,,,,,,606b5915962b7170e065a1ae,Full Time,700166792,Bret Glentz,AKPoQMS,9/30/1997,433 Kropf Lane,,,,,,,0
amcdougle2v@bbb.org,Adolescence Education: Chemistry (7-12),5,15,4,605ace98e864342e79d3b257,VA2020 Basic Design,1:00PM - 2:30PM,TR,Eta,211,Cariotta Gerrels,99175,3,17,4,605ace98e864342e79d3b256,VA2010 Intro. to Creative Thinking,4:20PM - 5:50PM,MW,Delta,115,Erny Bluschke,99052,14,6,4,605ace98e864342e79d3b259,VA2030 Drawing,8:00AM - 9:30AM,TR,Gamma,149,Ardyth Huyge,99298,4,16,4,605ace98e864342e79d3b261,VA2500 Art History I: 19th Century Art,7:40PM - 9:10PM,TR,Delta,259,Price Cogar,99544,Undergraduate - Freshman,fall 2020, CP 2120 Principles of Chemistry I: Midterm: B | Final: B,  EL 1000 English Comp I: Exposition   : Midterm: B | Final: B+,   HI 2681 Intro to Europe Hist:1350-Present   : Midterm: B+ | Final: B+, AS 2112 American People I    : Midterm: A | Final: B+,,,,,,,,,,,,,,,,,,,,,,,,,,,,,,,606b5915962b7170e065a1af,Full Time,700363503,Arel McDougle,OmSw37drDFaz,1/29/1995,30 Arkansas Drive,,,,,,,0
bkentish2s@wp.com,Special Education and Childhood Education (1-6),,,,,,,,,,,,,,,,,,,,,,,,,,,,,,,,,,,,,,,,,,,,,Graduate,fall 2016,  ED3700 Child Development  I: Midterm: B | Final: B,   EL 1000 English Comp I: Exposition  : Midterm: A | Final: B+,   AS 2112 American People I   : Midterm: A | Final: A,  VA3200 Art Tutorials I   : Midterm: A | Final: A,spring 2017,   ED4121 Methods and Materials for Teaching Elementary Science Majors : Midterm: A | Final: A,   EL 2239 Horror Literature  : Midterm: B | Final: B+, VA2030 Drawing   : Midterm: B | Final: B, VA2010 Intro. to Creative Thinking    : Midterm: A | Final: A,fall 2017,  ED4122 Methods and Materials for Teaching Elementary Math Methods : Midterm: A | Final: A,  ED4850 Instructional Design & Delivery for Students with Disabilities : Midterm: B | Final: B+,   EL 3600 US Literature I   : Midterm: B+ | Final: B+,  VA2020 Basic Design   : Midterm: A | Final: A,spring 2018,  ED4300 Assessment and Evidence-based Decision Making in Special Education : Midterm: A | Final: A,  ED4810 Positive Behavior Supports and Interventions for Students with Disabilities  : Midterm: B | Final: B+,   VA2030 Drawing   : Midterm: B+ | Final: B+,  VA2045 Introduction to Color   : Midterm: A | Final: A,fall  2018, PY3420 Learning & Motivation: Midterm: A | Final: A,    PY3610 Brain & Behavior: Midterm: B | Final: B+,  VA2500 Art History I: 19th Century Art    : Midterm: B+ | Final: B+,  VA3400 Digital Imaging   : Midterm: A | Final: A,spring 2019,  ED4890 Effective Practices for Students with Low Incidence Disabilities : Midterm: A | Final: A,   ED5930 Internship: Meeting the Needs of Diverse Learners: Midterm: B | Final: B+,   ED5960 Student Teaching and Seminar : Midterm: B+ | Final: B+,  SY2400 Sociology Through the Arts : Midterm: A | Final: A,fall 2019, SY2550 Social Problems : Midterm: A | Final: A,  SY2600 Social Deviance : Midterm: B | Final: B+, PY2010 Introduction to Psychology   : Midterm: B+ | Final: B+,  PY3110 Research Methods I: (Orientation) : Midterm: A | Final: A,606b5915962b7170e065a1b0,Full Time,700920135,Belicia Kentish,CywiTGQjB,8/23/1996,93912 Havey Hill,spring 2020, PY3120 Research Methods II: (Statistics): Midterm: A | Final: A,   PY3215 Foundations of Child Development: Midterm: B | Final: B+,   PY4130 Field Experience and Research : Midterm: B+ | Final: B+, PY3410 Cognitive Psychology: Midterm: A | Final: A,,0
lconti2x@acquirethisname.com,Chemistry,1,19,4,605ace98e864342e79d3b106,CP 2251 General Physics II Lab,1:00PM - 2:30PM,TR,Alpha,273,Annabell Paradine,57970,1,19,4,605ace98e864342e79d3b2dd,CP 2250 General Physics II,2:40PM - 4:10PM,TR,Kappa,286,Gunter Gregor,115903,,,,,,,,,,,,,,,,,,,,,,,Undergraduate - Junior,fall 2017, CP 2121Principles of Chemistry Lab I   : Midterm: A | Final: A,   MA 3160  Linear Algebra  : Midterm: B | Final: B+,  EL 1000 English Comp I: Exposition    : Midterm: C+ | Final: C+,   HI 2681 Intro to Europe Hist:1350-Present  : Midterm: A | Final: A,spring 2018,  CP 2130  Principles of Chemistry II  : Midterm: A | Final: A, EL 2239 Horror Literature    : Midterm: B | Final: B+,   HI 3091 African Cultures   : Midterm: A | Final: A,  VA2020 Basic Design   : Midterm: A | Final: A,fall 2019,  CP 3302  Organic Chemistry Lab I  : Midterm: A | Final: A,  CP 4700  Physical Chemistry I   : Midterm: B | Final: B+,    MA 3330  Calc & Analyt Geometry III    : Midterm: A | Final: A,   CP 3300 Organic Chemistry I  : Midterm: A | Final: A,spring 2020,  CP 4710 Physical Chemistry II  : Midterm: A | Final: A,  CP 4720  Physical Chemistry Lab   : Midterm: B | Final: B+,  EL 3600 US Literature I  : Midterm: A | Final: A,  HI 4800  History of India   : Midterm: A | Final: A,fall  2020, CP 4800 Adv Chemical Methods: Lect/Lab   : Midterm: A | Final: A,  CP 2240  General Physics I   : Midterm: B | Final: B+,  VA2030 Drawing    : Midterm: A | Final: A,  VA2045 Introduction to Color   : Midterm: A | Final: A,,,,,,,,,,,606b5915962b7170e065a1b1,Part Time,700338643,Liana Conti,70YNjJdf,10/3/1996,1 Fremont Circle,,,,,,,0
cattrill2u@house.gov,Media and Communications,12,8,4,605ace98e864342e79d3b432,VA2500 Art History I: 19th Century Art,4:20PM - 5:50PM,TR,Omega,282,Price Cogar,157600,13,7,4,605ace98e864342e79d3b259,VA2030 Drawing,8:00AM - 9:30AM,TR,Gamma,149,Ardyth Huyge,99298,,,,,,,,,,,,,,,,,,,,,,,Undergraduate - Freshman,fall 2020, AS2020 New Media CE  : Midterm: A | Final: C+,  EL 1000 English Comp I: Exposition   : Midterm: B | Final: B+,   HI 4632 Japanese History Through Literature : Midterm: B+ | Final: B+, AS 2112 American People I    : Midterm: A | Final: A,,,,,,,,,,,,,,,,,,,,,,,,,,,,,,,606b5915962b7170e065a1b2,Part Time,700313214,Clemens Attrill,qd2CsRZh9,4/9/1998,51 Granby Crossing,,,,,,,0
edavidde2w@newsvine.com,Finance,,,,,,,,,,,,,,,,,,,,,,,,,,,,,,,,,,,,,,,,,,,,,Graduate,fall 2016, BU 3010 Info Systems For Mgrs : Midterm: A | Final: A,  EL 1000 English Comp I: Exposition   : Midterm: B | Final: B+,   HI 2681 Intro to Europe Hist:1350-Present   : Midterm: A | Final: A, AS 2112 American People I    : Midterm: A | Final: A,spring 2017,  BU 3502Principles of Accounting I: Midterm: A | Final: A,   EL 2239 Horror Literature  : Midterm: B | Final: B+, AS 2122 American People II     : Midterm: C+ | Final: B, VA2010 Intro. to Creative Thinking    : Midterm: A | Final: A,fall 2017, BU 3511 Principles of Accounting II : Midterm: A | Final: A,  BU 5190  Business Strategy & Policy : Midterm: B | Final: B+,   EL 3600 US Literature I   : Midterm: B+ | Final: B+,  VA2020 Basic Design   : Midterm: A | Final: A,spring 2018,BU 5771 Global Financial Markets : Midterm: A | Final: A,  BU 4720   Global Financial Markets : Midterm: B | Final: B+,   VA2030 Drawing   : Midterm: B+ | Final: B+,  VA2045 Introduction to Color   : Midterm: A | Final: A,fall  2018, BU 4774   Financial Markets & Inst : Midterm: A | Final: A,    PY3610 Brain & Behavior: Midterm: B | Final: B+,  VA2500 Art History I: 19th Century Art    : Midterm: B+ | Final: B+,  VA3400 Digital Imaging   : Midterm: A | Final: A,spring 2019,  BU 5740  Invest Mgmt & Securities Anal : Midterm: A | Final: A,BU 5710   Fin. Modeling & Forecasting : Midterm: B | Final: B+, BU 4500 Intermediate Accounting I  : Midterm: B+ | Final: B+,  BU 5789 Futures & Options Markets  : Midterm: A | Final: A,fall 2020, BU 5115  Operations Management : Midterm: A | Final: A,  BU 4510   Intermediate Accounting II: Midterm: B | Final: B+, BU 5760  Corporate Finance : Midterm: B+ | Final: B+,  BU 4570 Federal Income Tax I : Midterm: A | Final: A,606b5915962b7170e065a1b3,Full Time,700742235,Edita Davidde,cepFRYKH,8/26/1995,0936 Dennis Junction,spring 2020, BU 4590 Cost Accounting: Midterm: A | Final: A,   BU 5505 Essentials-Gov't&Non-ProfAcctg: Midterm: B | Final: B+,BU 5525 International Accounting : Midterm: B+ | Final: B+, EL 4510  Modern Drama & Theatre: Midterm: A | Final: A,,0
sduncan2y@livejournal.com,Business Administration,2,18,4,605ace98e864342e79d3b0ff,BU 4130 Entrepreneurship,9:40AM - 11:10AM,MW,Kappa,129,Monroe Wynter,56617,2,18,4,605ace98e864342e79d3b0fd,BU 4035 Web Sys & Electronic Commerce,2:40PM - 4:10PM,MW,Delta,239,Nert Gittose,56494,,,,,,,,,,,,,,,,,,,,,,,Undergraduate - Junior,fall 2018, BU 3010 Information Systems for Managers   : Midterm: A | Final: A,   BU 3502 Principles of Accounting I  : Midterm: B | Final: B+,   EL 1000 English Comp I: Exposition   : Midterm: A | Final: A,   AS 2112 American People I  : Midterm: A | Final: A,spring 2019,  MA 2300 Calc/Business & Economics  : Midterm: A | Final: A,   BU3600 Principles Business Law  : Midterm: B | Final: B+,   AS 2122 American People II   : Midterm: A | Final: A,   BU 3800 Marketing: Principles&Concepts  : Midterm: A | Final: A,fall 2019, BU 4110 Organizational Behavior & Mgmt   : Midterm: A | Final: A, BU 4120  Global Business    : Midterm: B | Final: B-,  EL 2239 Horror Literature    : Midterm: A | Final: A,  HI 2681 Intro to Europe Hist:1350-Present   : Midterm: A | Final: B,spring 2020,  EL 3600 US Literature I: Midterm: A | Final: B-,   HI 3640  African History  : Midterm: B | Final: B+,  VA2010 Intro. to Creative Thinking    : Midterm: B+ | Final: B,    VA2500 Art History I: 19th Century Art : Midterm: A | Final: B,fall  2020, BU 5171 Human Resource Management     : Midterm: A | Final: A,   BU 5196 Leadership  : Midterm: A | Final: A, VA3100 Visual Culture     : Midterm: B+ | Final: B,   VA4460 Digital Animation  : Midterm: A | Final: A,,,,,,,,,,,606b5915962b7170e065a1b4,Part Time,700714945,Stephani Duncan,VijoINhf,4/13/1996,3747 Melvin Junction,,,,,,,0
eseys30@cyberchimps.com,Industrial and Labor Relations,,,,,,,,,,,,,,,,,,,,,,,,,,,,,,,,,,,,,,,,,,,,,Graduate,fall 2017, PE 2650 Intro to U.S. Politics : Midterm: A | Final: A,  EL 1000 English Comp I: Exposition   : Midterm: B | Final: B+,   HI 2681 Intro to Europe Hist:1350-Present   : Midterm: B+ | Final: B+, AS 2112 American People I    : Midterm: A | Final: A,spring 2018,   IR 2210 Unions & Management: An Intro : Midterm: A | Final: A,   EL 2239 Horror Literature  : Midterm: B | Final: B+, AS 2122 American People II     : Midterm: B+ | Final: B+, VA2010 Intro. to Creative Thinking    : Midterm: A | Final: A,fall 2018,  IR 3140 Unions & Public Policy : Midterm: A | Final: A,  IR 3300 CollectiveBarg & GrievanceProc : Midterm: B | Final: B+,   EL 3600 US Literature I   : Midterm: B+ | Final: B+,  VA2020 Basic Design   : Midterm: A | Final: A,spring 2019,  IR 4320 Labor & Employment Law: Midterm: A | Final: A,  IR 3330 Women : Midterm: B | Final: B+,   VA2030 Drawing   : Midterm: B+ | Final: B+,  VA2045 Introduction to Color   : Midterm: A | Final: A,fall  2019, IR 3415 Labor Economics: Midterm: A | Final: A,    IR 3860 Development of the Modern Corp : Midterm: B | Final: B+,  VA2500 Art History I: 19th Century Art    : Midterm: B+ | Final: B+,  VA3400 Digital Imaging   : Midterm: A | Final: A,spring 2020,  BU 5125  Business Ethics : Midterm: A | Final: A,   BU 5171  Human Resource management : Midterm: B | Final: B+,   HS 4770  Occupational Health : Midterm: B+ | Final: B+,  IR 3120  History:AmericanLaborRelations : Midterm: A | Final: A,fall 2020, IR 3260  Comparative Labor Relations: Midterm: A | Final: A,  IR 3500 Arbitration & Mediation : Midterm: B | Final: B+, IR 4200  Strategic Research/Organizers : Midterm: B+ | Final: B+,  IR 4600 Topics in Labor Studies : Midterm: A | Final: A,606b5915962b7170e065a1b5,Part Time,700034136,Ermina Seys,FmTXx7b,3/6/1995,956 Derek Street,spring 2020, PE 4430  Health Economics : Midterm: A | Final: A,PE 2300 Introduction to Law: Midterm: B | Final: B+,   MA2300 Calculus for Business & Economics : Midterm: B+ | Final: B+, BU3600 Principles Business Law: Midterm: A | Final: A,,0
ruc2z@istockphoto.com,Politics & Economics & Law,,,,,,,,,,,,,,,,,,,,,,,,,,,,,,,,,,,,,,,,,,,,,Graduate,fall 2016, PE2300 Introduction to Law   : Midterm: A | Final: A,  EL 1000 English Comp I: Exposition   : Midterm: B | Final: B+,   HI 2681 Intro to Europe Hist:1350-Present   : Midterm: C+ | Final: C+, AS 2112 American People I    : Midterm: A | Final: A,spring 2017,   PE2650 Introduction to U.S. Politics : Midterm: A | Final: A,   EL 2239 Horror Literature  : Midterm: B | Final: B+, AS 2122 American People II     : Midterm: C+ | Final: C+, VA2010 Intro. to Creative Thinking    : Midterm: A | Final: A,fall 2017,  IR2210 Unions and Management: An Introduction  : Midterm: A | Final: A,  PE2220 Introduction to Urban Issues   : Midterm: B | Final: B+,   EL 3600 US Literature I   : Midterm: C+ | Final: C+,  VA2020 Basic Design   : Midterm: A | Final: A,spring 2018,  PE2400 Introduction to Political Economy  : Midterm: A | Final: A,  PE3100 International Relations   : Midterm: B | Final: B+,   VA2030 Drawing   : Midterm: C+ | Final: C+,  VA2045 Introduction to Color   : Midterm: A | Final: A,fall  2018, PE4320 Jurisprudence: Legal Thought   : Midterm: A | Final: A,    PE4470 History of Economic Thought : Midterm: B | Final: B+,  VA2500 Art History I: 19th Century Art    : Midterm: B+ | Final: B+,  VA3400 Digital Imaging   : Midterm: A | Final: A,spring 2019,  PE4620 Political and Social Thought  : Midterm: A | Final: A,   PE4580 Origins of the Capitalist Economy  : Midterm: B | Final: B+,   PE4590 Global Economy in the 20th Century   : Midterm: B+ | Final: B,  PE 2650 Intro to U.S. Politics   : Midterm: A | Final: A,fall 2019, IR 2210 Unions & Management: An Intro   : Midterm: A | Final: A,  IR 3140 Unions & Public Policy   : Midterm: B | Final: B+, IR 3300 CollectiveBarg & GrievanceProc     : Midterm: A+ | Final: A,  IR 4320 Labor & Employment Law   : Midterm: A | Final: A,606b5915962b7170e065a1b6,Full Time,700951876,Romonda Uc,q4x9sMryU5Qn,9/6/1998,4737 Mifflin Alley,spring 2020, BU3600 Principles Business Law   : Midterm: A | Final: A,   IR 3415 Labor Economics  : Midterm: B | Final: B+,   IR 3860 Development of the Modern Corp   : Midterm: A | Final: A, BU 5125  Business Ethics    : Midterm: A | Final: A,,0
bpionter2t@wordpress.com,Management Information Systems,1,19,4,605ace98e864342e79d3b115,CS 2511 Computer Programming II,2:40PM - 4:10PM,TR,Eta,252,Elyssa Teulier,59815,3,17,4,605ace98e864342e79d3b315,EL 2239 Horror Literature,8:00AM - 9:30AM,TR,Epsilon,105,Creighton Morphet,122545,,,,,,,,,,,,,,,,,,,,,,,Undergraduate - Freshman,fall 2017,CS 2510 Computer Programming I : Midterm: A | Final: A,EL 1000 English Comp I: Exposition: Midterm: A | Final: A, MA2000 Applied Statistics : Midterm: A | Final: B, VA2010 Intro. to Creative Thinking : Midterm: A | Final: B,,,,,,,,,,,,,,,,,,,,,,,,,,,,,,,606b5915962b7170e065a1b7,Part Time,700273461,Becca Pionter,mRYp5RJdQtr,7/16/1995,10280 Novick Point,,,,,,,0
crisdall31@wunderground.com,English,15,5,4,605ace98e864342e79d3b259,VA2030 Drawing,8:00AM - 9:30AM,TR,Gamma,149,Ardyth Huyge,99298,5,15,4,605ace98e864342e79d3b261,VA2500 Art History I: 19th Century Art,7:40PM - 9:10PM,TR,Delta,259,Price Cogar,99544,,,,,,,,,,,,,,,,,,,,,,,Undergraduate - Freshman,fall 2020,   EL 1000 English Comp I: Exposition : Midterm: A | Final: A,  HI 2681 Intro to Europe Hist:1350-Present   : Midterm: A | Final: A,   VA2020 Basic Design   : Midterm: A | Final: A,  VA2030 Drawing   : Midterm: A | Final: A,,,,,,,,,,,,,,,,,,,,,,,,,,,,,,,606b5915962b7170e065a1b8,Part Time,700045828,Corabelle Risdall,jl3rAESA,10/26/1996,55 8th Avenue,,,,,,,0
kfellowes34@intel.com,Sociology,2,18,4,605ace98e864342e79d3b418,SY3630 Political Sociology,2:40PM - 4:10PM,TR,Zeta,104,Roma Greenrde,154525,2,18,4,605ace98e864342e79d3b241,SY3280 Social Inequality,1:00PM - 2:30PM,MW,Delta,283,Hazel Salisbury,96346,,,,,,,,,,,,,,,,,,,,,,,Undergraduate - Sophomore,fall 2019, SY2400 Sociology Through the Arts   : Midterm: A | Final: A,  VA2020 Basic Design   : Midterm: B | Final: B+, EL 1000 English Comp I: Exposition      : Midterm: B | Final: B, VA2030 Drawing  : Midterm: A | Final: A,spring 2020,   SY2550 Social Problems : Midterm: A | Final: A,   SY2600 Social Deviance  : Midterm: B | Final: B+,    HI 2681 Intro to Europe Hist:1350-Present : Midterm: B | Final: B+,   EL 2239 Horror Literature  : Midterm: A | Final: A,fall 2020,   SY2800 Race : Midterm: A | Final: A,  SY3160 Sociology of Culture   : Midterm: B | Final: B+,   VA2045 Introduction to Color   : Midterm: B | Final: B+,  EL 3560  Literatures of Europe:Part I   : Midterm: A | Final: A,,,,,,,,,,,,,,,,,,,,,606b5915962b7170e065a1b9,Part Time,700148439,Kennan Fellowes,WU1rVGS,9/5/1995,6 Vera Street,,,,,,,0
tmcalroy36@ask.com,Business Administration,4,16,4,605ace98e864342e79d3b256,VA2010 Intro. to Creative Thinking,4:20PM - 5:50PM,MW,Delta,115,Erny Bluschke,99052,6,14,4,605ace98e864342e79d3b257,VA2020 Basic Design,1:00PM - 2:30PM,TR,Eta,211,Cariotta Gerrels,99175,6,14,4,605ace98e864342e79d3b261,VA2500 Art History I: 19th Century Art,7:40PM - 9:10PM,TR,Delta,259,Price Cogar,99544,16,4,4,605ace98e864342e79d3b259,VA2030 Drawing,8:00AM - 9:30AM,TR,Gamma,149,Ardyth Huyge,99298,Undergraduate - Freshman,fall 2018, BU 3010 Information Systems for Managers   : Midterm: A | Final: C+,   BU 3502 Principles of Accounting I  : Midterm: B | Final: C,   EL 1000 English Comp I: Exposition   : Midterm: A | Final: A,   AS 2112 American People I  : Midterm: A | Final: A,,,,,,,,,,,,,,,,,,,,,,,,,,,,,,,606b5915962b7170e065a1ba,Full Time,700553217,Trixy McAlroy,BHBfNBYyB,8/1/1996,6836 Banding Avenue,,,,,,,0
wcancellor33@soup.io,Adolescence Education: Mathematics (7-12),1,19,4,605ace98e864342e79d3b1bf,MA5320 Advanced Calculus I,2:40PM - 4:10PM,MW,Beta,229,Ardine Wixey,80725,3,17,4,605ace98e864342e79d3b1d2,MA4100 Number Theory,8:00AM - 9:30AM,TR,Beta,191,Dyane MacLaughlin,80971,1,19,4,605ace98e864342e79d3b1c5,MA4910 Operations Research I,7:40PM - 9:10PM,MW,Gamma,285,Viviyan Evenden,81340,2,18,4,605ace98e864342e79d3b3a7,MA5230 Mathematical Statistics,1:00PM - 2:30PM,MW,Zeta,172,Baxter Jillins,139642,Undergraduate - Junior,fall 2018, MA2310 Calculus and Analytic Geometry I: Midterm: A | Final: A,  EL 1000 English Comp I: Exposition   : Midterm: B | Final: B+,   HI 2681 Intro to Europe Hist:1350-Present   : Midterm: A | Final: A, AS 2112 American People I    : Midterm: A | Final: A,spring 2019,   MA2320 Calculus and Analytic Geometry II: Midterm: A | Final: A,   EL 2239 Horror Literature  : Midterm: B | Final: B+, AS 2122 American People II     : Midterm: B | Final: B+, VA2010 Intro. to Creative Thinking    : Midterm: A | Final: A,fall 2019,  MA3030 Discrete Mathematics: Midterm: A | Final: A,  MA3160 Linear Algebra: Midterm: B | Final: B+,   EL 3600 US Literature I   : Midterm: B+ | Final: B+,  VA2020 Basic Design   : Midterm: A | Final: A,spring 2020, MA3210 Intro. To Probability & Statistics: Midterm: A | Final: A, MA3330 Calculus and Analytic Geometry III  : Midterm: B | Final: B+,   VA2030 Drawing   : Midterm: B+ | Final: B+,  VA2045 Introduction to Color   : Midterm: A | Final: A,fall  2020, MA3520 Transition to Advanced Mathematics: Midterm: A | Final: A,    MA4360 Differential Equations : Midterm: B | Final: B+,  VA2500 Art History I: 19th Century Art    : Midterm: B+ | Final: B+,  VA3400 Digital Imaging   : Midterm: A | Final: A,,,,,,,,,,,606b5915962b7170e065a1bb,Full Time,700431294,Wilmette Cancellor,3ccpjGJ,1/9/1998,9 Anthes Lane,,,,,,,0
gquinell35@cbc.ca,Adolescence Education: Biology (7-12),,,,,,,,,,,,,,,,,,,,,,,,,,,,,,,,,,,,,,,,,,,,,Graduate,fall 2016, ED 6000 Foundations of Education : Midterm: A | Final: A,  EL 1000 English Comp I: Exposition   : Midterm: B | Final: B+,   HI 2681 Intro to Europe Hist:1350-Present   : Midterm: A | Final: A, AS 2112 American People I    : Midterm: A | Final: A,spring 2017,   ED 6001 Human Growth&Dvlpmnt MAT : Midterm: A | Final: A,   EL 2239 Horror Literature  : Midterm: B | Final: B+, AS 2122 American People II     : Midterm: A | Final: A, VA2010 Intro. to Creative Thinking    : Midterm: A | Final: A,fall 2017,  ED 6002 Foundations of Literacy MAT : Midterm: A | Final: A,  ED 6003 The Exceptional Learner MAT : Midterm: B | Final: B+,   EL 3600 US Literature I   : Midterm: B+ | Final: B+,  VA2020 Basic Design   : Midterm: A | Final: A,spring 2018,  ED 6900 Student Teaching: Science : Midterm: A | Final: A,  CP 6560 Topics:Molecular Bio & BioChem : Midterm: B | Final: B+,   VA2030 Drawing   : Midterm: B+ | Final: B+,  VA2045 Introduction to Color   : Midterm: A | Final: A,fall  2018, BS 6590 Topics: Environmental Science : Midterm: A | Final: A,    BS 6630  Developmental Biology/MAT : B | Final: B+,  VA2500 Art History I: 19th Century Art    : Midterm: B+ | Final: B+,  VA3400 Digital Imaging   : Midterm: A | Final: A,spring 2019,  ED 6092 Literacy : Midterm: A | Final: A,   ED 6250 Teachng Ntr&Dvlmnt Science MAT : Midterm: B | Final: B+,   BS4400 Cell Biology : Midterm: B+ | Final: B+,  BS4460 Genetics : Midterm: A | Final: A,fall 2019, BS4440 Evolution : Midterm: A | Final: A,  BS2490 Environmental Science : Midterm: B | Final: B+, BS3450 Plant Biology : Midterm: B+ | Final: B+,  BS3520 Comparative Anatomy : Midterm: A | Final: A,606b5915962b7170e065a1bc,Full Time,700648579,Georgetta Quinell,N8PJwJgiQq,6/12/1997,63 Linden Park,spring 2020, BS4400  Cell Biology : Midterm: A | Final: A,   BS4420  Microbiology : Midterm: B | Final: B+,   BS4430  Developmental Biology : Midterm: B+ | Final: B+, BS4470  Ecology : Midterm: A | Final: A,,0
tshreve37@e-recht24.de,Mathematics,1,19,4,605ace98e864342e79d3b39e,MA3520 Transition to Advanced Mathematics,2:40PM - 4:10PM,MW,Iota,240,Caldwell Dunkerley,138412,1,19,4,605ace98e864342e79d3b1bc,MA3330 Calculus and Analytic Geometry III,1:00PM - 2:30PM,TR,Lambda,273,Pam Nudd,80233,7,13,4,605ace98e864342e79d3b261,VA2500 Art History I: 19th Century Art,7:40PM - 9:10PM,TR,Delta,259,Price Cogar,99544,2,18,4,605ace98e864342e79d3b25a,VA2045 Introduction to Color,8:00AM - 9:30AM,MW,Iota,152,Bertine Ayliffe,99421,Undergraduate - Sophomore,fall 2019,   EL 1000 English Comp I: Exposition : Midterm: A | Final: A,   HI 3835 Islamic Cultures: Midterm: B | Final: B+,   MA2310 Calculus and Analytic Geometry I   : Midterm: B+ | Final: B+,  VA2010 Intro. to Creative Thinking  : Midterm: A | Final: A,spring 2020, EL 2239 Horror Literature    : Midterm: A | Final: A,  HI 3110 Latin American Culture   : Midterm: B | Final: B+,   MA2320 Calculus and Analytic Geometry II   : Midterm: B+ | Final: B+,  VA2020 Basic Design   : Midterm: A | Final: A,fall 2020, EL 3560  Literatures of Europe:Part I   : Midterm: A | Final: A,  HI 3080   Asian Cultures      : Midterm: B | Final: B+,  MA3160 Linear Algebra    : Midterm: B+ | Final: B+,   MA3210 Intro. To Probability & Statistics  : Midterm: A | Final: A,,,,,,,,,,,,,,,,,,,,,606b5915962b7170e065a1bd,Full Time,700585265,Tiffi Shreve,hjpMQBFsAQ,10/8/1995,1 Twin Pines Center,,,,,,,0
hfludgate3a@ifeng.com,Philosophy and Religion,3,17,4,605ace98e864342e79d3b25a,VA2045 Introduction to Color,8:00AM - 9:30AM,MW,Iota,152,Bertine Ayliffe,99421,8,12,4,605ace98e864342e79d3b261,VA2500 Art History I: 19th Century Art,7:40PM - 9:10PM,TR,Delta,259,Price Cogar,99544,,,,,,,,,,,,,,,,,,,,,,,Undergraduate - Freshman,fall 2018, HI1010 World Religions: West : Midterm: A | Final: A,    HI 2681 Intro to Europe Hist:1350-Present   : Midterm: A | Final: A ,,,,,,,,,,,,,,,,,,,,,,,,,,,,,,,,,606b5915962b7170e065a1be,Part Time,700442379,Hussein Fludgate,XI4Wz9,12/18/1995,80624 8th Street,,,,,,,0
bgamil39@army.mil,Childhood Education (1-6),1,19,4,605ace98e864342e79d3b113,ED4220 Language Arts in the Context of Childhood Education,8:00AM - 9:30AM,TR,Eta,198,Meade Armour,59446,1,19,4,605ace98e864342e79d3b112,ED4200 Literacy for All Students,8:00AM - 9:30AM,TR,Gamma,242,Alta Bramah,59323,1,19,4,605ace98e864342e79d3b111,ED4122 Methods & Materials of Teaching Elementary Math Methods,6:00PM - 7:30PM,MW,Alpha,257,Thebault Grebert,59200,1,19,4,605ace98e864342e79d3b2e8,ED4121 Methods & Materials of Teaching Elementary Science Methods,1:00PM - 2:30PM,TR,Lambda,145,Katerine Munkley,117133,Undergraduate - Sophomore,fall 2019, ED3700 Child Development for Teachers : Midterm: A | Final: A,  EL 1000 English Comp I: Exposition   : Midterm: B | Final: B+,   VA2010 Intro. to Creative Thinking : Midterm: B+ | Final: B+, AS 2112 American People I    : Midterm: A | Final: A,spring 2020,   ED3820 Foundations of Special Education : Midterm: A | Final: A,   EL 2239 Horror Literature  : Midterm: B | Final: B+, AS 2122 American People II     : Midterm: B+ | Final: B+, HI 2681 Intro to Europe Hist:1350-Present    : Midterm: A | Final: A,fall 2020,  ED3950 Creating Schools for a Just Society : Midterm: A | Final: A,  ED4050 Innovative Instructional Design and Assessment : Midterm: B | Final: B+,   EL 3600 US Literature I   : Midterm: B+ | Final: B+,  VA2020 Basic Design   : Midterm: A | Final: A,,,,,,,,,,,,,,,,,,,,,606b5915962b7170e065a1bf,Full Time,700292243,Burch Gamil,2Dlke2lE9s,10/14/1998,6088 Canary Street,,,,,,,0
mmallon38@bravesites.com,Adolescence Education: Social Studies (7-12),1,19,4,605ace98e864342e79d3b350,HI 2681 Intro to Europe Hist:1350-Present,9:40AM - 11:10AM,TR,Alpha,112,Chen Gages,129802,1,19,4,605ace98e864342e79d3b0cd,HI 7500 Questioning Global History,7:40PM - 9:10PM,MW,Beta,147,Zebedee Fassbender,49975,,,,,,,,,,,,,,,,,,,,,,,Undergraduate - Senior,fall 2017,   AS 2112 American People I : Midterm: A | Final: A,  EL 1000 English Comp I: Exposition   : Midterm: B | Final: B+,   HI 4308 History Modern Middle East   : Midterm: B+ | Final: B,  VA3200 Art Tutorials I   : Midterm: A | Final: A,spring 2018,  AS 2122 American People II  : Midterm: A | Final: A,   HI 3835 Islamic Cultures  : Midterm: B | Final: B+,   EL 2239 Horror Literature   : Midterm: B+ | Final: B,   VA4200 Art Tutorials II  : Midterm: A | Final: A,fall 2018,  HI 3080   Asian Cultures  : Midterm: A | Final: A,   HI 3110 Latin American Culture  : Midterm: B | Final: B+,   EL 3010  Structure & Grammar of English   : Midterm: B+ | Final: B,  VA5200 Art Tutorials III   : Midterm: A | Final: A,spring 2019,  HI 3091 African Cultures  : Midterm: A | Final: A,  VA2010 Intro. to Creative Thinking   : Midterm: B | Final: B+,   HI 4308 History Modern Middle East   : Midterm: B+ | Final: B,  HI 7500 Questioning Global History   : Midterm: A | Final: A,fall  2019,   VA2020 Basic Design : Midterm: A | Final: A,   HI 3835 Islamic Cultures  : Midterm: B | Final: B+,    HI 6565 Topics in the History of India  : Midterm: B+ | Final: B,  HI 6540 Topics in European History   : Midterm: A | Final: A,spring 2020, HI 3640  African History   : Midterm: A | Final: A,   HI 2681 Intro to Europe Hist:1350-Present  : Midterm: B | Final: B+,  HI 6530 Econ:Theories    : Midterm: B+ | Final: B,   HI 6520 US Constitutional&Polticl Hist  : Midterm: A | Final: A,fall 2020,  ED 6085 Mthd/Mtrls Teach Socl Stds MAT  : Midterm: A | Final: A,    ED 6095 Literacy : Midterm: B | Final: B+,  ED 6903 Student Teaching:Social Stds    : Midterm: B+ | Final: B+,  HI 6510 Topics in US History   : Midterm: A | Final: A,606b5915962b7170e065a1c0,Part Time,700717709,Mayne Mallon,np11LtWvr0JV,9/7/1995,40 Sachtjen Hill,,,,,,,0
mlinzey32@microsoft.com,Adolescence Education: Social Studies (7-12),,,,,,,,,,,,,,,,,,,,,,,,,,,,,,,,,,,,,,,,,,,,,Undergraduate - Senior,fall 2017,   AS 2112 American People I : Midterm: A | Final: A,  EL 1000 English Comp I: Exposition   : Midterm: B | Final: B+,HI 3080   Asian Cultures    : Midterm: A | Final: B,  VA3200 Art Tutorials I   : Midterm: A | Final: A,spring 2018,  AS 2122 American People II  : Midterm: A | Final: A,   HI 3835 Islamic Cultures  : Midterm: B | Final: B+,   EL 2239 Horror Literature   : Midterm: A | Final: B,   VA4200 Art Tutorials II  : Midterm: A | Final: A,fall 2018,   HI 4308 History Modern Middle East : Midterm: A | Final: A,   HI 3110 Latin American Culture  : Midterm: B | Final: B+,   EL 3010  Structure & Grammar of English   : Midterm: B | Final: B,  VA5200 Art Tutorials III   : Midterm: A | Final: A,spring 2019,  HI 3091 African Cultures  : Midterm: A | Final: A,  VA2010 Intro. to Creative Thinking   : Midterm: B | Final: B+,   HI 4308 History Modern Middle East   : Midterm: C+ | Final: B,  HI 7500 Questioning Global History   : Midterm: A | Final: A,fall  2019,   VA2020 Basic Design : Midterm: A | Final: A,   HI 3835 Islamic Cultures  : Midterm: B | Final: B+,    HI 6565 Topics in the History of India  : Midterm: C+ | Final: B,  HI 6540 Topics in European History   : Midterm: A | Final: A,spring 2020, HI 3640  African History   : Midterm: A | Final: A,   HI 2681 Intro to Europe Hist:1350-Present  : Midterm: B | Final: B+,  HI 6530 Econ:Theories    : Midterm: C+ | Final: B,   HI 6520 US Constitutional&Polticl Hist  : Midterm: A | Final: A,fall 2020,  ED 6085 Mthd/Mtrls Teach Socl Stds MAT  : Midterm: A | Final: A,    ED 6095 Literacy : Midterm: B | Final: B+,  ED 6903 Student Teaching:Social Stds    : Midterm: B+ | Final: B+,  HI 6510 Topics in US History   : Midterm: A | Final: A,606b5915962b7170e065a1c1,Full Time,700216135,Meir Linzey,43UHF0f,1/6/1995,274 Meadow Valley Way,,,,,,,0
lbollam3b@opera.com,Philosophy and Religion,4,16,4,605ace98e864342e79d3b25a,VA2045 Introduction to Color,8:00AM - 9:30AM,MW,Iota,152,Bertine Ayliffe,99421,17,3,4,605ace98e864342e79d3b259,VA2030 Drawing,8:00AM - 9:30AM,TR,Gamma,149,Ardyth Huyge,99298,1,19,4,605ace98e864342e79d3b3bf,HI2700 Introduction to Logic,11:20AM - 12:50PM,MW,Zeta,145,Dale Frostdicke,143455,1,19,4,605ace98e864342e79d3b3c0,HI3011 Foundations of Judeo-Christian Tradition,11:20AM - 12:50PM,MW,Sigma,245,Carey McTerlagh,143578,Undergraduate - Sophomore,fall 2019, HI1010 World Religions: West : Midterm: A | Final: A,  EL 1000 English Comp I: Exposition   : Midterm: B | Final: B+,   HI 2681 Intro to Europe Hist:1350-Present   : Midterm: A | Final: A, AS 2112 American People I    : Midterm: A | Final: A,spring 2020,   HI1020 World Religions: East : Midterm: A | Final: A,   EL 2239 Horror Literature  : Midterm: B | Final: B+, AS 2122 American People II     : Midterm: A | Final: A, VA2010 Intro. to Creative Thinking    : Midterm: A | Final: A,fall 2020,  HI2720 Introduction to Philosophy : Midterm: A | Final: A,  HI2155 Introduction to Comparative Religion : Midterm: B | Final: B+,   EL 3600 US Literature I   : Midterm: B+ | Final: B+,  VA2020 Basic Design   : Midterm: A | Final: A,,,,,,,,,,,,,,,,,,,,,606b5915962b7170e065a1c2,Full Time,700057934,Leena Bollam,Ppw9Gz3D,2/2/1995,1583 Southridge Crossing,,,,,,,0
mpastor3d@e-recht24.de,Finance,5,15,4,605ace98e864342e79d3b25a,VA2045 Introduction to Color,8:00AM - 9:30AM,MW,Iota,152,Bertine Ayliffe,99421,5,15,4,605ace98e864342e79d3b256,VA2010 Intro. to Creative Thinking,4:20PM - 5:50PM,MW,Delta,115,Erny Bluschke,99052,,,,,,,,,,,,,,,,,,,,,,,Undergraduate - Freshman,fall 2020,  VA2020 Basic Design   : Midterm: A | Final: A,   EL 1000 English Comp I: Exposition  : Midterm: A | Final: A,   AS 2112 American People I   : Midterm: A | Final: A,  VA3200 Art Tutorials I   : Midterm: A | Final: A,,,,,,,,,,,,,,,,,,,,,,,,,,,,,,,606b5915962b7170e065a1c3,Part Time,700018999,Maynord Pastor,KpGCVUzLSN5,4/1/1997,77 Reinke Road,,,,,,,0
karnopp3g@discuz.net,Management Information Systems,7,13,4,605ace98e864342e79d3b257,VA2020 Basic Design,1:00PM - 2:30PM,TR,Eta,211,Cariotta Gerrels,99175,18,2,4,605ace98e864342e79d3b259,VA2030 Drawing,8:00AM - 9:30AM,TR,Gamma,149,Ardyth Huyge,99298,4,16,4,605ace98e864342e79d3b351,AS 2112 American People I,9:40AM - 11:10AM,MW,Theta,175,Emanuele Roles,129925,2,18,4,605ace98e864342e79d3b115,CS 2511 Computer Programming II,2:40PM - 4:10PM,TR,Eta,252,Elyssa Teulier,59815,Undergraduate - Freshman,fall 2020,CS 2510 Computer Programming I : Midterm: A | Final: A,EL 1000 English Comp I: Exposition: Midterm: A | Final: A, MA2000 Applied Statistics : Midterm: A | Final: A, VA2010 Intro. to Creative Thinking : Midterm: A | Final: A,,,,,,,,,,,,,,,,,,,,,,,,,,,,,,,606b5915962b7170e065a1c4,Full Time,700152658,Kerwinn Arnopp,fg7tb2k5ZM8,8/15/1995,7 Cottonwood Terrace,,,,,,,0
wkinsey3e@joomla.org,Psychology,,,,,,,,,,,,,,,,,,,,,,,,,,,,,,,,,,,,,,,,,,,,,Graduate,fall 2016, PY2010 Introduction to Psychology: Midterm: A | Final: A,  EL 1000 English Comp I: Exposition   : Midterm: B | Final: B+,   HI 2681 Intro to Europe Hist:1350-Present   : Midterm: A | Final: B, AS 2112 American People I    : Midterm: A | Final: A,spring 2017,   PY3110 Research Methods I: (Orientation): Midterm: A | Final: A,   EL 2239 Horror Literature  : Midterm: B | Final: B+, AS 2122 American People II     : Midterm: A| Final: B, VA2010 Intro. to Creative Thinking    : Midterm: A | Final: A,fall 2017,  PY3120 Research Methods II: (Statistics)  : Midterm: A | Final: A,  PY4130 Field Experience and Research: Midterm: B | Final: B,   EL 3600 US Literature I   : Midterm: B+ | Final: B+,  VA2020 Basic Design   : Midterm: A | Final: A,spring 2018,  PY4100 Research Methods III (Advanced Research Skills)  : Midterm: A | Final: A,  PY3410 Cognitive Psychology   : Midterm: B | Final: B+,   VA2030 Drawing   : Midterm: B+ | Final: B+,  VA2045 Introduction to Color   : Midterm: A | Final: A,fall  2018, PY3420 Learning & Motivation: Midterm: A | Final: A,    PY3610 Brain & Behavior: Midterm: B | Final: B+,  VA2500 Art History I: 19th Century Art    : Midterm: B+ | Final: B+,  VA3400 Digital Imaging   : Midterm: A | Final: A,spring 2019,  PY3620 Drugs & Behavior: Midterm: A | Final: A,   PY3215 Foundations of Child Development : Midterm: B | Final: B+,   PY3310 Abnormal Human Behavior   : Midterm: B+ | Final: B+,  PY3311 Theories of Personality   : Midterm: A | Final: A,fall 2019, PY3510 Social Psychology : Midterm: A | Final: A,  PY2340 Community Psychology: Midterm: B | Final: B+, PY2530 Psychology of Prejudice     : Midterm: B+ | Final: B+,  PY2720 Psychology of Gender   : Midterm: A | Final: A,606b5915962b7170e065a1c5,Part Time,700999908,Waldemar Kinsey,H0AYOdGVF8,7/22/1997,4 Glacier Hill Junction,spring 2020, PY3710 Psychology & Social Justice   : Midterm: A | Final: A,   PH 3600  Social Determinants of Health  : Midterm: B | Final: B+,   PH 3610 Intro.-U.S.Health Care System: Midterm: B+ | Final: B+, PH 5900 Research Methods: Midterm: A | Final: A,,0
lbaggott3f@zdnet.com,Finance,,,,,,,,,,,,,,,,,,,,,,,,,,,,,,,,,,,,,,,,,,,,,Graduate,fall 2016, BU 3010 Info Systems For Mgrs : Midterm: A | Final: A,  EL 1000 English Comp I: Exposition   : Midterm: B | Final: B+,   HI 2681 Intro to Europe Hist:1350-Present   : Midterm: A | Final: A, AS 2112 American People I    : Midterm: A | Final: A,spring 2017,  BU 3502Principles of Accounting I: Midterm: A | Final: A,   EL 2239 Horror Literature  : Midterm: B | Final: B+, AS 2122 American People II     : Midterm: A | Final: B, VA2010 Intro. to Creative Thinking    : Midterm: A | Final: A,fall 2017, BU 3511 Principles of Accounting II : Midterm: A | Final: A,  BU 5190  Business Strategy & Policy : Midterm: B | Final: B+,   EL 3600 US Literature I   : Midterm: B+ | Final: B+,  VA2020 Basic Design   : Midterm: A | Final: A,spring 2018,BU 5771 Global Financial Markets : Midterm: A | Final: A,  BU 4720   Global Financial Markets : Midterm: B | Final: B+,   VA2030 Drawing   : Midterm: B+ | Final: B+,  VA2045 Introduction to Color   : Midterm: A | Final: A,fall  2018, BU 4774   Financial Markets & Inst : Midterm: A | Final: A,    PY3610 Brain & Behavior: Midterm: B | Final: B+,  VA2500 Art History I: 19th Century Art    : Midterm: B+ | Final: B+,  VA3400 Digital Imaging   : Midterm: A | Final: A,spring 2019,  BU 5740  Invest Mgmt & Securities Anal : Midterm: A | Final: A,BU 5710   Fin. Modeling & Forecasting : Midterm: B | Final: B+, BU 4500 Intermediate Accounting I  : Midterm: B+ | Final: B+,  BU 5789 Futures & Options Markets  : Midterm: A | Final: A,fall 2020, BU 5115  Operations Management : Midterm: A | Final: A,  BU 4510   Intermediate Accounting II: Midterm: B | Final: B+, BU 5760  Corporate Finance : Midterm: A | Final: B+,  BU 4570 Federal Income Tax I : Midterm: A | Final: A,606b5915962b7170e065a1c6,Full Time,700371338,Leyla Baggott,TfzLJCO2,7/7/1998,02 3rd Street,spring 2020, BU 4590 Cost Accounting: Midterm: A | Final: A,   BU 5505 Essentials-Gov't&Non-ProfAcctg: Midterm: A | Final: B+,BU 5525 International Accounting : Midterm: B+ | Final: B+, EL 4510  Modern Drama & Theatre: Midterm: A | Final: A,,0
nrussen3h@illinois.edu,Adolescence Education: Social Studies (7-12),,,,,,,,,,,,,,,,,,,,,,,,,,,,,,,,,,,,,,,,,,,,,Undergraduate - Senior,fall 2017,   AS 2112 American People I : Midterm: A | Final: A,  EL 1000 English Comp I: Exposition   : Midterm: B | Final: B+,   HI 4308 History Modern Middle East   : Midterm: A | Final: A,  VA3200 Art Tutorials I   : Midterm: A | Final: A,spring 2018,  AS 2122 American People II  : Midterm: A | Final: A,   HI 3835 Islamic Cultures  : Midterm: B | Final: B+,   EL 2239 Horror Literature   : Midterm: A | Final: B+,   VA4200 Art Tutorials II  : Midterm: A | Final: A,fall 2018,  HI 3080   Asian Cultures  : Midterm: A | Final: A,   HI 3110 Latin American Culture  : Midterm: B | Final: B+,   EL 3010  Structure & Grammar of English   : Midterm: A | Final: B+,  VA5200 Art Tutorials III   : Midterm: A | Final: A,spring 2019,  HI 3091 African Cultures  : Midterm: A | Final: A,  VA2010 Intro. to Creative Thinking   : Midterm: B | Final: B+,   HI 4308 History Modern Middle East   : Midterm: A | Final: B+,  HI 7500 Questioning Global History   : Midterm: A | Final: A,fall  2019,   VA2020 Basic Design : Midterm: A | Final: A,   HI 3835 Islamic Cultures  : Midterm: B | Final: B+,    HI 6565 Topics in the History of India  : Midterm: A | Final: A,  HI 6540 Topics in European History   : Midterm: A | Final: A,spring 2020, HI 3640  African History   : Midterm: A | Final: A,   HI 2681 Intro to Europe Hist:1350-Present  : Midterm: B | Final: B+,  HI 6530 Econ:Theories    : Midterm: A | Final: B,   HI 6520 US Constitutional&Polticl Hist  : Midterm: A | Final: A,fall 2020,  ED 6085 Mthd/Mtrls Teach Socl Stds MAT  : Midterm: A | Final: A,    ED 6095 Literacy : Midterm: B | Final: B+,  ED 6903 Student Teaching:Social Stds    : Midterm: A | Final: A,  HI 6510 Topics in US History   : Midterm: A | Final: A,606b5915962b7170e065a1c7,Full Time,700378186,Noble Russen,NBDPTNRbgo,3/22/1998,85836 Brentwood Avenue,,,,,,,0
mhalkyard3i@ifeng.com,Media and Communications,1,19,4,605ace98e864342e79d3b1d6,AS3722 History of Mass Media,1:00PM - 2:30PM,MW,Alpha,215,Patrice Rubery,82939,1,19,4,605ace98e864342e79d3b1d3,AS3712 American Film Genres,2:40PM - 4:10PM,MW,Alpha,186,Lyndy Clissell,82816,1,19,4,605ace98e864342e79d3b1d1,AS3632 History of U.S. Film,11:20AM - 12:50PM,MW,Beta,141,Corrina Lohan,82693,3,17,4,605ace98e864342e79d3b148,EL 3500  Lit Across Cultures I:Analysis,6:00PM - 7:30PM,TR,Lambda,269,Elita Rowlatt,64735,Undergraduate - Sophomore,fall 2019, AS2020 New Media CE   : Midterm: A | Final: A,   VA2010 Intro. to Creative Thinking  : Midterm: A | Final: A, HI 2681 Intro to Europe Hist:1350-Present     : Midterm: B+ | Final: B, EL 1000 English Comp I: Exposition    : Midterm: A | Final: A,spring 2020, AS2652 Media Studies   : Midterm: A | Final: A,   VA2020 Basic Design  : Midterm: B | Final: B+,   AS 2112 American People I   : Midterm: B+ | Final: B+, EL 2239 Horror Literature    : Midterm: A | Final: A,fall 2020,  AS2700 The Engaged Eye  : Midterm: A | Final: A,    AS3310 From Citizen to Consumer : Midterm: A | Final: A, VA2030 Drawing     : Midterm: B+ | Final: B+,  AS 2122 American People II   : Midterm: A | Final: A,,,,,,,,,,,,,,,,,,,,,606b5915962b7170e065a1c8,Full Time,700271710,Moishe Halkyard,M1MAiCwrcfg,9/11/1997,22570 Brentwood Avenue,,,,,,,0
nspurden3c@tamu.edu,Psychology,,,,,,,,,,,,,,,,,,,,,,,,,,,,,,,,,,,,,,,,,,,,,Graduate,fall 2016, PY2010 Introduction to Psychology: Midterm: A | Final: A,  EL 1000 English Comp I: Exposition   : Midterm: B | Final: B+,   HI 2681 Intro to Europe Hist:1350-Present   : Midterm: C+ | Final: B, AS 2112 American People I    : Midterm: A | Final: A,spring 2017,   PY3110 Research Methods I: (Orientation): Midterm: A | Final: A,   EL 2239 Horror Literature  : Midterm: B | Final: B+, AS 2122 American People II     : Midterm: A| Final: B, VA2010 Intro. to Creative Thinking    : Midterm: A | Final: A,fall 2017,  PY3120 Research Methods II: (Statistics)  : Midterm: A | Final: A,  PY4130 Field Experience and Research: Midterm: B | Final: B,   EL 3600 US Literature I   : Midterm: B+ | Final: B+,  VA2020 Basic Design   : Midterm: A | Final: A,spring 2018,  PY4100 Research Methods III (Advanced Research Skills)  : Midterm: A | Final: A,  PY3410 Cognitive Psychology   : Midterm: B | Final: B+,   VA2030 Drawing   : Midterm: B+ | Final: B+,  VA2045 Introduction to Color   : Midterm: A | Final: A,fall  2018, PY3420 Learning & Motivation: Midterm: A | Final: A,    PY3610 Brain & Behavior: Midterm: B | Final: B+,  VA2500 Art History I: 19th Century Art    : Midterm: B+ | Final: B+,  VA3400 Digital Imaging   : Midterm: A | Final: A,spring 2019,  PY3620 Drugs & Behavior: Midterm: A | Final: A,   PY3215 Foundations of Child Development : Midterm: B | Final: B+,   PY3310 Abnormal Human Behavior   : Midterm: B+ | Final: B+,  PY3311 Theories of Personality   : Midterm: A | Final: A,fall 2019, PY3510 Social Psychology : Midterm: A | Final: A,  PY2340 Community Psychology: Midterm: B | Final: B+, PY2530 Psychology of Prejudice     : Midterm: B+ | Final: B+,  PY2720 Psychology of Gender   : Midterm: A | Final: A,606b5915962b7170e065a1c9,Full Time,700797838,Norrie Spurden,xz1TJSmNfgSZ,2/11/1997,0 Westridge Center,spring 2020, PY3710 Psychology & Social Justice   : Midterm: A | Final: A,   PH 3600  Social Determinants of Health  : Midterm: B | Final: B+,   PH 3610 Intro.-U.S.Health Care System: Midterm: B+ | Final: B+, PH 5900 Research Methods: Midterm: A | Final: A,,0
csugarman3m@ucla.edu,Special Education and Childhood Education (1-6),,,,,,,,,,,,,,,,,,,,,,,,,,,,,,,,,,,,,,,,,,,,,Undergraduate - Freshman,fall 2020,  ED3700 Child Development  I: Midterm: B | Final: B,   EL 1000 English Comp I: Exposition  : Midterm: A | Final: A,   AS 2112 American People I   : Midterm: A | Final: A,  VA3200 Art Tutorials I   : Midterm: A | Final: A,,,,,,,,,,,,,,,,,,,,,,,,,,,,,,,606b5915962b7170e065a1ca,Full Time,700424496,Clerc Sugarman,X9XxTr,7/19/1998,652 Pleasure Court,,,,,,,0
fondrich3l@bloomberg.com,Special Education and Childhood Education (1-6),6,14,4,605ace98e864342e79d3b256,VA2010 Intro. to Creative Thinking,4:20PM - 5:50PM,MW,Delta,115,Erny Bluschke,99052,9,11,4,605ace98e864342e79d3b257,VA2020 Basic Design,1:00PM - 2:30PM,TR,Eta,211,Cariotta Gerrels,99175,19,1,4,605ace98e864342e79d3b259,VA2030 Drawing,8:00AM - 9:30AM,TR,Gamma,149,Ardyth Huyge,99298,6,14,4,605ace98e864342e79d3b25a,VA2045 Introduction to Color,8:00AM - 9:30AM,MW,Iota,152,Bertine Ayliffe,99421,Undergraduate - Freshman,fall 2020,  ED3700 Child Development  I: Midterm: B | Final: C+,   EL 1000 English Comp I: Exposition  : Midterm: A | Final: C+,   AS 2112 American People I   : Midterm: A | Final: A,  VA3200 Art Tutorials I   : Midterm: A | Final: C+,,,,,,,,,,,,,,,,,,,,,,,,,,,,,,,606b5915962b7170e065a1cb,Full Time,700842066,Fielding Ondrich,gMR9I1iDV4,3/30/1997,81 Manley Hill,,,,,,,0
odanielczyk3o@ning.com,Visual Arts: Electronic Media,,,,,,,,,,,,,,,,,,,,,,,,,,,,,,,,,,,,,,,,,,,,,Undergraduate - Freshman,fall 2020, EL 1000 English Comp I: Exposition   : Midterm: A | Final: A,  VA3200 Art Tutorials I   : Midterm: A | Final: A,,,,,,,,,,,,,,,,,,,,,,,,,,,,,,,,,606b5915962b7170e065a1cc,Part Time,700302096,Ogdon Danielczyk,jE3x6hevOB,3/16/1998,22587 Schmedeman Pass,,,,,,,0
sbrokenshaw3j@4shared.com,English,,,,,,,,,,,,,,,,,,,,,,,,,,,,,,,,,,,,,,,,,,,,,Graduate,fall 2016,   EL 1000 English Comp I: Exposition : Midterm: A | Final: A,  HI 2681 Intro to Europe Hist:1350-Present   : Midterm: C+ | Final: C+,   VA2020 Basic Design   : Midterm: B+ | Final: B+,  VA2030 Drawing   : Midterm: A | Final: A,spring 2017, EL 2239 Horror Literature   : Midterm: A | Final: A,  AS 2112 American People I   : Midterm: B | Final: B+,    VA2045 Introduction to Color  : Midterm: B+ | Final: B+,    VA2500 Art History I: 19th Century Art : Midterm: A | Final: A,fall 2017, EL 3010  Structure & Grammar of English   : Midterm: A | Final: A,  EL 3500  Lit Across Cultures I:Analysis   : Midterm: A | Final: A,   AS 2122 American People II   : Midterm: B+ | Final: B+,  VA3200 Art Tutorials I   : Midterm: A | Final: A,spring 2018,  EL 3510  Lit Across Cultures II:Theory  : Midterm: A | Final: A,   EL 3600 US Literature I  : Midterm: B | Final: B+,   VA4200 Art Tutorials II   : Midterm: B+ | Final: B+,   VA2320 Graphic Design I  : Midterm: A | Final: A,fall  2018, EL 4400  Critical Theory   : Midterm: A | Final: A,    EL 3610  US Literature II : Midterm: B | Final: B+, HI 4800  History of India     : Midterm: B+ | Final: B+,  EL 4311 Greek Drama    : Midterm: A | Final: A,spring 2019,  EL 3800 Eng Lit I:Beowulf-18th Century   : Midterm: A | Final: A,   EL 3810  Eng Lit II:Romantics - Present  : Midterm: B | Final: B+,  EL 4510  Modern Drama & Theatre    : Midterm: B+ | Final: B+, VA3100 Visual Culture    : Midterm: A | Final: A,fall 2019, EL 3560  Literatures of Europe:Part I   : Midterm: A | Final: A, EL 3950  Creative Non-Fiction: Midterm: B | Final: B+,   EL 4325 Shakespeare: Selected Plays   : Midterm: C+ | Final: C+,  EL 4402 Sin & Sexuality in Literature   : Midterm: A | Final: A,606b5915962b7170e065a1cd,Full Time,700405906,Sonja Brokenshaw,CYp8Uh5EaZ8,8/15/1996,18 Center Alley,spring 2020,  EL 3561 Literatures of Europe:Part II  : Midterm: A | Final: B,   EL 4312 Greek Mythology  : Midterm: B | Final: B-+,     EL 4500 Topics in British/US Lit : Midterm: B+ | Final: B+,  SY 5990  Senior Seminar   : Midterm: A | Final: A,,0
psayse3n@si.edu,English,,,,,,,,,,,,,,,,,,,,,,,,,,,,,,,,,,,,,,,,,,,,,Undergraduate - Senior,fall 2017,   EL 1000 English Comp I: Exposition : Midterm: A | Final: A,  HI 2681 Intro to Europe Hist:1350-Present   : Midterm: B | Final: B,   VA2020 Basic Design   : Midterm: B+ | Final: B+,  VA2030 Drawing   : Midterm: A | Final: A,spring 2018, EL 2239 Horror Literature   : Midterm: A | Final: A,  AS 2112 American People I   : Midterm: B | Final: B+,    VA2045 Introduction to Color  : Midterm: B+ | Final: B+,    VA2500 Art History I: 19th Century Art : Midterm: A | Final: A,fall 2018, EL 3010  Structure & Grammar of English   : Midterm: A | Final: A,  EL 3500  Lit Across Cultures I:Analysis   : Midterm: B | Final: B+,   AS 2122 American People II   : Midterm: B+ | Final: B+,  VA3200 Art Tutorials I   : Midterm: A | Final: A,spring 2019,  EL 3510  Lit Across Cultures II:Theory  : Midterm: A | Final: A,   EL 3600 US Literature I  : Midterm: B | Final: B+,   VA4200 Art Tutorials II   : Midterm: B+ | Final: B+,   VA2320 Graphic Design I  : Midterm: A | Final: A,fall  2019, EL 4400  Critical Theory   : Midterm: A | Final: A,    EL 3610  US Literature II : Midterm: B | Final: B+, HI 4800  History of India     : Midterm: B+ | Final: B+,  EL 4311 Greek Drama    : Midterm: A | Final: A,spring 2020,  EL 3800 Eng Lit I:Beowulf-18th Century   : Midterm: A | Final: A,   EL 3810  Eng Lit II:Romantics - Present  : Midterm: B | Final: B+,  EL 4510  Modern Drama & Theatre    : Midterm: B+ | Final: B+, VA3100 Visual Culture    : Midterm: A | Final: A,fall 2020, EL 3560  Literatures of Europe:Part I   : Midterm: A | Final: A, EL 3950  Creative Non-Fiction: Midterm: B | Final: B+,   EL 4325 Shakespeare: Selected Plays   : Midterm: B | Final: B,  EL 4402 Sin & Sexuality in Literature   : Midterm: A | Final: A,606b5915962b7170e065a1ce,Full Time,700053206,Parnell Sayse,PV3QnqOqDu,4/18/1997,87427 Continental Center,,,,,,,0
abrettoner3p@nifty.com,Mathematics,,,,,,,,,,,,,,,,,,,,,,,,,,,,,,,,,,,,,,,,,,,,,Undergraduate - Sophomore,fall 2019,   EL 1000 English Comp I: Exposition : Midterm: A | Final: A,   HI 3080   Asian Cultures  : Midterm: B | Final: B+,   MA2310 Calculus and Analytic Geometry I   : Midterm: B+ | Final: B+,  VA2010 Intro. to Creative Thinking  : Midterm: A | Final: A,spring 2020, EL 2239 Horror Literature    : Midterm: A | Final: A,  HI 3110 Latin American Culture   : Midterm: B | Final: B+,   MA2320 Calculus and Analytic Geometry II   : Midterm: B+ | Final: B+,  VA2020 Basic Design   : Midterm: A | Final: A,fall 2020, EL 3560  Literatures of Europe:Part I   : Midterm: A | Final: A,  HI 3835 Islamic Cultures    : Midterm: B | Final: B+,  MA3160 Linear Algebra    : Midterm: B+ | Final: B+,   MA3210 Intro. To Probability & Statistics  : Midterm: A | Final: A,,,,,,,,,,,,,,,,,,,,,606b5915962b7170e065a1cf,Full Time,700891242,Aubine Brettoner,hnzjigF5W,3/20/1996,898 Vidon Drive,,,,,,,0
cgoucher3q@ow.ly,Health and Society,,,,,,,,,,,,,,,,,,,,,,,,,,,,,,,,,,,,,,,,,,,,,Undergraduate - Junior,fall 2018, BS 2100 Biology for Non-Science Majors : Midterm: A | Final: A,  EL 1000 English Comp I: Exposition   : Midterm: B | Final: B+,   HI 2681 Intro to Europe Hist:1350-Present   : Midterm: B+ | Final: B+, AS 2112 American People I    : Midterm: A | Final: A,spring 2019,   BS 2300  Anatomy&Physiology I Lecture : Midterm: A | Final: A,   EL 2239 Horror Literature  : Midterm: B | Final: B+, AS 2122 American People II     : Midterm: B+ | Final: B+, VA2010 Intro. to Creative Thinking    : Midterm: A | Final: A,fall 2019,  BS 2310  Anatomy&Physiology II Lecture  : Midterm: A | Final: A,  BS 2410  Basic Bio Sciences II : Midterm: B | Final: B+,   EL 3600 US Literature I   : Midterm: B+ | Final: B+,  VA2020 Basic Design   : Midterm: A | Final: A,spring 2020,  PH 3600  Social Determinants of Health : Midterm: A | Final: A,  PH 3610 Intro.-U.S.Health Care System : Midterm: B | Final: B+,   VA2030 Drawing   : Midterm: B+ | Final: B+,  VA2045 Introduction to Color   : Midterm: A | Final: A,fall  2020, PH 4670 Biostatistics : Midterm: A | Final: A,    PH 4800 Epidemiology : Midterm: B | Final: B+,  VA2500 Art History I: 19th Century Art    : Midterm: B+ | Final: B+,  VA3400 Digital Imaging   : Midterm: A | Final: A,,,,,,,,,,,606b5915962b7170e065a1d0,Full Time,700285117,Caterina Goucher,4S1YjM,7/1/1995,1187 Lien Drive,,,,,,,0
glaux3k@goo.ne.jp,Mathematics,4,16,4,605ace98e864342e79d3b315,EL 2239 Horror Literature,8:00AM - 9:30AM,TR,Epsilon,105,Creighton Morphet,122545,8,12,4,605ace98e864342e79d3b257,VA2020 Basic Design,1:00PM - 2:30PM,TR,Eta,211,Cariotta Gerrels,99175,,,,,,,,,,,,,,,,,,,,,,,Undergraduate - Freshman,fall 2020,   EL 1000 English Comp I: Exposition : Midterm: A | Final: A,   HI 3080   Asian Cultures  : Midterm: A | Final: A,   MA2310 Calculus and Analytic Geometry I   : Midterm: B+ | Final: B+,  VA2010 Intro. to Creative Thinking  : Midterm: A | Final: A,,,,,,,,,,,,,,,,,,,,,,,,,,,,,,,606b5915962b7170e065a1d1,Part Time,700947355,Garek Laux,WCyY9lof,8/15/1996,482 Mayfield Lane,,,,,,,0
eperrett3r@blogs.com,Childhood Education (1-6),,,,,,,,,,,,,,,,,,,,,,,,,,,,,,,,,,,,,,,,,,,,,Undergraduate - Senior,fall 2017, ED3700 Child Development for Teachers : Midterm: A | Final: A,  EL 1000 English Comp I: Exposition   : Midterm: B | Final: B+,   VA2010 Intro. to Creative Thinking : Midterm: B+ | Final: B+, AS 2112 American People I    : Midterm: A | Final: A,spring 2018,   ED3820 Foundations of Special Education : Midterm: A | Final: A,   EL 2239 Horror Literature  : Midterm: B | Final: B+, AS 2122 American People II     : Midterm: B+ | Final: B+, HI 2681 Intro to Europe Hist:1350-Present    : Midterm: A | Final: A,fall 2018,  ED3950 Creating Schools for a Just Society : Midterm: A | Final: A,  ED4050 Innovative Instructional Design and Assessment : Midterm: B | Final: B+,   EL 3600 US Literature I   : Midterm: B+ | Final: B+,  VA2020 Basic Design   : Midterm: A | Final: A,spring 2019,  ED4121 Methods & Materials of Teaching Elementary Science Methods: Midterm: A | Final: A,  ED4122 Methods & Materials of Teaching Elementary Math Methods : Midterm: B | Final: B+,   VA2030 Drawing   : Midterm: B+ | Final: B+,  VA2045 Introduction to Color   : Midterm: A | Final: A,fall  2019, ED4200 Literacy for All Students  Midterm: A | Final: A,    ED4220 Language Arts in the Context of Childhood Education  Midterm: B | Final: B+,  : Midterm: B+ | Final: B+,  VA3400 Digital Imaging   : Midterm: A | Final: A,spring 2020,  ED5925 Building a Classroom Community for All Learners: Midterm: A | Final: A,   PPY2010 Introduction to Psychology : Midterm: B | Final: B+,   PY3110 Research Methods I: (Orientation): Midterm: B+ | Final: B+,  PY3215 Foundations of Child Development : Midterm: A | Final: A,fall 2020, PY3310 Abnormal Human Behavior: Midterm: A | Final: A,  PY3420 Learning & Motivation: Midterm: B | Final: B+, PY3510 Social Psychology   : Midterm: B+ | Final: B+,  PY2340 Community Psychology   : Midterm: A | Final: A,606b5915962b7170e065a1d2,Full Time,700321639,Eward Perrett,wjjJhaI95dCA,8/27/1996,25 Springview Alley,,,,,,,0
evass3s@tinyurl.com,English,,,,,,,,,,,,,,,,,,,,,,,,,,,,,,,,,,,,,,,,,,,,,Undergraduate - Senior,fall 2017,   EL 1000 English Comp I: Exposition : Midterm: A | Final: A,  HI 2681 Intro to Europe Hist:1350-Present   : Midterm: A | Final: A,   VA2020 Basic Design   : Midterm: B+ | Final: B+,  VA2030 Drawing   : Midterm: A | Final: A,spring 2018, EL 2239 Horror Literature   : Midterm: A | Final: A,  AS 2112 American People I   : Midterm: B | Final: B+,    VA2045 Introduction to Color  : Midterm: B+ | Final: B+,    VA2500 Art History I: 19th Century Art : Midterm: A | Final: A,fall 2018, EL 3010  Structure & Grammar of English   : Midterm: A | Final: A,  EL 3500  Lit Across Cultures I:Analysis   : Midterm: B | Final: B+,   AS 2122 American People II   : Midterm: B+ | Final: B+,  VA3200 Art Tutorials I   : Midterm: A | Final: A,spring 2019,  EL 3510  Lit Across Cultures II:Theory  : Midterm: A | Final: A,   EL 3600 US Literature I  : Midterm: B | Final: B+,   VA4200 Art Tutorials II   : Midterm: B+ | Final: B+,   VA2320 Graphic Design I  : Midterm: A | Final: A,fall  2019, EL 4400  Critical Theory   : Midterm: A | Final: A,    EL 3610  US Literature II : Midterm: B | Final: B+, HI 4800  History of India     : Midterm: B+ | Final: B+,  EL 4311 Greek Drama    : Midterm: A | Final: A,spring 2020,  EL 3800 Eng Lit I:Beowulf-18th Century   : Midterm: A | Final: A,   EL 3810  Eng Lit II:Romantics - Present  : Midterm: B | Final: B+,  EL 4510  Modern Drama & Theatre    : Midterm: B+ | Final: B+, VA3100 Visual Culture    : Midterm: A | Final: A,fall 2020, EL 3560  Literatures of Europe:Part I   : Midterm: A | Final: A, EL 3950  Creative Non-Fiction: Midterm: B | Final: B+,   EL 4325 Shakespeare: Selected Plays   : Midterm: B | Final: B,  EL 4402 Sin & Sexuality in Literature   : Midterm: A | Final: A,606b5915962b7170e065a1d3,Full Time,700071962,Eadmund Vass,CjdOXNmQYy8E,6/13/1997,64 Lunder Point,,,,,,,0
fcawcutt3t@alexa.com,Criminology,,,,,,,,,,,,,,,,,,,,,,,,,,,,,,,,,,,,,,,,,,,,,Undergraduate - Junior,fall 2018, SY 1500  Intro Sociology: Midterm: A | Final: A,  EL 1000 English Comp I: Exposition   : Midterm: B | Final: B+,   HI 2681 Intro to Europe Hist:1350-Present   : Midterm: C+ | Final: C+, AS 2112 American People I    : Midterm: A | Final: A,spring 2019,   CR 1500 Intro to Criminology : Midterm: A | Final: A,   EL 2239 Horror Literature  : Midterm: B | Final: B+, AS 2122 American People II     : Midterm: C+ | Final: C+, VA2010 Intro. to Creative Thinking    : Midterm: A | Final: A,fall 2019,  CR 2090  Juvenile Delinquency : Midterm: A | Final: A,  CR 3092 Victimology : Midterm: B | Final: B+,   EL 3600 US Literature I   : Midterm: B+ | Final: B+,  VA2020 Basic Design   : Midterm: A | Final: A,spring 2020,  CR 3093  Criminal Justice Admin : Midterm: A | Final: A,  CR 3094 Drugs and Society   : Midterm: B | Final: B+,   VA2030 Drawing   : Midterm: B+ | Final: B+,  VA2045 Introduction to Color   : Midterm: A | Final: A,fall  2020, CR 3117  Policing Bodies : Midterm: A | Final: A,    CR 3200  Crime : Midterm: B | Final: B+,  VA2500 Art History I: 19th Century Art    : Midterm: B+ | Final: B+,  VA3400 Digital Imaging   : Midterm: A | Final: A,,,,,,,,,,,606b5915962b7170e065a1d4,Full Time,700307737,Fidole Cawcutt,qzAKuPt0Q,7/9/1998,62669 Ridge Oak Point,,,,,,,0
tcrim3w@gravatar.com,Marketing,,,,,,,,,,,,,,,,,,,,,,,,,,,,,,,,,,,,,,,,,,,,,Undergraduate - Freshman,fall 2020, MA2300 Calculus for Business & Economics : Midterm: A | Final: A,  EL 1000 English Comp I: Exposition   : Midterm: B | Final: B+,   BU3600 Principles Business Law: Midterm: B+ | Final: B+, AS 2112 American People I    : Midterm: A | Final: A,,,,,,,,,,,,,,,,,,,,,,,,,,,,,,,606b5915962b7170e065a1d5,Full Time,700710884,Tann Crim,LDoBe9,1/13/1997,4 Loomis Plaza,,,,,,,0
mtreleaven3v@sfgate.com,Mathematics,,,,,,,,,,,,,,,,,,,,,,,,,,,,,,,,,,,,,,,,,,,,,Graduate,fall 2016,   EL 1000 English Comp I: Exposition : Midterm: A | Final: A,   HI 3080   Asian Cultures  : Midterm: A | Final: A,   MA2310 Calculus and Analytic Geometry I   : Midterm: A | Final: A,  VA2010 Intro. to Creative Thinking  : Midterm: A | Final: A,spring 2017, EL 2239 Horror Literature    : Midterm: A | Final: A,  HI 3110 Latin American Culture   : Midterm: B | Final: B+,   MA2320 Calculus and Analytic Geometry II   : Midterm: B+ | Final: B+,  VA2020 Basic Design   : Midterm: A | Final: A,fall 2017, EL 3560  Literatures of Europe:Part I   : Midterm: A | Final: A,  HI 3835 Islamic Cultures    : Midterm: B | Final: B+,  MA3160 Linear Algebra    : Midterm: A | Final: A,   MA3210 Intro. To Probability & Statistics  : Midterm: A | Final: A,spring 2018,  MA3330 Calculus and Analytic Geometry III  : Midterm: A | Final: A,   MA3520 Transition to Advanced Mathematics  : Midterm: B | Final: B+,   VA2030 Drawing   : Midterm: C+ | Final: C+,   VA2045 Introduction to Color  : Midterm: A | Final: A,fall  2018,  MA4360 Differential Equations  : Midterm: A | Final: A,  MA5120 Abstract Algebra I   : Midterm: B | Final: B+,   VA2500 Art History I: 19th Century Art   : Midterm: C+ | Final: C+,   VA3100 Visual Culture  : Midterm: A | Final: A,spring 2019,  MA5320 Advanced Calculus I : Midterm: A | Final: A,   CS2510 Computer Programming I : Midterm: B | Final: B+,   MA4100 Number Theory: Midterm: B+ | Final: B+,  MA4200 Probability : Midterm: A | Final: A,fall 2019, MA4510 Geometry : Midterm: A | Final: A,  MA4910 Operations Research I : Midterm: B | Final: B+, MA5230 Mathematical Statistics: Midterm: B+ | Final: B+,  MA5380 Complex Analysis : Midterm: A | Final: A,606b5915962b7170e065a1d6,Full  Time,700735258,Mario Treleaven,GHnRgj,5/13/1998,0670 Dennis Drive,spring 2020, MA4920 Operations Research II: Midterm: A | Final: A,   MA5510 Topology : Midterm: B | Final: B+,   CS2511 Computer Programming II : Midterm: B+ | Final: B+, EL 3950  Creative Non-Fiction : Midterm: A | Final: A,,0
cesparza3x@usgs.gov,Special Education and Childhood Education (1-6),,,,,,,,,,,,,,,,,,,,,,,,,,,,,,,,,,,,,,,,,,,,,Graduate,fall 2016,  ED3700 Child Development  I: Midterm: B | Final: B,   EL 1000 English Comp I: Exposition  : Midterm: A | Final: B+,   AS 2112 American People I   : Midterm: A | Final: A,  VA3200 Art Tutorials I   : Midterm: A | Final: A,spring 2017,   ED4121 Methods and Materials for Teaching Elementary Science Majors : Midterm: A | Final: A,   EL 2239 Horror Literature  : Midterm: B | Final: B+, VA2030 Drawing   : Midterm: B | Final: B, VA2010 Intro. to Creative Thinking    : Midterm: A | Final: A,fall 2017,  ED4122 Methods and Materials for Teaching Elementary Math Methods : Midterm: A | Final: A,  ED4850 Instructional Design & Delivery for Students with Disabilities : Midterm: B | Final: B+,   EL 3600 US Literature I   : Midterm: B+ | Final: B+,  VA2020 Basic Design   : Midterm: A | Final: A,spring 2018,  ED4300 Assessment and Evidence-based Decision Making in Special Education : Midterm: A | Final: A,  ED4810 Positive Behavior Supports and Interventions for Students with Disabilities  : Midterm: B | Final: B+,   VA2030 Drawing   : Midterm: B+ | Final: B+,  VA2045 Introduction to Color   : Midterm: A | Final: A,fall  2018, PY3420 Learning & Motivation: Midterm: A | Final: A,    PY3610 Brain & Behavior: Midterm: B | Final: B+,  VA2500 Art History I: 19th Century Art    : Midterm: B+ | Final: B+,  VA3400 Digital Imaging   : Midterm: A | Final: A,spring 2019,  ED4890 Effective Practices for Students with Low Incidence Disabilities : Midterm: A | Final: A,   ED5930 Internship: Meeting the Needs of Diverse Learners: Midterm: B | Final: B+,   ED5960 Student Teaching and Seminar : Midterm: B+ | Final: B+,  SY2400 Sociology Through the Arts : Midterm: A | Final: A,fall 2019, SY2550 Social Problems : Midterm: A | Final: A,  SY2600 Social Deviance : Midterm: B | Final: B+, PY2010 Introduction to Psychology   : Midterm: B+ | Final: B+,  PY3110 Research Methods I: (Orientation) : Midterm: A | Final: A,606b5915962b7170e065a1d7,Full Time,700898851,Christalle Esparza,dbJgH3x,11/12/1998,44 Laurel Street,spring 2020, PY3120 Research Methods II: (Statistics): Midterm: A | Final: A,   PY3215 Foundations of Child Development: Midterm: B | Final: B+,   PY4130 Field Experience and Research : Midterm: B+ | Final: B+, PY3410 Cognitive Psychology: Midterm: A | Final: A,,0
bconnah3u@sourceforge.net,Biological Sciences,,,,,,,,,,,,,,,,,,,,,,,,,,,,,,,,,,,,,,,,,,,,,Undergraduate - Sophomore,fall 2019,  VA2010 Intro. to Creative Thinking  : Midterm: A | Final: A, BS4460 Genetics  : Midterm: B | Final: B+, EL 1000 English Comp I: Exposition    : Midterm: A | Final: A,  BS4400 Cell Biology: Midterm: A | Final: A,spring 2020, VA2030 Drawing    : Midterm: A | Final: A,  VA2020 Basic Design   : Midterm: B | Final: B+, VA3400 Digital Imaging     : Midterm: B+ | Final: B+, BS4440 Evolution: Midterm: A | Final: A,fall 2020,  EL 2239 Horror Literature  : Midterm: A | Final: A,  AS 2112 American People I  : Midterm: B | Final: B+,  BS2490 Environmental Science  : Midterm: B+ | Final: B,  BS3450 Plant Biology : Midterm: A | Final: B,,,,,,,,,,,,,,,,,,,,,606b5915962b7170e065a1d8,Part Time,700536140,Berget Connah,08PyWI,4/22/1998,19586 Golf Course Hill,,,,,,,0
ayerlett3y@ox.ac.uk,Finance,,,,,,,,,,,,,,,,,,,,,,,,,,,,,,,,,,,,,,,,,,,,,Undergraduate - Senior,fall 2017, BU 3010 Info Systems For Mgrs : Midterm: A | Final: A,  EL 1000 English Comp I: Exposition   : Midterm: B | Final: B+,   HI 2681 Intro to Europe Hist:1350-Present   : Midterm: C+ | Final: C+, AS 2112 American People I    : Midterm: A | Final: A,spring 2018,  BU 3502Principles of Accounting I: Midterm: A | Final: A,   EL 2239 Horror Literature  : Midterm: B | Final: B+, AS 2122 American People II     : Midterm: C+ | Final: C+, VA2010 Intro. to Creative Thinking    : Midterm: A | Final: A,fall 2018, BU 3511 Principles of Accounting II : Midterm: A | Final: A,  BU 5190  Business Strategy & Policy : Midterm: B | Final: B+,   EL 3600 US Literature I   : Midterm: B+ | Final: B+,  VA2020 Basic Design   : Midterm: A | Final: A,spring 2019,BU 5771 Global Financial Markets : Midterm: A | Final: A,  BU 4720   Global Financial Markets : Midterm: B | Final: B+,   VA2030 Drawing   : Midterm: B+ | Final: B+,  VA2045 Introduction to Color   : Midterm: A | Final: A,fall  2019, BU 4774   Financial Markets & Inst : Midterm: A | Final: A,    PY3610 Brain & Behavior: Midterm: B | Final: B+,  VA2500 Art History I: 19th Century Art    : Midterm: B+ | Final: B+,  VA3400 Digital Imaging   : Midterm: A | Final: A,spring 2020,  BU 5740  Invest Mgmt & Securities Anal : Midterm: A | Final: A,BU 5710   Fin. Modeling & Forecasting : Midterm: B | Final: B+, BU 4500 Intermediate Accounting I  : Midterm: B+ | Final: B+,  BU 5789 Futures & Options Markets  : Midterm: A | Final: A,fall 2020, BU 5115  Operations Management : Midterm: A | Final: A,  BU 4510   Intermediate Accounting II: Midterm: B | Final: B+, BU 5760  Corporate Finance : Midterm: B+ | Final: B+,  BU 4570 Federal Income Tax I : Midterm: A | Final: A,606b5915962b7170e065a1d9,Full Time,700293776,Alejoa Yerlett,gkODO4,7/2/1995,7515 Mcbride Street,,,,,,,0
kocurrane40@usa.gov,Chemistry,,,,,,,,,,,,,,,,,,,,,,,,,,,,,,,,,,,,,,,,,,,,,Undergraduate - Sophomore,fall 2019, CP 4700  Physical Chemistry I : Midterm: A | Final: A,  EL 1000 English Comp I: Exposition   : Midterm: A | Final: A,   HI 2681 Intro to Europe Hist:1350-Present   : Midterm: A | Final: A, CP 2121Principles of Chemistry Lab I : Midterm: A | Final: A,spring 2020,   CP 2130  Principles of Chemistry II : Midterm: A | Final: A,   EL 2239 Horror Literature  : Midterm: B | Final: B+, AS 2122 American People II     : Midterm: B+ | Final: B+, VA2010 Intro. to Creative Thinking    : Midterm: A | Final: A,fall 2020,  CP 2240  General Physics I: Midterm: A | Final: A,  CP 2120 Principles of Chemistry I : Midterm: B | Final: B+,   EL 3600 US Literature I   : Midterm: A | Final: A,  VA2020 Basic Design   : Midterm: A | Final: A,,,,,,,,,,,,,,,,,,,,,606b5915962b7170e065a1da,Part Time,700706636,Kirsten O'Currane,f1Nr4oUQxZ,3/14/1995,35 Farwell Terrace,,,,,,,0
kblackney3z@slate.com,Chemistry,,,,,,,,,,,,,,,,,,,,,,,,,,,,,,,,,,,,,,,,,,,,,Graduate,fall 2016, CP 4700  Physical Chemistry I : Midterm: A | Final: B,  EL 1000 English Comp I: Exposition   : Midterm: B | Final: B+,   HI 2681 Intro to Europe Hist:1350-Present   : Midterm: A | Final: A, CP 2121Principles of Chemistry Lab I : Midterm: A | Final: A,spring 2017,   CP 2130  Principles of Chemistry II : Midterm: A | Final: A,   EL 2239 Horror Literature  : Midterm: B | Final: B+, AS 2122 American People II     : Midterm: B+ | Final: B+, VA2010 Intro. to Creative Thinking    : Midterm: A | Final: A,fall 2017 ,  CP 2240  General Physics I: Midterm: A | Final: A,  CP 2120 Principles of Chemistry I : Midterm: B | Final: B+,CP 4720  Physical Chemistry Lab : Midterm: B+ | Final: C+,  VA2020 Basic Design   : Midterm: A | Final: A,spring 2018,  CP 4710 Physical Chemistry II : Midterm: A | Final: A,    EL 3600 US Literature I   : Midterm: B | Final: B+,   VA2030 Drawing   : Midterm: B+ | Final: B+,  VA2045 Introduction to Color   : Midterm: A | Final: A,fall  2018, CP 4800 Adv Chemical Methods: Lect/Lab : Midterm: A | Final: A,    CP 2240  General Physics I  Midterm: B | Final: B+,  VA2500 Art History I: 19th Century Art    : Midterm: B+ | Final: B+,  VA3400 Digital Imaging   : Midterm: A | Final: A,spring 2019,  CP 2250 General Physics II : Midterm: A | Final: A,   CP 2251 General Physics II Lab : Midterm: B | Final: B+,   CP 3230  Math Methods: Physical Science   : Midterm: B+ | Final: B+,  MA 3160  Linear Algebra   : Midterm: A | Final: A,fall 2019, MA 3330  Calc & Analyt Geometry III : Midterm: A | Final: A, CP 5920 Seminar I: Midterm: B | Final: B+, CP 2120 Principles of Chemistry I   : Midterm: B+ | Final: B+,  CP 3300 Organic Chemistry I  : Midterm: A | Final: A,606b5915962b7170e065a1db,Full Time,700218378,Kevon Blackney,qjf1Fsb,9/21/1995,327 Truax Lane,spring 2020, CP 2131 Principles Chemistry Lab II : Midterm: A | Final: A,   MA 4360  Differential Equations : Midterm: B | Final: B+,   CP 5921 Seminar II : Midterm: B+ | Final: B+, CP 4520 Biochemistry Lab: Midterm: A | Final: A,,0
emulhill41@cbslocal.com,Biological Sciences,,,,,,,,,,,,,,,,,,,,,,,,,,,,,,,,,,,,,,,,,,,,,Undergraduate - Sophomore,fall 2019,  VA2010 Intro. to Creative Thinking  : Midterm: A | Final: A, BS4460 Genetics  : Midterm: B | Final: B+,  VA2030 Drawing    : Midterm: C+ | Final: C+,  BS4400 Cell Biology: Midterm: A | Final: A,spring 2020, EL 1000 English Comp I: Exposition   : Midterm: A | Final: A,  VA2020 Basic Design   : Midterm: B | Final: B+,   : Midterm: B+ | Final: B+, BS4440 Evolution: Midterm: A | Final: A,fall 2020,  EL 2239 Horror Literature  : Midterm: A | Final: A,  AS 2112 American People I  : Midterm: B | Final: B+,  BS2490 Environmental Science  : Midterm: B+ | Final: B,  BS3450 Plant Biology : Midterm: A | Final: B,,,,,,,,,,,,,,,,,,,,,606b5915962b7170e065a1dc,Part Time,700817155,Elinore Mulhill,8xlp8vu0,8/5/1996,89534 Gulseth Parkway,,,,,,,0
fwims42@constantcontact.com,Philosophy and Religion,,,,,,,,,,,,,,,,,,,,,,,,,,,,,,,,,,,,,,,,,,,,,Undergraduate - Junior,fall 2018, HI1010 World Religions: West : Midterm: A | Final: A,  EL 1000 English Comp I: Exposition   : Midterm: A | Final: A,   HI 2681 Intro to Europe Hist:1350-Present   : Midterm: A | Final: A, AS 2112 American People I    : Midterm: A | Final: A,spring 2019,   HI1020 World Religions: East : Midterm: A | Final: A,   EL 2239 Horror Literature  : Midterm: B | Final: B+, AS 2122 American People II     : Midterm: A | Final: A, VA2010 Intro. to Creative Thinking    : Midterm: A | Final: A,fall 2019,  HI2720 Introduction to Philosophy : Midterm: A | Final: A,  HI2155 Introduction to Comparative Religion : Midterm: B | Final: B+,   EL 3600 US Literature I   : Midterm: B+ | Final: B+,  VA2020 Basic Design   : Midterm: A | Final: A,spring 2020,  HI2700 Introduction to Logic: Midterm: A | Final: A,  HI3011 Foundations of Judeo-Christian Tradition : Midterm: B | Final: B+,   VA2030 Drawing   : Midterm: B+ | Final: B+,  VA2045 Introduction to Color   : Midterm: A | Final: A,fall  2020, HI3080 Asian Cultures : Midterm: A | Final: A,    HI3091 African Cultures : Midterm: B | Final: B+,  VA2500 Art History I: 19th Century Art    : Midterm: B+ | Final: B+,  VA3400 Digital Imaging   : Midterm: A | Final: A,,,,,,,,,,,606b5915962b7170e065a1dd,Full Time,700337246,Freemon Wims,QM08fncwW,7/10/1997,55 Armistice Center,,,,,,,0
dellesworthe44@elpais.com,Media and Communications,,,,,,,,,,,,,,,,,,,,,,,,,,,,,,,,,,,,,,,,,,,,,Graduate,fall 2016, AS2020 New Media CE    : Midterm: A | Final: A,  EL 1000 English Comp I: Exposition   : Midterm: B | Final: B+,  VA2320 Graphic Design I    : Midterm: A| Final: A,   HI 3110 Latin American Culture  : Midterm: A | Final: A,spring 2017,  AS2652 Media Studies  : Midterm: A | Final: A,    AS2700 The Engaged Eye : Midterm: B | Final: A,   EL 2239 Horror Literature   : Midterm: A | Final: A,   HI 4632 Japanese History Through Literature  : Midterm: A | Final: A,fall 2017,  AS3310 From Citizen to Consumer  : Midterm: A | Final: A,   AS3632 History of U.S. Film  : Midterm: B | Final: B+,   EL 3800 Eng Lit I:Beowulf-18th Century   : Midterm: C+ | Final: C+, HI 4800  History of India    : Midterm: A | Final: A,spring 2018,  AS3712 American Film Genres  : Midterm: A | Final: A,    AS3722 History of Mass Media : Midterm: B | Final: B+,  AS3732 Politics of Media    : Midterm: B+ | Final: B+,    VA2010 Intro. to Creative Thinking : Midterm: A | Final: A,fall  2018,  AS3735 Documentary Media Studies  : Midterm: A | Final: A,  AS3742 Myths and Images in Film   : Midterm: B | Final: B+,  AS3745 Feminine and Masculine in Film    : Midterm: A| Final: A,   VA3200 Art Tutorials I  : Midterm: A | Final: A,spring 2019,  AS3810 Music and Media  : Midterm: A | Final: A,  AS3830 Public Relations and Society   : Midterm: A | Final: A, AS3842 African-Americans and the Mass Media      : Midterm: A | Final: A,   VA4200 Art Tutorials II  : Midterm: A | Final: A,fall 2019,  AS3852 Women and the Media  : Midterm: A | Final: A,  AS4160 Special Topics in Media Studies   : Midterm: A | Final: B+,  VA5200 Art Tutorials III : Midterm: A | Final: A,  VA2500 Art History I: 19th Century Art   : Midterm: A | Final: A,606b5915962b7170e065a1de,Full Time,700206929,Deane Ellesworthe,gdnVilgbM,4/20/1998,3 Lakewood Gardens Circle,spring 2020,  AS4280 Global Media  : Midterm: A | Final: A,   AS4722 Film: Ideas and Aesthetics  : Midterm: A | Final: A, AS4725 The Photograph and American Culture         : Midterm: A | Final: A,  AS4732 Political Film   : Midterm: A | Final: A,,0
mbodker45@china.com.cn,Health and Society,,,,,,,,,,,,,,,,,,,,,,,,,,,,,,,,,,,,,,,,,,,,,Undergraduate - Senior,fall 2017, BS 2100 Biology for Non-Science Majors : Midterm: A | Final: A,  EL 1000 English Comp I: Exposition   : Midterm: B | Final: B+,   HI 2681 Intro to Europe Hist:1350-Present   : Midterm: A | Final: A, AS 2112 American People I    : Midterm: A | Final: A,spring 2018,BS 2300  Anatomy&Physiology I Lecture : Midterm: A | Final: A,   EL 2239 Horror Literature  : Midterm: B | Final: B+, AS 2122 American People II     : Midterm: A | Final: A, VA2010 Intro. to Creative Thinking    : Midterm: A | Final: A,fall 2018,  BS 2310  Anatomy&Physiology II Lecture : Midterm: A | Final: A,BS 2410  Basic Bio Sciences II : Midterm: B | Final: B+,   EL 3600 US Literature I   : Midterm: B+ | Final: B+,  VA2020 Basic Design   : Midterm: A | Final: A,spring 2019,  PH 3600  Social Determinants of Health : Midterm: A | Final: A,  PH 3610 Intro.-U.S.Health Care System: Midterm: B | Final: B+,   VA2030 Drawing   : Midterm: B+ | Final: B+,  VA2045 Introduction to Color   : Midterm: A | Final: A,fall  2019, PH 4670 Biostatistics : Midterm: A | Final: A,    PH 4800 Epidemiology : Midterm: B | Final: B+,  VA2500 Art History I: 19th Century Art    : Midterm: B+ | Final: B+,  VA3400 Digital Imaging   : Midterm: A | Final: A,spring 2020,  PH 4900 Community Health Field Placmt : Midterm: A | Final: A,   PH 4450 Human Sexuality : Midterm: B | Final: B+,   PH 3700  Medical Anthropology : Midterm: B+ | Final: B+,  PH 4600  Health Program Planning & Eval  : Midterm: A | Final: A,fall 2020, PH 4610 Women's Health : Midterm: A | Final: A,  PY2340 Community Psychology: Midterm: B | Final: B+, PH 4631  Mental Health    : Midterm: B+ | Final: B+,  PH 4661  Health Education  : Midterm: A | Final: A,606b5915962b7170e065a1df,Part Time,700300838,Magdalene Bodker,ujinpnpO,8/21/1998,20 Algoma Street,,,,,,,0
gwhaymand48@constantcontact.com,Sociology,,,,,,,,,,,,,,,,,,,,,,,,,,,,,,,,,,,,,,,,,,,,,Undergraduate - Junior,fall 2018, SY2400 Sociology Through the Arts : Midterm: A | Final: A,  EL 1000 English Comp I: Exposition   : Midterm: B | Final: B+,   HI 2681 Intro to Europe Hist:1350-Present   : Midterm: C+ | Final: C+, AS 2112 American People I    : Midterm: A | Final: A,spring 2019,   SY2550 Social Problems: Midterm: A | Final: A,   EL 2239 Horror Literature  : Midterm: B | Final: B+, AS 2122 American People II     : Midterm: C+ | Final: B, VA2010 Intro. to Creative Thinking    : Midterm: A | Final: A,fall 2019,  SY2600 Social Deviance: Midterm: A | Final: A,  SY2800 Race : Midterm: B | Final: B+,   EL 3600 US Literature I   : Midterm: B+ | Final: B+,  VA2020 Basic Design   : Midterm: A | Final: A,spring 2020, SY3160 Sociology of Culture: Midterm: A | Final: A,  SY3280 Social Inequality: Midterm: B | Final: B+, VA3400 Digital: Midterm: B+ | Final: B+,  VA2045 Introduction to Color   : Midterm: A | Final: A,fall  2020, SY3630 Political Sociology : Midterm: A | Final: A,    SY3700 Family and Society : Midterm: B | Final: B+,  VA2500 Art History I: 19th Century Art    : Midterm: B+ | Final: B+, Imaging      VA2030 Drawing     : Midterm: A | Final: A,,,,,,,,,,,606b5915962b7170e065a1e0,Part Time,700404026,Gaston Whaymand,ywCeTCmPT33,6/5/1995,56691 Sullivan Parkway,,,,,,,0
mquinion43@livejournal.com,Adolescence Education: Social Studies (7-12),,,,,,,,,,,,,,,,,,,,,,,,,,,,,,,,,,,,,,,,,,,,,Undergraduate - Senior,fall 2017,   AS 2112 American People I : Midterm: A | Final: A,  EL 1000 English Comp I: Exposition   : Midterm: B | Final: B+,   HI 4308 History Modern Middle East   : Midterm: A | Final: A,  VA3200 Art Tutorials I   : Midterm: A | Final: A,spring 2018,  AS 2122 American People II  : Midterm: A | Final: A,   HI 3835 Islamic Cultures  : Midterm: B | Final: B+,   EL 2239 Horror Literature   : Midterm: C+ | Final: C+,   VA4200 Art Tutorials II  : Midterm: A | Final: A,fall 2018,  HI 3080   Asian Cultures  : Midterm: A | Final: A,   HI 3110 Latin American Culture  : Midterm: B | Final: B+,   EL 3010  Structure & Grammar of English   : Midterm: C+ | Final: C+,  VA5200 Art Tutorials III   : Midterm: A | Final: A,spring 2019,  HI 3091 African Cultures  : Midterm: A | Final: A,  VA2010 Intro. to Creative Thinking   : Midterm: B | Final: B+,   HI 4308 History Modern Middle East   : Midterm: C+ | Final: C+,  HI 7500 Questioning Global History   : Midterm: A | Final: A,fall  2019,   VA2020 Basic Design : Midterm: A | Final: A,   HI 3835 Islamic Cultures  : Midterm: B | Final: B+,    HI 6565 Topics in the History of India  : Midterm: C+ | Final: C+,  HI 6540 Topics in European History   : Midterm: A | Final: A,spring 2020, HI 3640  African History   : Midterm: A | Final: A,   HI 2681 Intro to Europe Hist:1350-Present  : Midterm: B | Final: B+,  HI 6530 Econ:Theories    : Midterm: C+ | Final: C+,   HI 6520 US Constitutional&Polticl Hist  : Midterm: A | Final: A,fall 2020,  ED 6085 Mthd/Mtrls Teach Socl Stds MAT  : Midterm: A | Final: A,    ED 6095 Literacy : Midterm: B | Final: B+,  ED 6903 Student Teaching:Social Stds    : Midterm: A | Final: A,  HI 6510 Topics in US History   : Midterm: A | Final: A,606b5915962b7170e065a1e1,Part Time,700076783,Malinde Quinion,hDC1JqrKb9,11/15/1998,4 Monica Drive,,,,,,,0
gsexton47@woothemes.com,Adolescence Education: Mathematics (7-12),,,,,,,,,,,,,,,,,,,,,,,,,,,,,,,,,,,,,,,,,,,,,Graduate,fall 2016, MA2310 Calculus and Analytic Geometry I: Midterm: A | Final: A,  EL 1000 English Comp I: Exposition   : Midterm: B | Final: B+,   HI 2681 Intro to Europe Hist:1350-Present   : Midterm: C+ | Final: C+, AS 2112 American People I    : Midterm: A | Final: A,spring 2017,   MA2320 Calculus and Analytic Geometry II: Midterm: A | Final: A,   EL 2239 Horror Literature  : Midterm: B | Final: B+, AS 2122 American People II     : Midterm: C+ | Final: C+, VA2010 Intro. to Creative Thinking    : Midterm: A | Final: A,fall 2017,  MA3030 Discrete Mathematics: Midterm: A | Final: A,  MA3160 Linear Algebra: Midterm: B | Final: B+,   EL 3600 US Literature I   : Midterm: B+ | Final: B+,  VA2020 Basic Design   : Midterm: A | Final: A,spring 2018, MA3210 Intro. To Probability & Statistics: Midterm: A | Final: A, MA3330 Calculus and Analytic Geometry III  : Midterm: B | Final: B+,   VA2030 Drawing   : Midterm: B+ | Final: B+,  VA2045 Introduction to Color   : Midterm: A | Final: A,fall  2018, MA3520 Transition to Advanced Mathematics: Midterm: A | Final: A,    MA4360 Differential Equations : Midterm: B | Final: B+,  VA2500 Art History I: 19th Century Art    : Midterm: B+ | Final: B+,  VA3400 Digital Imaging   : Midterm: A | Final: A,spring 2019,  MA5120 Abstract Algebra I : Midterm: A | Final: A,   MA5320 Advanced Calculus I: Midterm: B | Final: B+,   CS2510 Computer Programming I : Midterm: B+ | Final: B+,  MA4100 Number Theory  : Midterm: A | Final: A,fall 2019, MA4200 Probability : Midterm: A | Final: A,  MA4510 Geometry: Midterm: B | Final: B+, MA4910 Operations Research I   : Midterm: B+ | Final: B+,  MA5230 Mathematical Statistics : Midterm: A | Final: A,606b5915962b7170e065a1e2,Full  Time,700897357,Gaby Sexton,iBRPngM8lFBU,4/27/1997,31769 Westridge Trail,spring 2020, MA4920 Operations Research II: Midterm: A | Final: A,   MA5380 Complex Analysis : Midterm: B | Final: B+,   MA5510 Topology : Midterm: B+ | Final: B+, CS2511 Computer Programming II Midterm: A | Final: A,,0
mwillgress46@bravesites.com,Undecided,,,,,,,,,,,,,,,,,,,,,,,,,,,,,,,,,,,,,,,,,,,,,Undergraduate - Senior,fall 2016, PE2300 Introduction to Law   : Midterm: A | Final: A,  EL 1000 English Comp I: Exposition   : Midterm: B | Final: B+,   HI 2681 Intro to Europe Hist:1350-Present   : Midterm: C+ | Final: C+, AS 2112 American People I    : Midterm: A | Final: A,spring 2017,   PE2650 Introduction to U.S. Politics : Midterm: A | Final: A,   EL 2239 Horror Literature  : Midterm: B | Final: B+, AS 2122 American People II     : Midterm: C+ | Final: C+, VA2010 Intro. to Creative Thinking    : Midterm: A | Final: A,fall 2017,  IR2210 Unions and Management: An Introduction  : Midterm: A | Final: A,  PE2220 Introduction to Urban Issues   : Midterm: B | Final: B+,   EL 3600 US Literature I   : Midterm: C+ | Final: B,  VA2020 Basic Design   : Midterm: A | Final: A,spring 2018,  PE2400 Introduction to Political Economy  : Midterm: A | Final: A,  PE3100 International Relations   : Midterm: B | Final: B+,   VA2030 Drawing   : Midterm: C+ | Final: B,  VA2045 Introduction to Color   : Midterm: A | Final: A,fall  2018, PE4320 Jurisprudence: Legal Thought   : Midterm: A | Final: A,    PE4470 History of Economic Thought : Midterm: B | Final: B+,  VA2500 Art History I: 19th Century Art    : Midterm: C+ | Final: B,  VA3400 Digital Imaging   : Midterm: A | Final: A,spring 2019,  PE4620 Political and Social Thought  : Midterm: A | Final: A,   PE4580 Origins of the Capitalist Economy  : Midterm: B | Final: B+,   PE4590 Global Economy in the 20th Century   : Midterm:A | Final: A,  PE 2650 Intro to U.S. Politics   : Midterm: A | Final: A,fall 2019, IR 2210 Unions & Management: An Intro   : Midterm: A | Final: A,  IR 3140 Unions & Public Policy   : Midterm: B | Final: B+, IR 3300 CollectiveBarg & GrievanceProc     : Midterm: A | Final: A,  IR 4320 Labor & Employment Law   : Midterm: A | Final: A,606b5915962b7170e065a1e3,Full Time,700288968,Melloney Willgress,HxLv0OMNl,11/2/1995,2 Morningstar Lane,spring 2020, BU3600 Principles Business Law   : Midterm: A | Final: A,   IR 3415 Labor Economics  : Midterm: B | Final: B+,   IR 3860 Development of the Modern Corp   : Midterm: C+ | Final: B, BU 5125  Business Ethics    : Midterm: A | Final: A,,0
tballentime49@nytimes.com,Spanish Language,,,,,,,,,,,,,,,,,,,,,,,,,,,,,,,,,,,,,,,,,,,,,Undergraduate - Sophomore,fall 2019, ML2100 Intermediate Spanish Conversation I: Midterm: A | Final: A,  EL 1000 English Comp I: Exposition   : Midterm: B | Final: B+,   HI 2681 Intro to Europe Hist:1350-Present   : Midterm: B+ | Final: B+, AS 2112 American People I    : Midterm: A | Final: A,spring 2020,   ML2110 Intermediate Spanish Conversation II: Midterm: A | Final: A,   EL 2239 Horror Literature  : Midterm: B | Final: B+, AS 2122 American People II     : Midterm: B+ | Final: B+, VA2010 Intro. to Creative Thinking    : Midterm: A | Final: A,fall 2020,  ML3100 Advanced Spanish Conversation and Composition : Midterm: A | Final: A,  ML3362 Advanced Spanish Grammar and Composition: Midterm: B | Final: B+,   EL 3600 US Literature I   : Midterm: B+ | Final: B+,  VA2020 Basic Design   : Midterm: A | Final: A,,,,,,,,,,,,,,,,,,,,,606b5915962b7170e065a1e4,Full Time,700636775,Tatum Ballentime,JBy5vBXHqs,11/8/1998,412 Namekagon Crossing,,,,,,,0
jscafe4a@omniture.com,Adolescence Education: Mathematics (7-12),,,,,,,,,,,,,,,,,,,,,,,,,,,,,,,,,,,,,,,,,,,,,Graduate,fall 2016, MA2310 Calculus and Analytic Geometry I: Midterm: A | Final: A,  EL 1000 English Comp I: Exposition   : Midterm: B | Final: B+,   HI 2681 Intro to Europe Hist:1350-Present   : Midterm: C+ | Final: C+, AS 2112 American People I    : Midterm: A | Final: A,spring 2017,   MA2320 Calculus and Analytic Geometry II: Midterm: A | Final: A,   EL 2239 Horror Literature  : Midterm: B | Final: B+, AS 2122 American People II     : Midterm: C+ | Final: C+, VA2010 Intro. to Creative Thinking    : Midterm: A | Final: A,fall 2017,  MA3030 Discrete Mathematics: Midterm: A | Final: A,  MA3160 Linear Algebra: Midterm: B | Final: B+,   EL 3600 US Literature I   : Midterm: B+ | Final: B+,  VA2020 Basic Design   : Midterm: A | Final: A,spring 2018, MA3210 Intro. To Probability & Statistics: Midterm: A | Final: A, MA3330 Calculus and Analytic Geometry III  : Midterm: B | Final: B+,   VA2030 Drawing   : Midterm: B+ | Final: B+,  VA2045 Introduction to Color   : Midterm: A | Final: A,fall  2018, MA3520 Transition to Advanced Mathematics: Midterm: A | Final: A,    MA4360 Differential Equations : Midterm: B | Final: B+,  VA2500 Art History I: 19th Century Art    : Midterm: B+ | Final: B+,  VA3400 Digital Imaging   : Midterm: A | Final: A,spring 2019,  MA5120 Abstract Algebra I : Midterm: A | Final: A,   MA5320 Advanced Calculus I: Midterm: B | Final: B+,   CS2510 Computer Programming I : Midterm: B+ | Final: B+,  MA4100 Number Theory  : Midterm: A | Final: A,fall 2019, MA4200 Probability : Midterm: A | Final: A,  MA4510 Geometry: Midterm: B | Final: B+, MA4910 Operations Research I   : Midterm: B+ | Final: B+,  MA5230 Mathematical Statistics : Midterm: A | Final: A,606b5915962b7170e065a1e5,Full Time,700045593,Jamaal Scafe,kGlbhlK,3/2/1996,5918 Merrick Crossing,spring 2020, MA4920 Operations Research II: Midterm: A | Final: A,   MA5380 Complex Analysis : Midterm: B | Final: B+,   MA5510 Topology : Midterm: B+ | Final: B+, CS2511 Computer Programming II Midterm: A | Final: A,,0
aiverson4b@adobe.com,Business Administration,,,,,,,,,,,,,,,,,,,,,,,,,,,,,,,,,,,,,,,,,,,,,Undergraduate - Junior,fall 2018, BU 3010 Information Systems for Managers   : Midterm: A | Final: A,   BU 3502 Principles of Accounting I  : Midterm: B | Final: B+,   EL 1000 English Comp I: Exposition   : Midterm: A | Final: A,   AS 2112 American People I  : Midterm: A | Final: A,spring 2019,  MA 2300 Calc/Business & Economics  : Midterm: A | Final: A,   BU3600 Principles Business Law  : Midterm: B | Final: B+,   AS 2122 American People II   : Midterm: A | Final: A,   BU 3800 Marketing: Principles&Concepts  : Midterm: A | Final: A,fall 2019, BU 4110 Organizational Behavior & Mgmt   : Midterm: A | Final: A, BU 4120  Global Business    : Midterm: B | Final: B-,  EL 2239 Horror Literature    : Midterm: A | Final: A,  HI 2681 Intro to Europe Hist:1350-Present   : Midterm: A | Final: B,spring 2020,  EL 3600 US Literature I: Midterm: A | Final: B-,   HI 3640  African History  : Midterm: B | Final: B+,  VA2010 Intro. to Creative Thinking    : Midterm: B | Final: B,    VA2500 Art History I: 19th Century Art : Midterm: A | Final: B,fall  2020, BU 5171 Human Resource Management     : Midterm: A | Final: A,   BU 5196 Leadership  : Midterm: B | Final: B+, VA3100 Visual Culture     : Midterm: B+ | Final: B,   VA4460 Digital Animation  : Midterm: A | Final: A,,,,,,,,,,,606b5915962b7170e065a1e6,Full Time,700626398,Aliza Iverson,y7Uz37zsfT,8/23/1995,688 Garrison Court,,,,,,,0
gharbard4d@nasa.gov,Chemistry,,,,,,,,,,,,,,,,,,,,,,,,,,,,,,,,,,,,,,,,,,,,,Graduate,fall 2016, CP 4700  Physical Chemistry I : Midterm: A | Final: B,  EL 1000 English Comp I: Exposition   : Midterm: B | Final: C+,   HI 2681 Intro to Europe Hist:1350-Present   : Midterm: A | Final: A, CP 2121Principles of Chemistry Lab I : Midterm: A | Final: A,spring 2017,   CP 2130  Principles of Chemistry II : Midterm: A | Final: A,   EL 2239 Horror Literature  : Midterm: B | Final: B+, AS 2122 American People II     : Midterm: B+ | Final: B+, VA2010 Intro. to Creative Thinking    : Midterm: A | Final: A,fall 2017 ,  CP 2240  General Physics I: Midterm: A | Final: A,  CP 2120 Principles of Chemistry I : Midterm: B | Final: B+,CP 4720  Physical Chemistry Lab : Midterm: B+ | Final: C+,  VA2020 Basic Design   : Midterm: A | Final: A,spring 2018,  CP 4710 Physical Chemistry II : Midterm: A | Final: A,   EL 3600 US Literature I   : Midterm: B | Final: B+,   VA2030 Drawing   : Midterm: B+ | Final: B+,  VA2045 Introduction to Color   : Midterm: A | Final: A,fall  2018, CP 4800 Adv Chemical Methods: Lect/Lab : Midterm: A | Final: A,    CP 2240  General Physics I  Midterm: B | Final: B+,  VA2500 Art History I: 19th Century Art    : Midterm: B+ | Final: B+,  VA3400 Digital Imaging   : Midterm: A | Final: A,spring 2019,  CP 2250 General Physics II : Midterm: A | Final: A,   CP 2251 General Physics II Lab : Midterm: B | Final: B+,   CP 3230  Math Methods: Physical Science   : Midterm: B+ | Final: B+,  MA 3160  Linear Algebra   : Midterm: A | Final: A,fall 2019, MA 3330  Calc & Analyt Geometry III : Midterm: A | Final: A, CP 5920 Seminar I: Midterm: B | Final: B+, CP 2120 Principles of Chemistry I   : Midterm: B+ | Final: B+,  CP 3300 Organic Chemistry I  : Midterm: A | Final: A,606b5915962b7170e065a1e7,Full Time,700261746,Goldy Harbard,yE5p684,7/7/1995,412 Columbus Pass,spring 2020, CP 2131 Principles Chemistry Lab II : Midterm: A | Final: A,   MA 4360  Differential Equations : Midterm: B | Final: B+,   CP 5921 Seminar II : Midterm: B+ | Final: B+, CP 4520 Biochemistry Lab: Midterm: A | Final: A,,0
ffellona4f@vinaora.com,Special Education and Childhood Education (1-6),,,,,,,,,,,,,,,,,,,,,,,,,,,,,,,,,,,,,,,,,,,,,Graduate,fall 2016,  ED3700 Child Development  I: Midterm: B | Final: B,   EL 1000 English Comp I: Exposition  : Midterm: A | Final: B+,   AS 2112 American People I   : Midterm: A | Final: A,  VA3200 Art Tutorials I   : Midterm: A | Final: A,spring 2017,   ED4121 Methods and Materials for Teaching Elementary Science Majors : Midterm: A | Final: A,   EL 2239 Horror Literature  : Midterm: B | Final: B+, VA2030 Drawing   : Midterm: B | Final: B, VA2010 Intro. to Creative Thinking    : Midterm: A | Final: A,fall 2017,  ED4122 Methods and Materials for Teaching Elementary Math Methods : Midterm: A | Final: A,  ED4850 Instructional Design & Delivery for Students with Disabilities : Midterm: B | Final: B+,   EL 3600 US Literature I   : Midterm: B+ | Final: B+,  VA2020 Basic Design   : Midterm: A | Final: A,spring 2018,  ED4300 Assessment and Evidence-based Decision Making in Special Education : Midterm: A | Final: A,  ED4810 Positive Behavior Supports and Interventions for Students with Disabilities  : Midterm: B | Final: B+,   VA2030 Drawing   : Midterm: B+ | Final: B+,  VA2045 Introduction to Color   : Midterm: A | Final: A,fall  2018, PY3420 Learning & Motivation: Midterm: A | Final: A,    PY3610 Brain & Behavior: Midterm: B | Final: B+,  VA2500 Art History I: 19th Century Art    : Midterm: B+ | Final: B+,  VA3400 Digital Imaging   : Midterm: A | Final: A,spring 2019,  ED4890 Effective Practices for Students with Low Incidence Disabilities : Midterm: A | Final: A,   ED5930 Internship: Meeting the Needs of Diverse Learners: Midterm: B | Final: B+,   ED5960 Student Teaching and Seminar : Midterm: B+ | Final: B+,  SY2400 Sociology Through the Arts : Midterm: A | Final: A,fall 2019, SY2550 Social Problems : Midterm: A | Final: A,  SY2600 Social Deviance : Midterm: B | Final: B+, PY2010 Introduction to Psychology   : Midterm: B+ | Final: B+,  PY3110 Research Methods I: (Orientation) : Midterm: A | Final: A,606b5915962b7170e065a1e8,Full Time,700735158,Fons Fellona,84MAaQ,4/22/1997,16 Truax Park,spring 2020, PY3120 Research Methods II: (Statistics): Midterm: A | Final: A,   PY3215 Foundations of Child Development: Midterm: B | Final: B+,   PY4130 Field Experience and Research : Midterm: B+ | Final: B+, PY3410 Cognitive Psychology: Midterm: A | Final: A,,0
spiet4g@springer.com,Media and Communications,,,,,,,,,,,,,,,,,,,,,,,,,,,,,,,,,,,,,,,,,,,,,Undergraduate - Junior,fall 2018, AS2020 New Media CE   : Midterm: A | Final: A,   VA2010 Intro. to Creative Thinking  : Midterm: B | Final: B+, HI 2681 Intro to Europe Hist:1350-Present     : Midterm: B+ | Final: B, EL 1000 English Comp I: Exposition    : Midterm: A | Final: A,spring 2019, AS2652 Media Studies   : Midterm: A | Final: A,   VA2020 Basic Design  : Midterm: B | Final: B+,   AS 2112 American People I   : Midterm: B | Final: B, EL 2239 Horror Literature    : Midterm: A | Final: A,fall 2019,  AS2700 The Engaged Eye  : Midterm: A | Final: A,    AS3310 From Citizen to Consumer : Midterm: B | Final: B+, VA2030 Drawing     : Midterm: B+ | Final: B, VA2045 Introduction to Color  : Midterm: A | Final: A,spring 2020,   AS3632 History of U.S. Film : Midterm: A | Final: A,   AS3712 American Film Genres  : Midterm: B | Final: B+, AS 2122 American People II      : Midterm: B | Final: B,  VA2500 Art History I: 19th Century Art  : Midterm: A | Final: A,fall  2020, AS3722 History of Mass Media   : Midterm: A | Final: A,   AS3732 Politics of Media  : Midterm: B | Final: B+,  AS3735 Documentary Media Studies    : Midterm: B+ | Final: B,  EL 3010  Structure & Grammar of English  : Midterm: A | Final: A,,,,,,,,,,,606b5915962b7170e065a1e9,Full Time,700311108,Sonni Piet,ONCl7Ap,10/30/1997,599 Mandrake Street,,,,,,,0
kdufaire4c@sciencedirect.com,Sociology,,,,,,,,,,,,,,,,,,,,,,,,,,,,,,,,,,,,,,,,,,,,,Graduate,fall 2016, SY2400 Sociology Through the Arts : Midterm: A | Final: A,  EL 1000 English Comp I: Exposition   : Midterm: B | Final: B+,   HI 2681 Intro to Europe Hist:1350-Present   : Midterm: C+ | Final: B+, AS 2112 American People I    : Midterm: A | Final: A,spring 2017,   SY2550 Social Problems: Midterm: A | Final: A,   EL 2239 Horror Literature  : Midterm: B | Final: B+, AS 2122 American People II     : Midterm: C+ | Final: C+, VA2010 Intro. to Creative Thinking    : Midterm: A | Final: A,fall 2017,  SY2600 Social Deviance: Midterm: A | Final: A,  SY2800 Race : Midterm: B | Final: B+,   EL 3600 US Literature I   : Midterm: B+ | Final: B+,  VA2020 Basic Design   : Midterm: A | Final: A,spring 2018, SY3160 Sociology of Culture: Midterm: A | Final: A,  SY3280 Social Inequality: Midterm: B | Final: B+,   VA2030 Drawing   : Midterm: B+ | Final: B+,  VA2045 Introduction to Color   : Midterm: A | Final: A,fall  2018, SY3630 Political Sociology : Midterm: A | Final: A,    SY3700 Family and Society : Midterm: B | Final: B+,  VA2500 Art History I: 19th Century Art    : Midterm: B+ | Final: B+,  VA3400 Digital Imaging   : Midterm: A | Final: A,spring 2019,  SY3750 Medical Sociology : Midterm: A | Final: A,   SY3800 Race and Ethnicity: Midterm: B | Final: B+,   SY3900 Social Movements : Midterm: B+ | Final: B+,  SY3910 Sociology of Work : Midterm: A | Final: A,fall 2019, SY4260 Social Work: Theory and Practice : Midterm: A | Final: A,  SY4270 Internship in Social Work : Midterm: B | Final: B+, Sociology and Criminology : Midterm: B+ | Final: B+,SY4400 Social Psychology   : Midterm: A | Final: A,606b5915962b7170e065a1ea,Full Time,700932156,Krispin Dufaire,mT6XiAA,7/3/1998,769 Cascade Circle,spring 2020, SY4500 Global Sociology : Midterm: A | Final: A,   SY4600 Social Programs : Midterm: B | Final: B+,   SY4810 Law and Justice : Midterm: B+ | Final: B+, SY4830 Gender and Society: Midterm: A | Final: A,,0
plivesley4h@columbia.edu,Computer & Information Science,,,,,,,,,,,,,,,,,,,,,,,,,,,,,,,,,,,,,,,,,,,,,Undergraduate - Sophomore,fall 2019,  VA2010 Intro. to Creative Thinking  : Midterm: A | Final: A, CS 2510 Computer Programming I  : Midterm: B | Final: B+,  VA2030 Drawing    : Midterm: C+ | Final: C+,   AS 2112 American People I  : Midterm: A | Final: A,spring 2020, EL 1000 English Comp I: Exposition   : Midterm: A | Final: A,  VA2020 Basic Design   : Midterm: B | Final: B+,   CS 2511 Computer Programming II     : Midterm: C+ | Final: C+,  CS 3620 Computer Architecture I : Midterm: A | Final: A,fall 2020,  EL 2239 Horror Literature  : Midterm: A | Final: A,  CS 3810  Data Structures & Algorithms : Midterm: B | Final: B+,  HI 2681 Intro to Europe Hist:1350-Present    : Midterm: A | Final: A,  EL 3800 Eng Lit I:Beowulf-18th Century   : Midterm: A | Final: A,,,,,,,,,,,,,,,,,,,,,606b5915962b7170e065a1eb,Full Time,700987987,Paloma Livesley,df0jyT8iU2M,12/1/1998,76305 Thackeray Street,,,,,,,0
hgrinnell4k@cdbaby.com,History,,,,,,,,,,,,,,,,,,,,,,,,,,,,,,,,,,,,,,,,,,,,,Undergraduate - Freshman,fall 2020,  VA2010 Intro. to Creative Thinking  : Midterm: A | Final: A,  VA2020 Basic Design   : Midterm: A | Final: A,  VA2030 Drawing    : Midterm: A| Final: A,   AS 2112 American People I  : Midterm: A | Final: A,,,,,,,,,,,,,,,,,,,,,,,,,,,,,,,606b5915962b7170e065a1ec,,700531178,Heath Grinnell,r97rYXzCEI,11/27/1997,96 Meadow Ridge Avenue,,,,,,,0
rbernardelli4i@businessweek.com,Undecided,,,,,,,,,,,,,,,,,,,,,,,,,,,,,,,,,,,,,,,,,,,,,Graduate,fall 2016,  EL 1000 English Comp I: Exposition  : Midterm: A | Final: A,   HI 2681 Intro to Europe Hist:1350-Present  : Midterm: B | Final: B+,   HI 3080   Asian Cultures: Midterm: C+ | Final: C+,  AS 2112 American People I   : Midterm: A | Final: A,spring 2017,  EL 2239 Horror Literature  : Midterm: A | Final: A,  AS 2122 American People II  : Midterm: B | Final: B+,  HI 3091 African Cultures    : Midterm: C+ | Final: C+,   VA4460 Digital Animation  : Midterm: A | Final: A,fall 2017, EL 3810  Eng Lit II:Romantics - Present: Midterm: A | Final: A,  HI 3110 Latin American Culture : Midterm: B | Final: B+,  HI 3640  African History    : Midterm: C+ | Final: C+,  VA2045 Introduction to Color    : Midterm: A | Final: A,spring 2018, HI 3835 Islamic Cultures   : Midterm: A | Final: A,   HI 4308 History Modern Middle East  : Midterm: B | Final: B+,   HI 4632 Japanese History Through Literature   : Midterm: C+ | Final: C+,  VA2500 Art History I: 19th Century Art   : Midterm: A | Final: A,fall  2018, HI 4800  History of India   : Midterm: A | Final: A,   HI 4900 Modern China-Study Abroad  : Midterm: B | Final: B+,  VA2045 Introduction to Color    : Midterm: C+ | Final: C+,   VA2020 Basic Design  : Midterm: A | Final: A,spring 2019,  HI 4905 Chinese Civilization  : Midterm: A | Final: A,  PE 4690 Politics of Lat Amer/Caribbean   : Midterm: B | Final: B+,    HI 4001 19th Century  : Midterm: C+ | Final: C+, VA2010 Intro. to Creative Thinking    : Midterm: A | Final: A,fall 2019,  HI 4011  20th Century  : Midterm: A | Final: A,  HI 4700  Modern Global Environments   : Midterm: B | Final: B+,  VA3100 Visual Culture    : Midterm: C+ | Final: C+,  MA3160 Linear Algebra   : Midterm: A | Final: A,606b5915962b7170e065a1ed,Full Time,700846986,Rob Bernardelli,lxpptBfZ0V,7/27/1996,8025 Green Ridge Park,spring 2020, HI 3610  America's African Heritage   : Midterm: A | Final: A,   HI 3840 Crescent and Cross  : Midterm: B | Final: B+,   HI 4650   History of African Enslavement   : Midterm: C+ | Final: C+,  EL 3950  Creative Non-Fiction   : Midterm: A | Final: A,,0
dpiwell4j@linkedin.com,History,,,,,,,,,,,,,,,,,,,,,,,,,,,,,,,,,,,,,,,,,,,,,Graduate,fall 2016,  EL 1000 English Comp I: Exposition  : Midterm: A | Final: A,   HI 2681 Intro to Europe Hist:1350-Present  : Midterm: B | Final: B+,   HI 3080   Asian Cultures: Midterm: C+ | Final: C+,  AS 2112 American People I   : Midterm: A | Final: A,spring 2017,  EL 2239 Horror Literature  : Midterm: A | Final: A,  AS 2122 American People II  : Midterm: B | Final: B+,  HI 3091 African Cultures    : Midterm: C+ | Final: C+,   VA4460 Digital Animation  : Midterm: A | Final: A,fall 2017, EL 3810  Eng Lit II:Romantics - Present: Midterm: A | Final: A,  HI 3110 Latin American Culture : Midterm: B | Final: B+,  HI 3640  African History    : Midterm: C+ | Final: C+,  VA2045 Introduction to Color    : Midterm: A | Final: A,spring 2018, HI 3835 Islamic Cultures   : Midterm: A | Final: A,   HI 4308 History Modern Middle East  : Midterm: B | Final: B+,   HI 4632 Japanese History Through Literature   : Midterm: C+ | Final: C+,  VA2500 Art History I: 19th Century Art   : Midterm: A | Final: A,fall  2018, HI 4800  History of India   : Midterm: A | Final: A,   HI 4900 Modern China-Study Abroad  : Midterm: B | Final: B+,  VA2045 Introduction to Color    : Midterm: C+ | Final: C+,   VA2020 Basic Design  : Midterm: A | Final: A,spring 2019,  HI 4905 Chinese Civilization  : Midterm: A | Final: A,  PE 4690 Politics of Lat Amer/Caribbean   : Midterm: B | Final: B+,    HI 4001 19th Century  : Midterm: C+ | Final: C+, VA2010 Intro. to Creative Thinking    : Midterm: A | Final: A,fall 2019,  HI 4011  20th Century  : Midterm: A | Final: A,  HI 4700  Modern Global Environments   : Midterm: B | Final: B+,  VA3100 Visual Culture    : Midterm: C+ | Final: C+,  MA3160 Linear Algebra   : Midterm: A | Final: A,606b5915962b7170e065a1ee,Full Time,700311528,Dyna Piwell,QTFIA0oJm,8/30/1997,6 Tennessee Plaza,spring 2020, HI 3610  America's African Heritage   : Midterm: A | Final: A,   HI 3840 Crescent and Cross  : Midterm: B | Final: B+,   HI 4650   History of African Enslavement   : Midterm: C+ | Final: C+,  EL 3950  Creative Non-Fiction   : Midterm: A | Final: A,,0
heagleton4l@spiegel.de,Psychology,,,,,,,,,,,,,,,,,,,,,,,,,,,,,,,,,,,,,,,,,,,,,Undergraduate - Junior,fall 2018, PY2010 Introduction to Psychology: Midterm: A | Final: A,  EL 1000 English Comp I: Exposition   : Midterm: B | Final: B+,   HI 2681 Intro to Europe Hist:1350-Present   : Midterm: C+ | Final: B, AS 2112 American People I    : Midterm: A | Final: A,spring 2019,   PY3110 Research Methods I: (Orientation): Midterm: A | Final: A,   EL 2239 Horror Literature  : Midterm: B | Final: B+, AS 2122 American People II     : Midterm: C+ | Final: B, VA2010 Intro. to Creative Thinking    : Midterm: A | Final: A,fall 2019,  PY3120 Research Methods II: (Statistics)  : Midterm: A | Final: A,  PY4130 Field Experience and Research: Midterm: B | Final: B+,   EL 3600 US Literature I   : Midterm: B+ | Final: B+,  VA2020 Basic Design   : Midterm: A | Final: A,spring 2020,  PY4100 Research Methods III (Advanced Research Skills)  : Midterm: A | Final: A,  PY3410 Cognitive Psychology   : Midterm: B | Final: B+,   VA2030 Drawing   : Midterm: B+ | Final: B+,  VA2045 Introduction to Color   : Midterm: A | Final: A,fall  2020, PY3420 Learning & Motivation: Midterm: A | Final: A,    PY3610 Brain & Behavior: Midterm: B | Final: B+,  VA2500 Art History I: 19th Century Art    : Midterm: B+ | Final: B+,  VA3400 Digital Imaging   : Midterm: A | Final: A,,,,,,,,,,,606b5915962b7170e065a1ef,Full Time,700039784,Hubie Eagleton,6018QNCG9p,4/14/1997,06 Stephen Crossing,,,,,,,0
hsharvill4e@ihg.com,History,,,,,,,,,,,,,,,,,,,,,,,,,,,,,,,,,,,,,,,,,,,,,Undergraduate - Senior,fall 2017,  EL 1000 English Comp I: Exposition  : Midterm: A | Final: A,   HI 2681 Intro to Europe Hist:1350-Present  : Midterm: B | Final: B+,   HI 3080   Asian Cultures: Midterm: C+ | Final: B+,  AS 2112 American People I   : Midterm: A | Final: A,spring 2018,  EL 2239 Horror Literature  : Midterm: A | Final: A,  AS 2122 American People II  : Midterm: B | Final: B+,  HI 3091 African Cultures    : Midterm: C+ | Final: B+,   VA4460 Digital Animation  : Midterm: A | Final: A,fall 2018, EL 3810  Eng Lit II:Romantics - Present: Midterm: A | Final: A,  HI 3110 Latin American Culture : Midterm: B | Final: B+,  HI 3640  African History    : Midterm: C+ | Final: B,  VA2045 Introduction to Color    : Midterm: A | Final: A,spring 2019, HI 3835 Islamic Cultures   : Midterm: A | Final: A,   HI 4308 History Modern Middle East  : Midterm: B | Final: B+,   HI 4632 Japanese History Through Literature   : Midterm: C+ | Final: C+,  VA2500 Art History I: 19th Century Art   : Midterm: A | Final: A,fall  2019, HI 4800  History of India   : Midterm: A | Final: A,   HI 4900 Modern China-Study Abroad  : Midterm: B | Final: B+,  VA2045 Introduction to Color    : Midterm: C+ | Final: C+,   VA2020 Basic Design  : Midterm: A | Final: A,spring 2020,  HI 4905 Chinese Civilization  : Midterm: A | Final: A,  PE 4690 Politics of Lat Amer/Caribbean   : Midterm: B | Final: B+,    HI 4001 19th Century  : Midterm: C+ | Final: C+, VA2010 Intro. to Creative Thinking    : Midterm: A | Final: A,fall 2020,  HI 4011  20th Century  : Midterm: A | Final: A,  HI 4700  Modern Global Environments   : Midterm: B | Final: B+,  VA3100 Visual Culture    : Midterm: C+ | Final: C+,  MA3160 Linear Algebra   : Midterm: A | Final: A,606b5915962b7170e065a1f0,Full Time,700213881,Hilliary Sharvill,iF9xpJ,8/1/1998,29558 Oak Valley Crossing,,,,,,,0
aelsley4m@trellian.com,Health and Society,,,,,,,,,,,,,,,,,,,,,,,,,,,,,,,,,,,,,,,,,,,,,Undergraduate - Senior,fall 2017, BS 2100 Biology for Non-Science Majors : Midterm: A | Final: A,  EL 1000 English Comp I: Exposition   : Midterm: B | Final: B+,   HI 2681 Intro to Europe Hist:1350-Present   : Midterm: A | Final: A, AS 2112 American People I    : Midterm: A | Final: A,spring 2018,BS 2300  Anatomy&Physiology I Lecture : Midterm: A | Final: A,   EL 2239 Horror Literature  : Midterm: B | Final: B+, AS 2122 American People II     : Midterm: A | Final: A, VA2010 Intro. to Creative Thinking    : Midterm: A | Final: A,fall 2018,  BS 2310  Anatomy&Physiology II Lecture : Midterm: A | Final: A,BS 2410  Basic Bio Sciences II : Midterm: B | Final: B+,   EL 3600 US Literature I   : Midterm: B+ | Final: B+,  VA2020 Basic Design   : Midterm: A | Final: A,spring 2019,  PH 3600  Social Determinants of Health : Midterm: A | Final: A,  PH 3610 Intro.-U.S.Health Care System: Midterm: B | Final: B+,   VA2030 Drawing   : Midterm: B+ | Final: B+,  VA2045 Introduction to Color   : Midterm: A | Final: A,fall  2019, PH 4670 Biostatistics : Midterm: A | Final: A,    PH 4800 Epidemiology : Midterm: B | Final: B+,  VA2500 Art History I: 19th Century Art    : Midterm: B+ | Final: B+,  VA3400 Digital Imaging   : Midterm: A | Final: A,spring 2020,  PH 4900 Community Health Field Placmt : Midterm: A | Final: A,   PH 4450 Human Sexuality : Midterm: B | Final: B+,   PH 3700  Medical Anthropology : Midterm: B+ | Final: B+,  PH 4600  Health Program Planning & Eval  : Midterm: A | Final: A,fall 2020, PH 4610 Women's Health : Midterm: A | Final: A,  PY2340 Community Psychology: Midterm: B | Final: B+, PH 4631  Mental Health    : Midterm: B+ | Final: B+,  PH 4661  Health Education  : Midterm: A | Final: A,606b5915962b7170e065a1f1,Part Time,700066621,Albie Elsley,70fGKej59FJ,5/24/1995,6 Basil Alley,,,,,,,0
wblaschke4q@live.com,Biochemistry,,,,,,,,,,,,,,,,,,,,,,,,,,,,,,,,,,,,,,,,,,,,,Undergraduate - Freshman,fall 2020, CP 2120 Principles of Chemistry I: Midterm: A | Final: A,  EL 1000 English Comp I: Exposition   : Midterm: B | Final: B+,   HI 2681 Intro to Europe Hist:1350-Present   : Midterm: B+ | Final: B+, AS 2112 American People I    : Midterm: A | Final: A,,,,,,,,,,,,,,,,,,,,,,,,,,,,,,,606b5915962b7170e065a1f2,Full Time,700517518,West Blaschke,LbAFOa5A,10/18/1995,9411 Brown Park,,,,,,,0
ydellenbrok4p@vistaprint.com,Psychology,,,,,,,,,,,,,,,,,,,,,,,,,,,,,,,,,,,,,,,,,,,,,Graduate,fall 2016, PY2010 Introduction to Psychology: Midterm: A | Final: A,  EL 1000 English Comp I: Exposition   : Midterm: B | Final: B+,   HI 2681 Intro to Europe Hist:1350-Present   : Midterm: C+ | Final: C+, AS 2112 American People I    : Midterm: A | Final: A,spring 2017,   PY3110 Research Methods I: (Orientation): Midterm: A | Final: A,   EL 2239 Horror Literature  : Midterm: B | Final: B+, AS 2122 American People II     : Midterm: C+ | Final: C+, VA2010 Intro. to Creative Thinking    : Midterm: A | Final: A,fall 2017,  PY3120 Research Methods II: (Statistics)  : Midterm: A | Final: A,  PY4130 Field Experience and Research: Midterm: B | Final: B+,   EL 3600 US Literature I   : Midterm: B+ | Final: B+,  VA2020 Basic Design   : Midterm: A | Final: A,spring 2018,  PY4100 Research Methods III (Advanced Research Skills)  : Midterm: A | Final: A,  PY3410 Cognitive Psychology   : Midterm: B | Final: B+,   VA2030 Drawing   : Midterm: B+ | Final: B+,  VA2045 Introduction to Color   : Midterm: A | Final: A,fall  2018, PY3420 Learning & Motivation: Midterm: A | Final: A,    PY3610 Brain & Behavior: Midterm: B | Final: B+,  VA2500 Art History I: 19th Century Art    : Midterm: B+ | Final: B+,  VA3400 Digital Imaging   : Midterm: A | Final: A,spring 2019,  PY3620 Drugs & Behavior: Midterm: A | Final: A,   PY3215 Foundations of Child Development : Midterm: B | Final: B+,   PY3310 Abnormal Human Behavior   : Midterm: B+ | Final: B+,  PY3311 Theories of Personality   : Midterm: A | Final: A,fall 2019, PY3510 Social Psychology : Midterm: A | Final: A,  PY2340 Community Psychology: Midterm: B | Final: B+, PY2530 Psychology of Prejudice     : Midterm: B+ | Final: B+,  PY2720 Psychology of Gender   : Midterm: A | Final: A,606b5915962b7170e065a1f3,Full Time,700052763,Yancy Dellenbrok,8MkZcf2MCe,7/20/1995,402 Mcbride Point,spring 2020, PY3710 Psychology & Social Justice   : Midterm: A | Final: A,   PH 3600  Social Determinants of Health  : Midterm: B | Final: B+,   PH 3610 Intro.-U.S.Health Care System: Midterm: B+ | Final: B+, PH 5900 Research Methods: Midterm: A | Final: A,,0
rconnew4r@biglobe.ne.jp,English,,,,,,,,,,,,,,,,,,,,,,,,,,,,,,,,,,,,,,,,,,,,,Undergraduate - Freshman,fall 2020,   EL 1000 English Comp I: Exposition : Midterm: A | Final: A,  HI 2681 Intro to Europe Hist:1350-Present   : Midterm: B | Final: B+,   VA2020 Basic Design   : Midterm: B+ | Final: B+,  VA2030 Drawing   : Midterm: A | Final: A,,,,,,,,,,,,,,,,,,,,,,,,,,,,,,,606b5915962b7170e065a1f4,Part Time,700256027,Rora Connew,LxiQrP,8/20/1995,7 Schlimgen Junction,,,,,,,0
ebinner4s@indiatimes.com,Marketing,,,,,,,,,,,,,,,,,,,,,,,,,,,,,,,,,,,,,,,,,,,,,Undergraduate - Junior,fall 2018, MA2300 Calculus for Business & Economics : Midterm: A | Final: A,  EL 1000 English Comp I: Exposition   : Midterm: B | Final: B+,   HI 2681 Intro to Europe Hist:1350-Present   : Midterm: B+ | Final: B+, AS 2112 American People I    : Midterm: A | Final: A,spring 2019,   BU3600 Principles Business Law : Midterm: A | Final: A,   EL 2239 Horror Literature  : Midterm: B | Final: B+, AS 2122 American People II     : Midterm: B+ | Final: B+, VA2010 Intro. to Creative Thinking    : Midterm: A | Final: A,fall 2019,  BU3800 Marketing: Principles & Concepts  : Midterm: A | Final: A,  BU3905 Business Communication : Midterm: B | Final: B+,   EL 3600 US Literature I   : Midterm: B+ | Final: B+,  VA2020 Basic Design   : Midterm: A | Final: A,spring 2020,  PY4100 Research Methods III (Advanced Research Skills)  : Midterm: A | Final: A,  PY3410 Cognitive Psychology   : Midterm: B | Final: B+,   VA2030 Drawing   : Midterm: B+ | Final: B+,  VA2045 Introduction to Color   : Midterm: A | Final: A,fall  2020, PY3420 Learning & Motivation: Midterm: A | Final: A,    PY3610 Brain & Behavior: Midterm: B | Final: B+,  VA2500 Art History I: 19th Century Art    : Midterm: B+ | Final: B+,  VA3400 Digital Imaging   : Midterm: A | Final: A,,,,,,,,,,,606b5915962b7170e065a1f5,Part Time,700908143,Elisha Binner,qeWZFf,7/20/1997,2 Scofield Parkway,,,,,,,0
spalek4n@creativecommons.org,Sociology,,,,,,,,,,,,,,,,,,,,,,,,,,,,,,,,,,,,,,,,,,,,,Graduate,fall 2016, SY2400 Sociology Through the Arts : Midterm: A | Final: A,  EL 1000 English Comp I: Exposition   : Midterm: B | Final: B+,   HI 2681 Intro to Europe Hist:1350-Present   : Midterm: C+ | Final: C+, AS 2112 American People I    : Midterm: A | Final: A,spring 2017,   SY2550 Social Problems: Midterm: A | Final: A,   EL 2239 Horror Literature  : Midterm: B | Final: B+, AS 2122 American People II     : Midterm: C+ | Final: C+, VA2010 Intro. to Creative Thinking    : Midterm: A | Final: A,fall 2017,  SY2600 Social Deviance: Midterm: A | Final: A,  SY2800 Race : Midterm: B | Final: B+,   EL 3600 US Literature I   : Midterm: B+ | Final: B+,  VA2020 Basic Design   : Midterm: A | Final: A,spring 2018, SY3160 Sociology of Culture: Midterm: A | Final: A,  SY3280 Social Inequality: Midterm: B | Final: B+,   VA2030 Drawing   : Midterm: B+ | Final: B+,  VA2045 Introduction to Color   : Midterm: A | Final: A,fall  2018, SY3630 Political Sociology : Midterm: A | Final: A,    SY3700 Family and Society : Midterm: B | Final: B+,  VA2500 Art History I: 19th Century Art    : Midterm: B+ | Final: B+,  VA3400 Digital Imaging   : Midterm: A | Final: A,spring 2019,  SY3750 Medical Sociology : Midterm: A | Final: A,   SY3800 Race and Ethnicity: Midterm: B | Final: B+,   SY3900 Social Movements : Midterm: B+ | Final: B+,  SY3910 Sociology of Work : Midterm: A | Final: A,fall 2019, SY4260 Social Work: Theory and Practice : Midterm: A | Final: A,  SY4270 Internship in Social Work : Midterm: B | Final: B+, Sociology and Criminology : Midterm: B+ | Final: B+,SY4400 Social Psychology   : Midterm: A | Final: A,606b5915962b7170e065a1f6,Full Time,700680997,Skipper Palek,SToRHNGdE,10/17/1998,1 Clyde Gallagher Pass,spring 2020, SY4500 Global Sociology : Midterm: A | Final: A,   SY4600 Social Programs : Midterm: B | Final: B+,   SY4810 Law and Justice : Midterm: B+ | Final: B+, SY4830 Gender and Society: Midterm: A | Final: A,,0
rgoman4o@pbs.org,Adolescence Education: Biology (7-12),,,,,,,,,,,,,,,,,,,,,,,,,,,,,,,,,,,,,,,,,,,,,Undergraduate - Freshman,fall 2020, ED 6000 Foundations of Education   : Midterm: A | Final: B,  EL 1000 English Comp I: Exposition   : Midterm: B | Final: B+,   HI 2681 Intro to Europe Hist:1350-Present   : Midterm: B+ | Final: B+, VA2020 Basic Design    : Midterm: A | Final: B,,,,,,,,,,,,,,,,,,,,,,,,,,,,,,,606b5915962b7170e065a1f7,Part Time,700927767,Robinet Goman,geK4Ot,8/13/1997,8047 Kennedy Crossing,,,,,,,0
cvasiltsov4w@flickr.com,Adolescence Education: Chemistry (7-12),,,,,,,,,,,,,,,,,,,,,,,,,,,,,,,,,,,,,,,,,,,,,Undergraduate - Freshman,fall 2020, CP 4510 Biochemistry I : Midterm: A | Final: A,   CP 2120 Principles of Chemistry I  : Midterm: A | Final: A,   CP 2121 Principles of Chemistry Lab I   : Midterm: C+ | Final: C+,  CP 4520 Biochemistry Lab   : Midterm: A | Final: A,,,,,,,,,,,,,,,,,,,,,,,,,,,,,,,606b5915962b7170e065a1f8,Full Time,700389590,Crichton Vasiltsov,77m7kopQWL,1/5/1995,4 John Wall Pass,,,,,,,0
lgosford4u@mysql.com,Criminology,,,,,,,,,,,,,,,,,,,,,,,,,,,,,,,,,,,,,,,,,,,,,Undergraduate - Junior,fall 2018, SY 1500  Intro Sociology: Midterm: A | Final: A,  EL 1000 English Comp I: Exposition   : Midterm: B | Final: B+,   HI 2681 Intro to Europe Hist:1350-Present   : Midterm: C+ | Final: C+, AS 2112 American People I    : Midterm: A | Final: A,spring 2019,   CR 1500 Intro to Criminology : Midterm: A | Final: A,   EL 2239 Horror Literature  : Midterm: B | Final: B+, AS 2122 American People II     : Midterm: C+ | Final: C+, VA2010 Intro. to Creative Thinking    : Midterm: A | Final: A,fall 2019,  CR 2090  Juvenile Delinquency : Midterm: A | Final: A,  CR 3092 Victimology : Midterm: B | Final: B+,   EL 3600 US Literature I   : Midterm: B+ | Final: B+,  VA2020 Basic Design   : Midterm: A | Final: A,spring 2020,  CR 3093  Criminal Justice Admin : Midterm: A | Final: A,  CR 3094 Drugs and Society   : Midterm: B | Final: B+,   VA2030 Drawing   : Midterm: B+ | Final: B+,  VA2045 Introduction to Color   : Midterm: A | Final: A,fall  2020, CR 3117  Policing Bodies : Midterm: A | Final: A,    CR 3200  Crime : Midterm: B | Final: B+,  VA2500 Art History I: 19th Century Art    : Midterm: B+ | Final: B+,  VA3400 Digital Imaging   : Midterm: A | Final: A,,,,,,,,,,,606b5915962b7170e065a1f9,Part Time,700984573,Lorain Gosford,7OXVznPc,10/23/1996,1 Esker Way,,,,,,,0
jtemple4v@go.com,Adolescence Education: Chemistry (7-12),,,,,,,,,,,,,,,,,,,,,,,,,,,,,,,,,,,,,,,,,,,,,Undergraduate - Junior,fall 2018, CP 4510 Biochemistry I : Midterm: A | Final: A,   CP 2120 Principles of Chemistry I  : Midterm: A | Final: A,   CP 2121 Principles of Chemistry Lab I   : Midterm: C+ | Final: C+,  CP 4520 Biochemistry Lab   : Midterm: A | Final: A,spring 2019, CP 4515 Biochemistry II : Midterm: A | Final: A,  CP 2130 Principles of Chemistry II   : Midterm: B | Final: B+,  CP 2131 Principles Chemistry Lab II    : Midterm: A | Final: A,   EL 1000 English Comp I: Exposition  : Midterm: A | Final: A,fall 2019,  CP 3300 Organic Chemistry I  : Midterm: A | Final: A,   CP 3302 Organic Chemistry Lab I  : Midterm: B | Final: B+,  EL 2239 Horror Literature    : Midterm: C+ | Final: C+,   VA2010 Intro. to Creative Thinking  : Midterm: A | Final: A,spring 2020,  CP 3310 Organic Chemistry II  : Midterm: A | Final: B,   CP 3312 Organic Chemistry Lab II  : Midterm: B | Final: B+,   EL 3500  Lit Across Cultures I:Analysis   : Midterm: C+ | Final: B+,   HI 2681 Intro to Europe Hist:1350-Present  : Midterm: A | Final: A,fall  2020,  CP 3400 Analytical Chemistry-Lect/Lab  : Midterm: A | Final: A,  BS 2400 Basic Bio Sciences I   : Midterm: B | Final: B+, VA2020 Basic Design     : Midterm: A | Final: A,  VA2030 Drawing   : Midterm: A | Final: A,,,,,,,,,,,606b5915962b7170e065a1fa,Part Time,700866954,Jodie Temple,jD0kwPbv,9/2/1997,058 Pine View Crossing,,,,,,,0
pchalfain4t@nymag.com,Industrial and Labor Relations,,,,,,,,,,,,,,,,,,,,,,,,,,,,,,,,,,,,,,,,,,,,,Undergraduate - Junior,fall 2018, PE 2650 Intro to U.S. Politics : Midterm: A | Final: A,  EL 1000 English Comp I: Exposition   : Midterm: B | Final: B+,   HI 2681 Intro to Europe Hist:1350-Present   : Midterm: B+ | Final: B+, AS 2112 American People I    : Midterm: A | Final: A,spring 2019,   IR 2210 Unions & Management: An Intro : Midterm: A | Final: A,   EL 2239 Horror Literature  : Midterm: B | Final: B+, VA2020 Basic Design    : Midterm: B+ | Final: B+,  VA2045 Introduction to Color    : Midterm: A | Final: A,fall 2019,  IR 3140 Unions & Public Policy : Midterm: A | Final: A,  IR 3300 CollectiveBarg & GrievanceProc : Midterm: B | Final: B+,   EL 3600 US Literature I   : Midterm: B+ | Final: B+,  AS 2122 American People II   : Midterm: A | Final: A,spring 2020,  IR 4320 Labor & Employment Law: Midterm: A | Final: A,  IR 3330 Women : Midterm: B | Final: B+,  VA3400 Digital Imaging     : Midterm: B+ | Final: B+,  VA2010 Intro. to Creative Thinking : Midterm: A | Final: A,fall  2020, IR 3415 Labor Economics: Midterm: A | Final: A,    IR 3860 Development of the Modern Corp : Midterm: B | Final: B+,  VA2500 Art History I: 19th Century Art    : Midterm: B+ | Final: B+,  VA2030 Drawing : Midterm: A | Final: A,,,,,,,,,,,606b5915962b7170e065a1fb,Full Time,700848124,Philipa Chalfain,cPL3OytQ1D,12/5/1995,88 Maple Trail,,,,,,,0
pkinmond4x@amazonaws.com,Special Education and Childhood Education (1-6),,,,,,,,,,,,,,,,,,,,,,,,,,,,,,,,,,,,,,,,,,,,,Undergraduate - Junior,,,,,,,,,,,,,,,,,,,,,,,,,,,,,,,,,,,,606b5915962b7170e065a1fc,Full Time,700997321,Pauline Kinmond,iUPbFCv,5/10/1995,08 Fairfield Circle,,,,,,,0
everbrugghen4y@stumbleupon.com,Computer & Information Science,,,,,,,,,,,,,,,,,,,,,,,,,,,,,,,,,,,,,,,,,,,,,Undergraduate - Sophomore,fall 2019,  VA2010 Intro. to Creative Thinking  : Midterm: A | Final: A, CS 2510 Computer Programming I  : Midterm: B | Final: B+,  VA2030 Drawing    : Midterm: A | Final: A,   AS 2112 American People I  : Midterm: A | Final: A,spring 2020, EL 1000 English Comp I: Exposition   : Midterm: A | Final: A,  VA2020 Basic Design   : Midterm: B | Final: B+,   CS 2511 Computer Programming II     : Midterm: C+ | Final: C+,  CS 3620 Computer Architecture I  : Midterm: A | Final: A,fall 2020,  EL 2239 Horror Literature  : Midterm: A | Final: A,  CS 3810  Data Structures & Algorithms : Midterm: B | Final: B+,  HI 2681 Intro to Europe Hist:1350-Present    : Midterm: B | Final: B,  EL 3800 Eng Lit I:Beowulf-18th Century   : Midterm: A | Final: A,,,,,,,,,,,,,,,,,,,,,606b5915962b7170e065a1fd,Part Time,700769204,Ericka Verbrugghen,EZJFU3bIB2Ix,1/17/1997,83146 Hagan Pass,,,,,,,0
rruf4z@facebook.com,English,,,,,,,,,,,,,,,,,,,,,,,,,,,,,,,,,,,,,,,,,,,,,Graduate,fall 2016,   EL 1000 English Comp I: Exposition : Midterm: A | Final: A,  HI 2681 Intro to Europe Hist:1350-Present   : Midterm: B | Final: B+,   VA2020 Basic Design   : Midterm: B+ | Final: B+,  VA2030 Drawing   : Midterm: A | Final: A,spring 2017, EL 2239 Horror Literature   : Midterm: A | Final: A,  AS 2112 American People I   : Midterm: B | Final: B+,    VA2045 Introduction to Color  : Midterm: B+ | Final: B+,    VA2500 Art History I: 19th Century Art : Midterm: A | Final: A,fall 2017, EL 3010  Structure & Grammar of English   : Midterm: A | Final: A,  EL 3500  Lit Across Cultures I:Analysis   : Midterm: B | Final: B+,   AS 2122 American People II   : Midterm: B+ | Final: B+,  VA3200 Art Tutorials I   : Midterm: A | Final: A,spring 2018,  EL 3510  Lit Across Cultures II:Theory  : Midterm: A | Final: A,   EL 3600 US Literature I  : Midterm: B | Final: B+,   VA4200 Art Tutorials II   : Midterm: B+ | Final: B+,   VA2320 Graphic Design I  : Midterm: A | Final: A,fall  2018, EL 4400  Critical Theory   : Midterm: A | Final: A,    EL 3610  US Literature II : Midterm: B | Final: B+, HI 4800  History of India     : Midterm: B+ | Final: B+,  EL 4311 Greek Drama    : Midterm: A | Final: A,spring 2019,  EL 3800 Eng Lit I:Beowulf-18th Century   : Midterm: A | Final: A,   EL 3810  Eng Lit II:Romantics - Present  : Midterm: B | Final: B+,  EL 4510  Modern Drama & Theatre    : Midterm: B+ | Final: B+, VA3100 Visual Culture    : Midterm: A | Final: A,fall 2019, EL 3560  Literatures of Europe:Part I   : Midterm: A | Final: A, EL 3950  Creative Non-Fiction: Midterm: B | Final: B+,   EL 4325 Shakespeare: Selected Plays   : Midterm: C+ | Final: C+,  EL 4402 Sin & Sexuality in Literature   : Midterm: A | Final: A,606b5915962b7170e065a1fe,Full Time,700350965,Ramsay Ruf,Lx6dQVBdgGhN,11/25/1998,5657 Northfield Street,spring 2020,  EL 3561 Literatures of Europe:Part II  : Midterm: A | Final: B,   EL 4312 Greek Mythology  : Midterm: B | Final: B-+,     EL 4500 Topics in British/US Lit : Midterm: B+ | Final: B+,  SY 5990  Senior Seminar   : Midterm: A | Final: A,,0
bcrockatt50@reference.com,English,,,,,,,,,,,,,,,,,,,,,,,,,,,,,,,,,,,,,,,,,,,,,Undergraduate - Freshman,fall 2020,   EL 1000 English Comp I: Exposition : Midterm: A | Final: A,  HI 2681 Intro to Europe Hist:1350-Present   : Midterm: B | Final: B+,   VA2020 Basic Design   : Midterm: A | Final: A,  VA2030 Drawing   : Midterm: A | Final: A,,,,,,,,,,,,,,,,,,,,,,,,,,,,,,,606b5915962b7170e065a1ff,Part Time,700657698,Budd Crockatt,bWvq8FmPFfrI,11/8/1998,27 American Ash Way,,,,,,,0
mbartos52@cam.ac.uk,Psychology,,,,,,,,,,,,,,,,,,,,,,,,,,,,,,,,,,,,,,,,,,,,,Graduate,fall 2016, PY2010 Introduction to Psychology: Midterm: A | Final: A,  EL 1000 English Comp I: Exposition   : Midterm: B | Final: B+,   HI 2681 Intro to Europe Hist:1350-Present   : Midterm: C+ | Final: C+, AS 2112 American People I    : Midterm: A | Final: A,spring 2017,   PY3110 Research Methods I: (Orientation): Midterm: A | Final: A,   EL 2239 Horror Literature  : Midterm: B | Final: B+, AS 2122 American People II     : Midterm: C+ | Final: C+, VA2010 Intro. to Creative Thinking    : Midterm: A | Final: A,fall 2017,  PY3120 Research Methods II: (Statistics)  : Midterm: A | Final: A,  PY4130 Field Experience and Research: Midterm: B | Final: B+,   EL 3600 US Literature I   : Midterm: B+ | Final: B+,  VA2020 Basic Design   : Midterm: A | Final: A,spring 2018,  PY4100 Research Methods III (Advanced Research Skills)  : Midterm: A | Final: A,  PY3410 Cognitive Psychology   : Midterm: B | Final: B+,   VA2030 Drawing   : Midterm: B+ | Final: B+,  VA2045 Introduction to Color   : Midterm: A | Final: A,fall  2018, PY3420 Learning & Motivation: Midterm: A | Final: A,    PY3610 Brain & Behavior: Midterm: B | Final: B+,  VA2500 Art History I: 19th Century Art    : Midterm: B+ | Final: B+,  VA3400 Digital Imaging   : Midterm: A | Final: A,spring 2019,  PY3620 Drugs & Behavior: Midterm: A | Final: A,   PY3215 Foundations of Child Development : Midterm: B | Final: B+,   PY3310 Abnormal Human Behavior   : Midterm: B+ | Final: B+,  PY3311 Theories of Personality   : Midterm: A | Final: A,fall 2019, PY3510 Social Psychology : Midterm: A | Final: A,  PY2340 Community Psychology: Midterm: B | Final: B+, PY2530 Psychology of Prejudice     : Midterm: B+ | Final: B+,  PY2720 Psychology of Gender   : Midterm: A | Final: A,606b5915962b7170e065a200,Full Time,700645656,Mead Bartos,4Lyeh2U,9/27/1997,5179 Vahlen Parkway,spring 2020, PY3710 Psychology & Social Justice   : Midterm: A | Final: A,   PH 3600  Social Determinants of Health  : Midterm: B | Final: B+,   PH 3610 Intro.-U.S.Health Care System: Midterm: B+ | Final: B+, PH 5900 Research Methods: Midterm: A | Final: A,,0
rcrocetto51@feedburner.com,Media and Communications,,,,,,,,,,,,,,,,,,,,,,,,,,,,,,,,,,,,,,,,,,,,,Undergraduate – Junior,fall 2018, AS2020 New Media CE   : Midterm: A | Final: A,   VA2010 Intro. to Creative Thinking  : Midterm: B | Final: B+, HI 2681 Intro to Europe Hist:1350-Present     : Midterm: A | Final: B, EL 1000 English Comp I: Exposition    : Midterm: A | Final: A,spring 2019, AS2652 Media Studies   : Midterm: A | Final: A,   VA2020 Basic Design  : Midterm: B | Final: B+,   AS 2112 American People I   : Midterm: B | Final: B, EL 2239 Horror Literature    : Midterm: A | Final: A,fall 2019,  AS2700 The Engaged Eye  : Midterm: A | Final: A,    AS3310 From Citizen to Consumer : Midterm: B | Final: B+, VA2030 Drawing     : Midterm: C+ | Final: B, VA2045 Introduction to Color  : Midterm: A | Final: A,spring 2020,   AS3632 History of U.S. Film : Midterm: A | Final: A,   AS3712 American Film Genres  : Midterm: B | Final: B+, AS 2122 American People II      : Midterm: C+ | Final: B,  VA2500 Art History I: 19th Century Art  : Midterm: A | Final: A,fall  2020, AS3722 History of Mass Media   : Midterm: A | Final: A,   AS3732 Politics of Media  : Midterm: B | Final: B+,  AS3735 Documentary Media Studies    : Midterm: C+ | Final: B,  EL 3010  Structure & Grammar of English  : Midterm: A | Final: A,,,,,,,,,,,606b5915962b7170e065a201,Part Time,700552711,Rubia Crocetto,94BNPRwIloC1,11/13/1996,3891 Continental Junction,,,,,,,0
marndtsen54@ameblo.jp,Biological Sciences,,,,,,,,,,,,,,,,,,,,,,,,,,,,,,,,,,,,,,,,,,,,,Undergraduate - Sophomore,fall 2019,  VA2010 Intro. to Creative Thinking  : Midterm: A | Final: A, BS4460 Genetics  : Midterm: B | Final: B+, EL 1000 English Comp I: Exposition    : Midterm: C+ | Final: C+,  BS4400 Cell Biology: Midterm: A | Final: A,spring 2020, VA2030 Drawing    : Midterm: A | Final: A,  VA2020 Basic Design   : Midterm: B | Final: B+, VA3400 Digital Imaging     : Midterm: B+ | Final: B+, BS4440 Evolution: Midterm: A | Final: A,fall 2020,  EL 2239 Horror Literature  : Midterm: A | Final: A,  AS 2112 American People I  : Midterm: B | Final: B+,  BS2490 Environmental Science  : Midterm: B+ | Final: B,  BS3450 Plant Biology : Midterm: A | Final: B,,,,,,,,,,,,,,,,,,,,,606b5915962b7170e065a202,Part Time,700574444,Melisandra Arndtsen,88AQd2P,2/13/1995,95796 Old Gate Trail,,,,,,,0
rbigadike56@360.cn,Media and Communications,,,,,,,,,,,,,,,,,,,,,,,,,,,,,,,,,,,,,,,,,,,,,Undergraduate - Freshman,fall 2020, AS2020 New Media CE  : Midterm: A | Final: A,  EL 1000 English Comp I: Exposition   : Midterm: B | Final: C+,   HI 4632 Japanese History Through Literature : Midterm: B+ | Final: B+, AS 2112 American People I    : Midterm: A | Final: A,,,,,,,,,,,,,,,,,,,,,,,,,,,,,,,606b5915962b7170e065a203,Full Time,700618024,Rochette Bigadike,1BNOzfJw,6/6/1996,952 Bellgrove Circle,,,,,,,0
hde53@springer.com,Finance,,,,,,,,,,,,,,,,,,,,,,,,,,,,,,,,,,,,,,,,,,,,,Undergraduate - Senior,fall 2017, BU 3010 Info Systems For Mgrs : Midterm: A | Final: A,  EL 1000 English Comp I: Exposition   : Midterm: B | Final: B+,   HI 2681 Intro to Europe Hist:1350-Present   : Midterm: C+ | Final: C+, AS 2112 American People I    : Midterm: A | Final: A,spring 2018,  BU 3502Principles of Accounting I: Midterm: A | Final: A,   EL 2239 Horror Literature  : Midterm: B | Final: B+, AS 2122 American People II     : Midterm: C+ | Final: C+, VA2010 Intro. to Creative Thinking    : Midterm: A | Final: A,fall 2018, BU 3511 Principles of Accounting II : Midterm: A | Final: A,  BU 5190  Business Strategy & Policy : Midterm: B | Final: B+,   EL 3600 US Literature I   : Midterm: B+ | Final: B+,  VA2020 Basic Design   : Midterm: A | Final: A,spring 2019,BU 5771 Global Financial Markets : Midterm: A | Final: A,  BU 4720   Global Financial Markets : Midterm: B | Final: B+,   VA2030 Drawing   : Midterm: B+ | Final: B+,  VA2045 Introduction to Color   : Midterm: A | Final: A,fall  2019, BU 4774   Financial Markets & Inst : Midterm: A | Final: A,    PY3610 Brain & Behavior: Midterm: B | Final: B+,  VA2500 Art History I: 19th Century Art    : Midterm: B+ | Final: B+,  VA3400 Digital Imaging   : Midterm: A | Final: A,spring 2020,  BU 5740  Invest Mgmt & Securities Anal : Midterm: A | Final: A,BU 5710   Fin. Modeling & Forecasting : Midterm: B | Final: B+, BU 4500 Intermediate Accounting I  : Midterm: B+ | Final: B+,  BU 5789 Futures & Options Markets  : Midterm: A | Final: A,fall 2020, BU 5115  Operations Management : Midterm: A | Final: A,  BU 4510   Intermediate Accounting II: Midterm: B | Final: B+, BU 5760  Corporate Finance : Midterm: B+ | Final: B+,  BU 4570 Federal Income Tax I : Midterm: A | Final: A,606b5915962b7170e065a204,Full Time,700953096,Helli de Clerc,6DYy9Mm4TTm,5/7/1995,0306 Johnson Pass,,,,,,,0
lnoddle58@unc.edu,Childhood Education (1-6),,,,,,,,,,,,,,,,,,,,,,,,,,,,,,,,,,,,,,,,,,,,,Undergraduate - Freshman,fall 2020, ED3700 Child Development for Teachers : Midterm: A | Final: A,  EL 1000 English Comp I: Exposition   : Midterm: B | Final: B+,   HI 2681 Intro to Europe Hist:1350-Present   : Midterm: B+ | Final: B+, AS 2112 American People I    : Midterm: A | Final: A,,,,,,,,,,,,,,,,,,,,,,,,,,,,,,,606b5915962b7170e065a205,Part Time,700664905,Lovell Noddle,PGZX3pR,10/26/1997,2 Esker Circle,,,,,,,0
beard57@google.pl,Childhood Education (1-6),,,,,,,,,,,,,,,,,,,,,,,,,,,,,,,,,,,,,,,,,,,,,Undergraduate - Junior,fall 2018, ED3700 Child Development for Teachers : Midterm: A | Final: A,  EL 1000 English Comp I: Exposition   : Midterm: B | Final: B+,   HI 2681 Intro to Europe Hist:1350-Present   : Midterm: B+ | Final: B+, AS 2112 American People I    : Midterm: A | Final: A,spring 2019,   ED3820 Foundations of Special Education : Midterm: A | Final: A,   EL 2239 Horror Literature  : Midterm: B | Final: B+, AS 2122 American People II     : Midterm: B | Final: B, VA2010 Intro. to Creative Thinking    : Midterm: A | Final: A,fall 2019,  ED3950 Creating Schools for a Just Society : Midterm: A | Final: A,  ED4050 Innovative Instructional Design and Assessment : Midterm: B | Final: B+,   EL 3600 US Literature I   : Midterm: B+ | Final: B+,  VA2020 Basic Design   : Midterm: A | Final: A,spring 2020,  ED4121 Methods & Materials of Teaching Elementary Science Methods: Midterm: A | Final: A,  ED4200 Literacy for All Students   : Midterm: B | Final: B+,   VA2030 Drawing   : Midterm: B+ | Final: B+,  ED4122 Methods & Materials of Teaching Elementary Math Methods  : Midterm: A | Final: A,fall  2020, ED4220 Language Arts in the Context of Childhood Education : Midterm: A | Final: A,    PY3610 Brain & Behavior: Midterm: B | Final: B+,  VA2500 Art History I: 19th Century Art    : Midterm: B+ | Final: B+,  VA2045 Introduction to Color : Midterm: A | Final: A,,,,,,,,,,,606b5915962b7170e065a206,Full Time,700346541,Bianka Eard,FyrzouWY,6/17/1998,46 Sutteridge Junction,,,,,,,0
bstorah5b@webmd.com,Industrial and Labor Relations,,,,,,,,,,,,,,,,,,,,,,,,,,,,,,,,,,,,,,,,,,,,,Undergraduate - Sophomore,fall 2019,  IR 2210 Unions & Management: An Intro  : Midterm: A | Final: A,   HI 2681 Intro to Europe Hist:1350-Present  : Midterm: B | Final: B+,    VA2320 Graphic Design I  : Midterm: B+ | Final: B+,   EL 1000 English Comp I: Exposition  : Midterm: A | Final: A,spring 2020,  PE 2650 Intro to U.S. Politics  : Midterm: A | Final: A,  AS 2112 American People I : Midterm: B | Final: B+,    VA2010 Intro. to Creative Thinking  : Midterm: B+ | Final: B+,  EL 2239 Horror Literature   : Midterm: A | Final: B+,fall 2020,  IR 3300 CollectiveBarg & GrievanceProc  : Midterm: A | Final: A,  IR 3140 Unions & Public Policy     : Midterm: B | Final: B-,   HI 3091 African Cultures   : Midterm: B | Final: B,  EL 3560  Literatures of Europe:Part I   : Midterm: B | Final: B+,,,,,,,,,,,,,,,,,,,,,606b5915962b7170e065a207,Part Time,700797636,Becki Storah,CYu2nil,7/14/1998,82 Maywood Street,,,,,,,0
gmaccrosson5a@dropbox.com,Psychology,,,,,,,,,,,,,,,,,,,,,,,,,,,,,,,,,,,,,,,,,,,,,Undergraduate - Junior,fall 2018, PY2010 Introduction to Psychology: Midterm: A | Final: A,  EL 1000 English Comp I: Exposition   : Midterm: B | Final: B+,   HI 2681 Intro to Europe Hist:1350-Present   : Midterm: C+ | Final: B, AS 2112 American People I    : Midterm: A | Final: A,spring 2019,   PY3110 Research Methods I: (Orientation): Midterm: A | Final: A,   EL 2239 Horror Literature  : Midterm: B | Final: B+, AS 2122 American People II     : Midterm: C+ | Final: B, VA2010 Intro. to Creative Thinking    : Midterm: A | Final: A,fall 2019,  PY3120 Research Methods II: (Statistics)  : Midterm: A | Final: A,  PY4130 Field Experience and Research: Midterm: B | Final: B+,   EL 3600 US Literature I   : Midterm: B+ | Final: B+,  VA2020 Basic Design   : Midterm: A | Final: A,spring 2020,  PY4100 Research Methods III (Advanced Research Skills)  : Midterm: A | Final: A,  PY3410 Cognitive Psychology   : Midterm: B | Final: B+,   VA2030 Drawing   : Midterm: B+ | Final: B+,  VA2045 Introduction to Color   : Midterm: A | Final: A,fall  2020, PY3420 Learning & Motivation: Midterm: A | Final: A,    PY3610 Brain & Behavior: Midterm: B | Final: B+,  VA2500 Art History I: 19th Century Art    : Midterm: B+ | Final: B+,  VA3400 Digital Imaging   : Midterm: A | Final: A,,,,,,,,,,,606b5915962b7170e065a208,Full Time,700267994,Guinna MacCrosson,Ih5Jhl4,4/6/1997,7 Ronald Regan Crossing,,,,,,,0
hteck59@tripod.com,Industrial and Labor Relations,,,,,,,,,,,,,,,,,,,,,,,,,,,,,,,,,,,,,,,,,,,,,Undergraduate - Sophomore,fall 2019,  IR 2210 Unions & Management: An Intro  : Midterm: A | Final: A,   HI 2681 Intro to Europe Hist:1350-Present  : Midterm: B | Final: B+,    VA2320 Graphic Design I  : Midterm: B+ | Final: B+,   EL 1000 English Comp I: Exposition  : Midterm: A | Final: A,spring 2020,  PE 2650 Intro to U.S. Politics  : Midterm: A | Final: A,  AS 2112 American People I : Midterm: B | Final: B+,    VA2010 Intro. to Creative Thinking  : Midterm: B+ | Final: B+,  EL 2239 Horror Literature   : Midterm: A | Final: B+,fall 2020,  IR 3300 CollectiveBarg & GrievanceProc  : Midterm: A | Final: A,  IR 3140 Unions & Public Policy     : Midterm: B | Final: B-,   HI 3091 African Cultures   : Midterm: B | Final: B,  EL 3560  Literatures of Europe:Part I   : Midterm: B | Final: B+,,,,,,,,,,,,,,,,,,,,,606b5915962b7170e065a209,Part Time,700444072,Haze Teck,FNDJZAb0WD3D,7/17/1996,7 Reinke Way,,,,,,,0
bbiskup5d@addthis.com,Special Education and Childhood Education (1-6),,,,,,,,,,,,,,,,,,,,,,,,,,,,,,,,,,,,,,,,,,,,,Undergraduate - Freshman,fall 2020,  ED3700 Child Development : Midterm: A | Final: A,  EL 1000 English Comp I: Exposition   : Midterm: B | Final: B+,ED4121 Methods and Materials for Teaching Elementary Science Majors : East: Midterm:C+ | Final: B+,  HI 2681 Intro to Europe Hist:1350-Present   : Midterm: A | Final: B,,,,,,,,,,,,,,,,,,,,,,,,,,,,,,,606b5915962b7170e065a20a,Part Time,700713440,Blaine Biskup,iGtstu,7/14/1995,35 Springview Crossing,,,,,,,0
astarzaker5f@wikimedia.org,Adolescence Education: Biology (7-12),,,,,,,,,,,,,,,,,,,,,,,,,,,,,,,,,,,,,,,,,,,,,Undergraduate - Freshman,fall 2018, VA2500 Art History I: 19th Century Art  : Midterm: A | Final: A,  EL 1000 English Comp I: Exposition   : Midterm: B | Final: B+,   VA2030 Drawing   : Midterm: A | Final: A, AS 2112 American People I    : Midterm: A | Final: A,,,,,,,,,,,,,,,,,,,,,,,,,,,,,,,606b5915962b7170e065a20b,Part Time,700530735,Ariel Starzaker,wUtC6A,6/18/1998,0 Stone Corner Way,,,,,,,0
gpluvier5c@behance.net,Industrial and Labor Relations,,,,,,,,,,,,,,,,,,,,,,,,,,,,,,,,,,,,,,,,,,,,,Undergraduate - Senior,fall 2017, PE 2650 Intro to U.S. Politics : Midterm: A | Final: B,  EL 1000 English Comp I: Exposition   : Midterm: B | Final: B+,   HI 2681 Intro to Europe Hist:1350-Present   : Midterm: A | Final: B+, AS 2112 American People I    : Midterm: A | Final: B,spring 2018,   IR 2210 Unions & Management: An Intro : Midterm: A | Final: B,   EL 2239 Horror Literature  : Midterm: B | Final: B+, AS 2122 American People II     : Midterm: B+ | Final: B+, VA2010 Intro. to Creative Thinking    : Midterm: A | Final: A,fall 2018,  IR 3140 Unions & Public Policy : Midterm: A | Final: A,  IR 3300 CollectiveBarg & GrievanceProc : Midterm: B | Final: B+,   EL 3600 US Literature I   : Midterm: B+ | Final: B+,  VA2020 Basic Design   : Midterm: A | Final: A,spring 2019,  IR 4320 Labor & Employment Law: Midterm: A | Final: A,  IR 3330 Women : Midterm: B | Final: B+,   VA2030 Drawing   : Midterm: B+ | Final: B+,  VA2045 Introduction to Color   : Midterm: A | Final: A,fall  2019, IR 3415 Labor Economics: Midterm: A | Final: A,    IR 3860 Development of the Modern Corp : Midterm: B | Final: B+,  VA2500 Art History I: 19th Century Art    : Midterm: B+ | Final: B+,  VA3400 Digital Imaging   : Midterm: A | Final: A,spring 2020,  BU 5125  Business Ethics : Midterm: A | Final: A,   BU 5171  Human Resource management : Midterm: B | Final: B+,   HS 4770  Occupational Health : Midterm: B+ | Final: B+,  IR 3120  History:AmericanLaborRelations : Midterm: A | Final: A,fall 2020, IR 3260  Comparative Labor Relations: Midterm: A | Final: A,  IR 3500 Arbitration & Mediation : Midterm: B | Final: B+, IR 4200 Strategic Research/Organizers : Midterm: B+ | Final: B+,  IR 4600 Topics in Labor Studies : Midterm: A | Final: A,606b5915962b7170e065a20c,Full Time,700149319,Georas Pluvier,5seqYGwLvv,1/17/1996,0213 Lien Way,,,,,,,0
pvignal5e@statcounter.com,Media and Communications,,,,,,,,,,,,,,,,,,,,,,,,,,,,,,,,,,,,,,,,,,,,,Graduate,fall 2016, AS2020 New Media CE    : Midterm: A | Final: A,  EL 1000 English Comp I: Exposition   : Midterm: B | Final: B+,  VA2320 Graphic Design I    : Midterm: A| Final: A,   HI 3110 Latin American Culture  : Midterm: A | Final: A,spring 2017,  AS2652 Media Studies  : Midterm: A | Final: A,    AS2700 The Engaged Eye : Midterm: B | Final: A,   EL 2239 Horror Literature   : Midterm: A | Final: A,   HI 4632 Japanese History Through Literature  : Midterm: A | Final: A,fall 2017,  AS3310 From Citizen to Consumer  : Midterm: A | Final: A,   AS3632 History of U.S. Film  : Midterm: B | Final: B+,   EL 3800 Eng Lit I:Beowulf-18th Century   : Midterm: C+ | Final: C+, HI 4800  History of India    : Midterm: A | Final: A,spring 2018,  AS3712 American Film Genres  : Midterm: A | Final: A,    AS3722 History of Mass Media : Midterm: B | Final: B+,  AS3732 Politics of Media    : Midterm: B+ | Final: B+,    VA2010 Intro. to Creative Thinking : Midterm: A | Final: A,fall  2018,  AS3735 Documentary Media Studies  : Midterm: A | Final: A,  AS3742 Myths and Images in Film   : Midterm: B | Final: B+,  AS3745 Feminine and Masculine in Film    : Midterm: A| Final: A,   VA3200 Art Tutorials I  : Midterm: A | Final: A,spring 2019,  AS3810 Music and Media  : Midterm: A | Final: A,  AS3830 Public Relations and Society   : Midterm: A | Final: A, AS3842 African-Americans and the Mass Media      : Midterm: A | Final: A,   VA4200 Art Tutorials II  : Midterm: A | Final: A,fall 2019,  AS3852 Women and the Media  : Midterm: A | Final: A,  AS4160 Special Topics in Media Studies   : Midterm: A | Final: B+,  VA5200 Art Tutorials III : Midterm: A | Final: A,  VA2500 Art History I: 19th Century Art   : Midterm: A | Final: A,606b5915962b7170e065a20d,Full Time,700588778,Philippe Vignal,PXVvJxF9Z,1/10/1997,17360 Blue Bill Park Lane,spring 2020,  AS4280 Global Media  : Midterm: A | Final: A,   AS4722 Film: Ideas and Aesthetics  : Midterm: A | Final: A, AS4725 The Photograph and American Culture         : Midterm: A | Final: A,  AS4732 Political Film   : Midterm: A | Final: A,,0
edowdell5g@hao123.com,Adolescence Education: Mathematics (7-12),,,,,,,,,,,,,,,,,,,,,,,,,,,,,,,,,,,,,,,,,,,,,Graduate,fall 2016, MA2310 Calculus and Analytic Geometry I: Midterm: A | Final: A,  EL 1000 English Comp I: Exposition   : Midterm: B | Final: B+,   HI 2681 Intro to Europe Hist:1350-Present   : Midterm: C+ | Final: C+, AS 2112 American People I    : Midterm: A | Final: A,spring 2017,   MA2320 Calculus and Analytic Geometry II: Midterm: A | Final: A,   EL 2239 Horror Literature  : Midterm: B | Final: B+, AS 2122 American People II     : Midterm: C+ | Final: C+, VA2010 Intro. to Creative Thinking    : Midterm: A | Final: A,fall 2017,  MA3030 Discrete Mathematics: Midterm: A | Final: A,  MA3160 Linear Algebra: Midterm: B | Final: B+,   EL 3600 US Literature I   : Midterm: B+ | Final: B+,  VA2020 Basic Design   : Midterm: A | Final: A,spring 2018, MA3210 Intro. To Probability & Statistics: Midterm: A | Final: A, MA3330 Calculus and Analytic Geometry III  : Midterm: B | Final: B+,   VA2030 Drawing   : Midterm: B+ | Final: B+,  VA2045 Introduction to Color   : Midterm: A | Final: A,fall  2018, MA3520 Transition to Advanced Mathematics: Midterm: A | Final: A,    MA4360 Differential Equations : Midterm: B | Final: B+,  VA2500 Art History I: 19th Century Art    : Midterm: B+ | Final: B+,  VA3400 Digital Imaging   : Midterm: A | Final: A,spring 2019,  MA5120 Abstract Algebra I : Midterm: A | Final: A,   MA5320 Advanced Calculus I: Midterm: B | Final: B+,   CS2510 Computer Programming I : Midterm: B+ | Final: B+,  MA4100 Number Theory  : Midterm: A | Final: A,fall 2019, MA4200 Probability : Midterm: A | Final: A,  MA4510 Geometry: Midterm: B | Final: B+, MA4910 Operations Research I   : Midterm: B+ | Final: B+,  MA5230 Mathematical Statistics : Midterm: A | Final: A,606b5915962b7170e065a20e,Full Time,700762009,Ellette Dowdell,MKiVLa1V,9/13/1995,866 Melby Avenue,spring 2020, MA4920 Operations Research II: Midterm: A | Final: A,   MA5380 Complex Analysis : Midterm: B | Final: B+,   MA5510 Topology : Midterm: B+ | Final: B+, CS2511 Computer Programming II Midterm: A | Final: A,,0
spunton5i@addtoany.com,Chemistry,,,,,,,,,,,,,,,,,,,,,,,,,,,,,,,,,,,,,,,,,,,,,Undergraduate - Sophomore,fall 2019, CP 4700  Physical Chemistry I : Midterm: A | Final: B,  EL 1000 English Comp I: Exposition   : Midterm: B | Final: C+,   HI 2681 Intro to Europe Hist:1350-Present   : Midterm: A | Final: A, CP 2121Principles of Chemistry Lab I : Midterm: A | Final: A,spring 2020,   CP 2130  Principles of Chemistry II : Midterm: A | Final: A,   EL 2239 Horror Literature  : Midterm: B | Final: B+, AS 2122 American People II     : Midterm: B+ | Final: B+, VA2010 Intro. to Creative Thinking    : Midterm: A | Final: A,fall 2020,  CP 2240  General Physics I: Midterm: A | Final: A,  CP 2120 Principles of Chemistry I : Midterm: B | Final: B+,   EL 3600 US Literature I   : Midterm: B+ | Final: C+,  VA2020 Basic Design   : Midterm: A | Final: A,,,,,,,,,,,,,,,,,,,,,606b5915962b7170e065a20f,Part Time,700234953,Sandie Punton,iENe0l,11/7/1995,75504 Buena Vista Place,,,,,,,0
ksweett55@usnews.com,Psychology,,,,,,,,,,,,,,,,,,,,,,,,,,,,,,,,,,,,,,,,,,,,,Graduate,fall 2016, PY2010 Introduction to Psychology: Midterm: A | Final: A,  EL 1000 English Comp I: Exposition   : Midterm: B | Final: B+,   HI 2681 Intro to Europe Hist:1350-Present   : Midterm: C+ | Final: B, AS 2112 American People I    : Midterm: A | Final: A,spring 2017,   PY3110 Research Methods I: (Orientation): Midterm: A | Final: A,   EL 2239 Horror Literature  : Midterm: B | Final: B+, AS 2122 American People II     : Midterm: A| Final: B, VA2010 Intro. to Creative Thinking    : Midterm: A | Final: A,fall 2017,  PY3120 Research Methods II: (Statistics)  : Midterm: A | Final: A,  PY4130 Field Experience and Research: Midterm: B | Final: B,   EL 3600 US Literature I   : Midterm: B+ | Final: B+,  VA2020 Basic Design   : Midterm: A | Final: A,spring 2018,  PY4100 Research Methods III (Advanced Research Skills)  : Midterm: A | Final: A,  PY3410 Cognitive Psychology   : Midterm: B | Final: B+,   Drawing  VA2500 Art History I: 19th Century Art : Midterm: B+ | Final: B+,  VA2045 Introduction to Color   : Midterm: A | Final: A,fall  2018, PY3420 Learning & Motivation: Midterm: A | Final: A,    PY3610 Brain & Behavior: Midterm: B | Final: B+,  VA2030   : Midterm: B+ | Final: B+,  VA3400 Digital Imaging   : Midterm: A | Final: A,spring 2019,  PY3620 Drugs & Behavior: Midterm: A | Final: A,   PY3215 Foundations of Child Development : Midterm: B | Final: B+,   PY3310 Abnormal Human Behavior   : Midterm: B+ | Final: B+,  PY3311 Theories of Personality   : Midterm: A | Final: A,fall 2019, PY3510 Social Psychology : Midterm: A | Final: A,  PY2340 Community Psychology: Midterm: B | Final: B+, PY2530 Psychology of Prejudice     : Midterm: B+ | Final: B+,  PY2720 Psychology of Gender   : Midterm: A | Final: A,606b5915962b7170e065a210,Full Time,700817713,Kiersten Sweett,ylEPWIf,8/31/1995,78348 Crescent Oaks Street,spring 2020, PY3710 Psychology & Social Justice   : Midterm: A | Final: A,   PH 3600  Social Determinants of Health  : Midterm: B | Final: B+,   PH 3610 Intro.-U.S.Health Care System: Midterm: B+ | Final: B+, PH 5900 Research Methods: Midterm: A | Final: A,,0
rduddle5j@netlog.com,Visual Arts: Electronic Media,,,,,,,,,,,,,,,,,,,,,,,,,,,,,,,,,,,,,,,,,,,,,Undergraduate - Freshman,fall 2020,   AS 2112 American People I : Midterm: A | Final: A,  EL 1000 English Comp I: Exposition   : Midterm: B | Final: B+,   HI 4308 History Modern Middle East   : Midterm: A | Final: A,  VA3200 Art Tutorials I   : Midterm: A | Final: A,,,,,,,,,,,,,,,,,,,,,,,,,,,,,,,606b5915962b7170e065a211,Full Time,700931843,Rosemonde Duddle,y8uUeZF,5/3/1996,9 Continental Pass,,,,,,,0
cgarfoot5h@wsj.com,Industrial and Labor Relations,,,,,,,,,,,,,,,,,,,,,,,,,,,,,,,,,,,,,,,,,,,,,Undergraduate - Junior,fall 2018, PE 2650 Intro to U.S. Politics : Midterm: A | Final: A,  EL 1000 English Comp I: Exposition   : Midterm: B | Final: B+,   HI 2681 Intro to Europe Hist:1350-Present   : Midterm: B+ | Final: B+, AS 2112 American People I    : Midterm: A | Final: A,spring 2019,   IR 2210 Unions & Management: An Intro : Midterm: A | Final: A,   EL 2239 Horror Literature  : Midterm: B | Final: B+, VA2020 Basic Design    : Midterm: B+ | Final: B+,  VA2045 Introduction to Color    : Midterm: A | Final: A,fall 2019,  IR 3140 Unions & Public Policy : Midterm: A | Final: A,  IR 3300 CollectiveBarg & GrievanceProc : Midterm: B | Final: B+,   EL 3600 US Literature I   : Midterm: B+ | Final: B+,  AS 2122 American People II   : Midterm: A | Final: A,spring 2020,  IR 4320 Labor & Employment Law: Midterm: A | Final: A,  IR 3330 Women : Midterm: B | Final: B+,  VA3400 Digital Imaging     : Midterm: B+ | Final: B+,  VA2010 Intro. to Creative Thinking : Midterm: A | Final: A,fall  2020, IR 3415 Labor Economics: Midterm: A | Final: A,    IR 3860 Development of the Modern Corp : Midterm: B | Final: B+,  VA2500 Art History I: 19th Century Art    : Midterm: B+ | Final: B+,  VA2030 Drawing : Midterm: A | Final: A,,,,,,,,,,,606b5915962b7170e065a212,Part Time,700696264,Cordell Garfoot,SYX229tb9e5,8/11/1998,34008 Reinke Place,,,,,,,0
apearcey5k@imageshack.us,Business Administration,,,,,,,,,,,,,,,,,,,,,,,,,,,,,,,,,,,,,,,,,,,,,Undergraduate - Junior,fall 2018, BU 3010 Information Systems for Managers   : Midterm: A | Final: A,   BU 3502 Principles of Accounting I  : Midterm: B | Final: B+,   EL 1000 English Comp I: Exposition   : Midterm: A | Final: A,   AS 2112 American People I  : Midterm: A | Final: A,spring 2019,  MA 2300 Calc/Business & Economics  : Midterm: A | Final: A,   BU3600 Principles Business Law  : Midterm: B | Final: B+,   AS 2122 American People II   : Midterm: A | Final: A,   BU 3800 Marketing: Principles&Concepts  : Midterm: A | Final: A,fall 2019, BU 4110 Organizational Behavior & Mgmt   : Midterm: A | Final: A, BU 4120  Global Business    : Midterm: B | Final: B-,  EL 2239 Horror Literature    : Midterm: A | Final: A,  HI 2681 Intro to Europe Hist:1350-Present   : Midterm: A | Final: B,spring 2020,  EL 3600 US Literature I: Midterm: A | Final: B-,   HI 3640  African History  : Midterm: B | Final: B+,  VA2010 Intro. to Creative Thinking    : Midterm: B+ | Final: B,    VA2500 Art History I: 19th Century Art : Midterm: A | Final: B,fall  2020, BU 5171 Human Resource Management     : Midterm: A | Final: A,   BU 5196 Leadership  : Midterm: A | Final: A, VA3100 Visual Culture     : Midterm: C+ | Final: B,   VA4460 Digital Animation  : Midterm: A | Final: A,,,,,,,,,,,606b5915962b7170e065a213,Full Time,700234864,Aili Pearcey,iknpDTy,3/22/1995,805 Calypso Lane,,,,,,,0
llockwood5m@bandcamp.com,Special Education and Childhood Education (1-6),,,,,,,,,,,,,,,,,,,,,,,,,,,,,,,,,,,,,,,,,,,,,Undergraduate - Freshman,fall 2020,  ED3700 Child Development : Midterm: A | Final: A,  EL 1000 English Comp I: Exposition   : Midterm: B | Final: B+,ED4121 Methods and Materials for Teaching Elementary Science Majors : East: Midterm:C+ | Final: B+,  VA2500 Art History I: : Midterm: A | Final: B,,,,,,,,,,,,,,,,,,,,,,,,,,,,,,,606b5915962b7170e065a214,Part Time,700610378,Lovell Lockwood,M6rR05O,2/18/1998,61951 Fallview Avenue,,,,,,,0
cyouel5l@people.com.cn,Industrial and Labor Relations,,,,,,,,,,,,,,,,,,,,,,,,,,,,,,,,,,,,,,,,,,,,,Undergraduate - Sophomore,fall 2019,  IR 2210 Unions & Management: An Intro  : Midterm: A | Final: A,   HI 2681 Intro to Europe Hist:1350-Present  : Midterm: B | Final: B+,    VA2320 Graphic Design I  : Midterm: B+ | Final: B+,   EL 1000 English Comp I: Exposition  : Midterm: A | Final: A,spring 2020,  PE 2650 Intro to U.S. Politics  : Midterm: A | Final: A,  AS 2112 American People I : Midterm: B | Final: B+,    VA2010 Intro. to Creative Thinking  : Midterm: B+ | Final: B+,  EL 2239 Horror Literature   : Midterm: A | Final: B+,fall 2020,  IR 3300 CollectiveBarg & GrievanceProc  : Midterm: A | Final: A,  IR 3140 Unions & Public Policy     : Midterm: B | Final: B-,   HI 3091 African Cultures   : Midterm: B | Final: B,  EL 3560  Literatures of Europe:Part I   : Midterm: B | Final: B+,,,,,,,,,,,,,,,,,,,,,606b5915962b7170e065a215,Part Time,700557317,Clywd Youel,UXufuPL,7/15/1995,978 Forest Dale Junction,,,,,,,0
stitta5n@a8.net,English,,,,,,,,,,,,,,,,,,,,,,,,,,,,,,,,,,,,,,,,,,,,,Graduate,fall 2016,   EL 1000 English Comp I: Exposition : Midterm: A | Final: A,  HI 2681 Intro to Europe Hist:1350-Present   : Midterm: B | Final: B+,   VA2020 Basic Design   : Midterm: B+ | Final: B+,  VA2030 Drawing   : Midterm: A | Final: A,spring 2017, EL 2239 Horror Literature   : Midterm: A | Final: A,  AS 2112 American People I   : Midterm: B | Final: B+,    VA2045 Introduction to Color  : Midterm: B+ | Final: B+,    VA2500 Art History I: 19th Century Art : Midterm: A | Final: A,fall 2017, EL 3010  Structure & Grammar of English   : Midterm: A | Final: A,  EL 3500  Lit Across Cultures I:Analysis   : Midterm: B | Final: B+,   AS 2122 American People II   : Midterm: B+ | Final: B+,  VA3200 Art Tutorials I   : Midterm: A | Final: A,spring 2018,  EL 3510  Lit Across Cultures II:Theory  : Midterm: A | Final: A,   EL 3600 US Literature I  : Midterm: B | Final: B+,   VA4200 Art Tutorials II   : Midterm: B+ | Final: B+,   VA2320 Graphic Design I  : Midterm: A | Final: A,fall  2018, EL 4400  Critical Theory   : Midterm: A | Final: A,    EL 3610  US Literature II : Midterm: B | Final: B+, HI 4800  History of India     : Midterm: B+ | Final: B+,  EL 4311 Greek Drama    : Midterm: A | Final: A,spring 2019,  EL 3800 Eng Lit I:Beowulf-18th Century   : Midterm: A | Final: A,   EL 3810  Eng Lit II:Romantics - Present  : Midterm: B | Final: B+,  EL 4510  Modern Drama & Theatre    : Midterm: B+ | Final: B+, VA3100 Visual Culture    : Midterm: A | Final: A,fall 2019, EL 3560  Literatures of Europe:Part I   : Midterm: A | Final: A, EL 3950  Creative Non-Fiction: Midterm: B | Final: B+,   EL 4325 Shakespeare: Selected Plays   : Midterm: C+ | Final: C+,  EL 4402 Sin & Sexuality in Literature   : Midterm: A | Final: A,606b5915962b7170e065a216,Part Time,700474510,Silvano Titta,eEGX2sipzPb,3/20/1998,2437 Victoria Avenue,spring 2020,  EL 3561 Literatures of Europe:Part II  : Midterm: A | Final: B,   EL 4312 Greek Mythology  : Midterm: B | Final: B-+,     EL 4500 Topics in British/US Lit : Midterm: C+ | Final: B+,  SY 5990  Senior Seminar   : Midterm: A | Final: A,,0
jyakubowicz5o@dedecms.com,Psychology,,,,,,,,,,,,,,,,,,,,,,,,,,,,,,,,,,,,,,,,,,,,,Undergraduate - Freshman,fall 2020, PY2010 Introduction to Psychology: Midterm: A | Final: A,  EL 1000 English Comp I: Exposition   : Midterm: B | Final: B+,   HI 2681 Intro to Europe Hist:1350-Present   : Midterm: C+ | Final: C+, AS 2112 American People I    : Midterm: A | Final: A,,,,,,,,,,,,,,,,,,,,,,,,,,,,,,,606b5915962b7170e065a217,Full Time,700817220,Janie Yakubowicz,hZFILhWv,8/13/1995,7943 Shoshone Terrace,,,,,,,0
ksammons5q@constantcontact.com,Philosophy and Religion,,,,,,,,,,,,,,,,,,,,,,,,,,,,,,,,,,,,,,,,,,,,,Undergraduate - Sophomore,fall 2019, HI1010 World Religions: West : Midterm: A | Final: A,  EL 1000 English Comp I: Exposition   : Midterm: B | Final: B+,   HI 2681 Intro to Europe Hist:1350-Present   : Midterm: A | Final: A, AS 2112 American People I    : Midterm: A | Final: A,spring 2020,   HI1020 World Religions: East : Midterm: A | Final: A,   EL 2239 Horror Literature  : Midterm: B | Final: B+, AS 2122 American People II     : Midterm: A | Final: A, VA2010 Intro. to Creative Thinking    : Midterm: A | Final: A,fall 2020,  HI2720 Introduction to Philosophy : Midterm: A | Final: A,  HI2155 Introduction to Comparative Religion : Midterm: B | Final: B+,   EL 3600 US Literature I   : Midterm: B+ | Final: B+,  VA2020 Basic Design   : Midterm: A | Final: A,,,,,,,,,,,,,,,,,,,,,606b5915962b7170e065a218,Part Time,700350422,Knox Sammons,8YbFWf5m,12/5/1996,6600 Hintze Junction,,,,,,,0
mbarrowcliffe5p@imgur.com,Adolescence Education: Mathematics (7-12),,,,,,,,,,,,,,,,,,,,,,,,,,,,,,,,,,,,,,,,,,,,,Undergraduate - Junior,fall 2018, MA2310 Calculus and Analytic Geometry I: Midterm: A | Final: A,  EL 1000 English Comp I: Exposition   : Midterm: B | Final: B+,   HI 2681 Intro to Europe Hist:1350-Present   : Midterm: A | Final: A, AS 2112 American People I    : Midterm: A | Final: A,spring 2019,   MA2320 Calculus and Analytic Geometry II: Midterm: A | Final: A,   EL 2239 Horror Literature  : Midterm: B | Final: B+, AS 2122 American People II     : Midterm: C+ | Final: B+, VA2010 Intro. to Creative Thinking    : Midterm: A | Final: A,fall 2019,  MA3030 Discrete Mathematics: Midterm: A | Final: A,  MA3160 Linear Algebra: Midterm: B | Final: B+,   EL 3600 US Literature I   : Midterm: B+ | Final: B+,  VA2020 Basic Design   : Midterm: A | Final: A,spring 2020, MA3210 Intro. To Probability & Statistics: Midterm: A | Final: A, MA3330 Calculus and Analytic Geometry III  : Midterm: B | Final: B+,   VA2030 Drawing   : Midterm: B+ | Final: B+,  VA2045 Introduction to Color   : Midterm: A | Final: A,fall  2020, MA3520 Transition to Advanced Mathematics: Midterm: A | Final: A,    MA4360 Differential Equations : Midterm: B | Final: B+,  VA2500 Art History I: 19th Century Art    : Midterm: B+ | Final: B+,  VA3400 Digital Imaging   : Midterm: A | Final: A,,,,,,,,,,,606b5915962b7170e065a219,Full Time,700805868,Murry Barrowcliffe,hnrSgG,10/8/1997,234 Rutledge Crossing,,,,,,,0
rgleder5t@hibu.com,Childhood Education (1-6),,,,,,,,,,,,,,,,,,,,,,,,,,,,,,,,,,,,,,,,,,,,,Undergraduate - Junior,fall 2018, ED3700 Child Development for Teachers : Midterm: A | Final: A,  EL 1000 English Comp I: Exposition   : Midterm: B | Final: B+,   HI 2681 Intro to Europe Hist:1350-Present   : Midterm: B+ | Final: B+, AS 2112 American People I    : Midterm: A | Final: A,spring 2019,   ED3820 Foundations of Special Education : Midterm: A | Final: A,   EL 2239 Horror Literature  : Midterm: B | Final: B+, AS 2122 American People II     : Midterm: B | Final: B, VA2010 Intro. to Creative Thinking    : Midterm: A | Final: A,fall 2019,  ED3950 Creating Schools for a Just Society : Midterm: A | Final: A,  ED4050 Innovative Instructional Design and Assessment : Midterm: B | Final: B+,   EL 3600 US Literature I   : Midterm: B+ | Final: B+,  VA2020 Basic Design   : Midterm: A | Final: A,spring 2020,  ED4121 Methods & Materials of Teaching Elementary Science Methods: Midterm: A | Final: A,  ED4200 Literacy for All Students   : Midterm: B | Final: B+,   VA2030 Drawing   : Midterm: B+ | Final: B+,  ED4122 Methods & Materials of Teaching Elementary Math Methods  : Midterm: A | Final: A,fall  2020, ED4220 Language Arts in the Context of Childhood Education : Midterm: A | Final: A,    PY3610 Brain & Behavior: Midterm: B | Final: B+,  VA2500 Art History I: 19th Century Art    : Midterm: B+ | Final: B+,  VA2045 Introduction to Color : Midterm: A | Final: A,,,,,,,,,,,606b5915962b7170e065a21a,Part Time,700540490,Robert Gleder,qK5oPotjyi,6/10/1996,7 Erie Lane,,,,,,,0
dhuebner5s@phpbb.com,Undecided,,,,,,,,,,,,,,,,,,,,,,,,,,,,,,,,,,,,,,,,,,,,,Undergraduate - Junior,fall 2018, HI1010 World Religions: West : Midterm: A | Final: A,  EL 1000 English Comp I: Exposition   : Midterm: B | Final: B+,   HI 2681 Intro to Europe Hist:1350-Present   : Midterm: A | Final: A, AS 2112 American People I    : Midterm: A | Final: A,spring 2019,   HI1020 World Religions: East : Midterm: A | Final: A,   EL 2239 Horror Literature  : Midterm: B | Final: B+, AS 2122 American People II     : Midterm: A | Final: A, VA2010 Intro. to Creative Thinking    : Midterm: A | Final: A,fall 2019,  HI2720 Introduction to Philosophy : Midterm: A | Final: A,  HI2155 Introduction to Comparative Religion : Midterm: B | Final: B+,   EL 3600 US Literature I   : Midterm: B+ | Final: B+,  VA2020 Basic Design   : Midterm: A | Final: A,spring 2020,  HI2700 Introduction to Logic: Midterm: A | Final: A,  HI3011 Foundations of Judeo-Christian Tradition : Midterm: B | Final: B+,   VA2030 Drawing   : Midterm: B+ | Final: B+,  VA2045 Introduction to Color   : Midterm: A | Final: A,fall  2020, HI3080 Asian Cultures : Midterm: A | Final: A,    HI3091 African Cultures : Midterm: B | Final: B+,  VA2500 Art History I: 19th Century Art    : Midterm: B+ | Final: B+,  VA3400 Digital Imaging   : Midterm: A | Final: A,,,,,,,,,,,606b5915962b7170e065a21b,Part Time,700106734,Dahlia Huebner,NBxVhaCa,10/27/1996,0 Bay Court,,,,,,Philosophy and Religion,0
farndell5u@hp.com,Management Information Systems,,,,,,,,,,,,,,,,,,,,,,,,,,,,,,,,,,,,,,,,,,,,,Undergraduate - Junior,fall 2018,CS 2510 Computer Programming I : Midterm: A | Final: A,EL 1000 English Comp I: Exposition: Midterm: B | Final: C+, MA2000 Applied Statistics : Midterm: C+ | Final: B, VA2010 Intro. to Creative Thinking : Midterm: A | Final: B-,spring 2019,CS 2511 Computer Programming II: Midterm: B | Final: B+,EL 2239 Horror Literature: Midterm: A | Final: A-, HI 2681 Intro to Europe Hist:1350-Present: Midterm: A | Final: A-, CS 3611 Advanced C#: Midterm: A | Final: A,fall 2019, BU4110 Organizational Behavior & Management  : Midterm: A | Final: A-, CS 3620 Computer Architecture I: Midterm: B | Final: B, CS 3810  Data Structures & Algorithms: Midterm: C+ | Final: B+, VA2030 Drawing: Midterm: A | Final: C+,spring 2020, EL 3560  Literatures of Europe:Part I : Midterm: B+ | Final: C+,   VA2500 Art History I: 19th Century Art  : Midterm: B | Final: B+,    CS 3911 C++in Object Oriented Design  : Midterm: C+ | Final: B,  CS 4100 Technical Communications   : Midterm: A | Final: B+,fall  2020,   VA2320 Graphic Design : Midterm: A | Final: B,   AS 2112 American People I  : Midterm: B | Final: B+,   CS 4501 Software Engineering   : Midterm: A+ | Final: B+,   CS 4550 Database Management Systems  : Midterm: A | Final: A,,,,,,,,,,,606b5915962b7170e065a21c,Part Time,700453019,Ferd Arndell,5GHYE4,12/25/1998,1 Redwing Parkway,,,,,,,0
gantyshev5x@japanpost.jp,Industrial and Labor Relations,,,,,,,,,,,,,,,,,,,,,,,,,,,,,,,,,,,,,,,,,,,,,Undergraduate - Sophomore,fall 2019,  IR 2210 Unions & Management: An Intro  : Midterm: A | Final: A,   HI 2681 Intro to Europe Hist:1350-Present  : Midterm: B | Final: B+,    VA2320 Graphic Design I  : Midterm: C+ | Final: C+,   EL 1000 English Comp I: Exposition  : Midterm: A | Final: A,spring 2020,  PE 2650 Intro to U.S. Politics  : Midterm: A | Final: A,  AS 2112 American People I : Midterm: B | Final: B+,    VA2010 Intro. to Creative Thinking  : Midterm: B+ | Final: B+,  EL 2239 Horror Literature   : Midterm: A | Final: B+,fall 2020,  IR 3300 CollectiveBarg & GrievanceProc  : Midterm: A | Final: A,  IR 3140 Unions & Public Policy     : Midterm: B | Final: B-,   HI 3091 African Cultures   : Midterm: B | Final: B,  EL 3560  Literatures of Europe:Part I   : Midterm: B | Final: B+,,,,,,,,,,,,,,,,,,,,,606b5915962b7170e065a21d,Part Time,700497670,Gizela Antyshev,WcN6KSW,12/22/1995,71847 Kenwood Pass,,,,,,,0
earundel5v@reference.com,Childhood Education (1-6),,,,,,,,,,,,,,,,,,,,,,,,,,,,,,,,,,,,,,,,,,,,,Undergraduate - Junior,fall 2018, ED3700 Child Development for Teachers : Midterm: A | Final: A,  EL 1000 English Comp I: Exposition   : Midterm: B | Final: B+,   HI 2681 Intro to Europe Hist:1350-Present   : Midterm: B+ | Final: B+, AS 2112 American People I    : Midterm: A | Final: A,spring 2019,   ED3820 Foundations of Special Education : Midterm: A | Final: A,   EL 2239 Horror Literature  : Midterm: B | Final: B+, AS 2122 American People II     : Midterm: B | Final: B, VA2010 Intro. to Creative Thinking    : Midterm: A | Final: A,fall 2019,  ED3950 Creating Schools for a Just Society : Midterm: A | Final: A,  ED4050 Innovative Instructional Design and Assessment : Midterm: B | Final: B+,   EL 3600 US Literature I   : Midterm: B+ | Final: B+,  VA2020 Basic Design   : Midterm: A | Final: A,spring 2020,  ED4121 Methods & Materials of Teaching Elementary Science Methods: Midterm: A | Final: A,  ED4200 Literacy for All Students   : Midterm: B | Final: B+,   VA2030 Drawing   : Midterm: B+ | Final: B+,  ED4122 Methods & Materials of Teaching Elementary Math Methods  : Midterm: A | Final: A,fall  2020, ED4220 Language Arts in the Context of Childhood Education : Midterm: A | Final: A,    PY3610 Brain & Behavior: Midterm: B | Final: B+,  VA2500 Art History I: 19th Century Art    : Midterm: B+ | Final: B+,  VA2045 Introduction to Color : Midterm: A | Final: A,,,,,,,,,,,606b5915962b7170e065a21e,Full Time,700670984,Eduardo Arundel,avzS1Q,8/29/1995,817 Farmco Parkway,,,,,,,0
fivshin5w@go.com,Industrial and Labor Relations,,,,,,,,,,,,,,,,,,,,,,,,,,,,,,,,,,,,,,,,,,,,,Graduate,fall 2017, PE 2650 Intro to U.S. Politics : Midterm: A | Final: A,  EL 1000 English Comp I: Exposition   : Midterm: B | Final: B+,   HI 2681 Intro to Europe Hist:1350-Present   : Midterm: B+ | Final: B+, AS 2112 American People I    : Midterm: A | Final: A,spring 2018,   IR 2210 Unions & Management: An Intro : Midterm: A | Final: A,   EL 2239 Horror Literature  : Midterm: B | Final: B+, AS 2122 American People II     : Midterm: B+ | Final: B+, VA2010 Intro. to Creative Thinking    : Midterm: A | Final: A,fall 2018,  IR 3140 Unions & Public Policy : Midterm: A | Final: A,  IR 3300 CollectiveBarg & GrievanceProc : Midterm: B | Final: B+,   EL 3600 US Literature I   : Midterm: B+ | Final: B+,  VA2020 Basic Design   : Midterm: A | Final: A,spring 2019,  IR 4320 Labor & Employment Law: Midterm: A | Final: A,  IR 3330 Women : Midterm: B | Final: B+,   VA2030 Drawing   : Midterm: B+ | Final: B+,  VA2045 Introduction to Color   : Midterm: A | Final: A,fall  2019, IR 3415 Labor Economics: Midterm: A | Final: A,    IR 3860 Development of the Modern Corp : Midterm: B | Final: B+,  VA2500 Art History I: 19th Century Art    : Midterm: B+ | Final: B+,  VA3400 Digital Imaging   : Midterm: A | Final: A,spring 2020,  BU 5125  Business Ethics : Midterm: A | Final: A,   BU 5171  Human Resource management : Midterm: B | Final: B+,   HS 4770  Occupational Health : Midterm: B+ | Final: B+,  IR 3120  History:AmericanLaborRelations : Midterm: A | Final: A,fall 2020, IR 3260  Comparative Labor Relations: Midterm: A | Final: A,  IR 3500 Arbitration & Mediation : Midterm: B | Final: B+, IR 4200  Strategic Research/Organizers : Midterm: B+ | Final: B+,  IR 4600 Topics in Labor Studies : Midterm: A | Final: A,606b5915962b7170e065a21f,Full Time,700006020,Flo Ivshin,Pnr8q6B,2/22/1997,0 Carey Road,spring 2020, PE 4430  Health Economics : Midterm: A | Final: A, PE 2300 Introduction to Law: Midterm: B | Final: B+,   MA2300 Calculus for Business & Economics : Midterm: B+ | Final: B+, BU3600 Principles Business Law: Midterm: A | Final: A,,0
dfalco5r@foxnews.com,Undecided,,,,,,,,,,,,,,,,,,,,,,,,,,,,,,,,,,,,,,,,,,,,,Undergraduate - Sophomore,fall 2019, HI1010 World Religions: West : Midterm: A | Final: A,  EL 1000 English Comp I: Exposition   : Midterm: B | Final: B+,   HI 2681 Intro to Europe Hist:1350-Present   : Midterm: A | Final: A, AS 2112 American People I    : Midterm: A | Final: A,spring 2020,   HI1020 World Religions: East : Midterm: A | Final: A,   EL 2239 Horror Literature  : Midterm: B | Final: B+, AS 2122 American People II     : Midterm: A | Final: A, VA2010 Intro. to Creative Thinking    : Midterm: A | Final: A,fall 2020,  HI2720 Introduction to Philosophy : Midterm: A | Final: A,  HI2155 Introduction to Comparative Religion : Midterm: B | Final: B+,   EL 3600 US Literature I   : Midterm: B+ | Final: B+,  VA2020 Basic Design   : Midterm: A | Final: A,,,,,,,,,,,,,,,,,,,,,606b5915962b7170e065a220,Full Time,700472543,Demetre Falco,3EhofYOP,12/11/1995,769 Dorton Way,,,,,,Philosophy and Religion,0
scaris5y@reuters.com,Adolescence Education: Biology (7-12),,,,,,,,,,,,,,,,,,,,,,,,,,,,,,,,,,,,,,,,,,,,,Undergraduate - Freshman,fall 2020, ED 6000 Foundations of Education   : Midterm: A | Final: A,  EL 1000 English Comp I: Exposition   : Midterm: B | Final: B+,   HI 2681 Intro to Europe Hist:1350-Present   : Midterm: C+ | Final: C+, VA2020 Basic Design    : Midterm: A | Final: A,,,,,,,,,,,,,,,,,,,,,,,,,,,,,,,606b5915962b7170e065a221,Part Time,700509660,Sheena Caris,ybJnQ8URr2ri,3/17/1998,034 Kingsford Hill,,,,,,,0
crichardin61@newsvine.com,Adolescence Education: Chemistry (7-12),,,,,,,,,,,,,,,,,,,,,,,,,,,,,,,,,,,,,,,,,,,,,Graduate,fall 2016, CP 4510 Biochemistry I : Midterm: A | Final: A,   CP 2120 Principles of Chemistry I  : Midterm: B | Final: B+,   CP 2121 Principles of Chemistry Lab I   : Midterm: C+ | Final: B,  CP 4520 Biochemistry Lab   : Midterm: A | Final: A,spring 2017, CP 4515 Biochemistry II : Midterm: A | Final: A,  CP 2130 Principles of Chemistry II   : Midterm: B | Final: B+,  CP 2131 Principles Chemistry Lab II    : Midterm: C+ | Final: B,   EL 1000 English Comp I: Exposition  : Midterm: A | Final: A,fall 2017,  CP 3300 Organic Chemistry I  : Midterm: A | Final: A,   CP 3302 Organic Chemistry Lab I  : Midterm: B | Final: B+,  EL 2239 Horror Literature    : Midterm: C+ | Final: B,   VA2010 Intro. to Creative Thinking  : Midterm: A | Final: A,spring 2018,  CP 3310 Organic Chemistry II  : Midterm: A | Final: A,   CP 3312 Organic Chemistry Lab II  : Midterm: B | Final: B+,   EL 3500  Lit Across Cultures I:Analysis   : Midterm: C+ | Final: B,   HI 2681 Intro to Europe Hist:1350-Present  : Midterm: A | Final: A,fall  2018,  CP 3400 Analytical Chemistry-Lect/Lab  : Midterm: A | Final: A,  BS 2400 Basic Bio Sciences I   : Midterm: B | Final: B+, VA2020 Basic Design     : Midterm: C+ | Final: C+,  VA2030 Drawing   : Midterm: A | Final: A,spring 2019,  CP 4700 Physical Chemistry I  : Midterm: A | Final: A,   CP 5920 Seminar I  : Midterm: B | Final: B+,    VA2045 Introduction to Color  : Midterm: C+ | Final: B,   VA2500 Art History I: 19th Century Art  : Midterm: A | Final: A,fall 2019,  CP 5921 Seminar II  : Midterm: A | Final: A,   AS 2112 American People I  : Midterm: B | Final: B+,    VA3100 Visual Culture  : Midterm: C+ | Final: B,  MA2310 Calculus and Analytic Geometry I   : Midterm: A | Final: A,606b5915962b7170e065a222,Full Time,700648463,Cordelia Richardin,U17RXx,4/23/1997,63857 Lunder Road,spring 2020, CP 6590 Topics: Environmental Science   : Midterm: A | Final: A,   CP 6740 Topics in Earth&Space Science    : Midterm: B | Final: B+,    CP 4800 Adv Chemical Methods: Lect/Lab  : Midterm: C+ | Final: C+,    AS 2122 American People II : Midterm: A | Final: A,,0
wbuie62@themeforest.net,Adolescence Education: Biology (7-12),,,,,,,,,,,,,,,,,,,,,,,,,,,,,,,,,,,,,,,,,,,,,Undergraduate - Sophomore,fall 2019, ED 6000 Foundations of Education : Midterm: A | Final: A,  EL 1000 English Comp I: Exposition   : Midterm: B | Final: B+,   HI 2681 Intro to Europe Hist:1350-Present   : Midterm: B+ | Final: B+, AS 2112 American People I    : Midterm: A | Final: A,spring 2020,   ED 6001 Human Growth&Dvlpmnt MAT : Midterm: A | Final: A,   EL 2239 Horror Literature  : Midterm: B | Final: B+, AS 2122 American People II     : Midterm: C+ | Final: C+, VA2010 Intro. to Creative Thinking    : Midterm: A | Final: A,fall 2020,  ED 6002 Foundations of Literacy MAT : Midterm: A | Final: A,  ED 6003 The Exceptional Learner MAT : Midterm: B | Final: B+,   EL 3600 US Literature I   : Midterm: B+ | Final: B+,  VA2020 Basic Design   : Midterm: A | Final: A,,,,,,,,,,,,,,,,,,,,,606b5915962b7170e065a223,Part Time,700570627,Wendi Buie,DWVO4J,3/13/1997,31 Scoville Pass,,,,,,,0
ironey60@pagesperso-orange.fr,Psychology,,,,,,,,,,,,,,,,,,,,,,,,,,,,,,,,,,,,,,,,,,,,,Undergraduate - Sophomore,fall 2019, PY2010 Introduction to Psychology: Midterm: A | Final: A,  EL 1000 English Comp I: Exposition   : Midterm: B | Final: B+,   HI 2681 Intro to Europe Hist:1350-Present   : Midterm: B | Final: B, AS 2112 American People I    : Midterm: A | Final: A,spring 2020,   PY3110 Research Methods I: (Orientation): Midterm: A | Final: A,   EL 2239 Horror Literature  : Midterm: B | Final: B+, AS 2122 American People II     : Midterm: B | Final: B, VA2010 Intro. to Creative Thinking    : Midterm: A | Final: A,fall 2020,  PY3120 Research Methods II: (Statistics)  : Midterm: A | Final: A,  PY4130 Field Experience and Research: Midterm: B | Final: B+,   EL 3600 US Literature I   : Midterm: B+ | Final: B+,  VA2020 Basic Design   : Midterm: A | Final: A,,,,,,,,,,,,,,,,,,,,,606b5915962b7170e065a224,Part Time,700790651,Ives Roney,ituF0O,10/16/1997,901 Cordelia Road,,,,,,,0
hdoul64@feedburner.com,Finance,,,,,,,,,,,,,,,,,,,,,,,,,,,,,,,,,,,,,,,,,,,,,Undergraduate - Freshman,fall 2020,  VA2020 Basic Design   : Midterm: A | Final: A,   EL 1000 English Comp I: Exposition  : Midterm: A | Final: A,   AS 2112 American People I   : Midterm: A | Final: A,  VA3200 Art Tutorials I   : Midterm: A | Final: A,,,,,,,,,,,,,,,,,,,,,,,,,,,,,,,606b5915962b7170e065a225,Full Time,700643377,Hastie Doul,bHN8FVS,7/26/1998,73 Memorial Road,,,,,,,0
alevee63@w3.org,Industrial and Labor Relations,,,,,,,,,,,,,,,,,,,,,,,,,,,,,,,,,,,,,,,,,,,,,Graduate,fall 2017, PE 2650 Intro to U.S. Politics : Midterm: A | Final: A,  EL 1000 English Comp I: Exposition   : Midterm: B | Final: B+,   HI 2681 Intro to Europe Hist:1350-Present   : Midterm: B+ | Final: B+, AS 2112 American People I    : Midterm: A | Final: A,spring 2018,   IR 2210 Unions & Management: An Intro : Midterm: A | Final: A,   EL 2239 Horror Literature  : Midterm: B | Final: B+, AS 2122 American People II     : Midterm: B+ | Final: B+, VA2010 Intro. to Creative Thinking    : Midterm: A | Final: A,fall 2018,  IR 3140 Unions & Public Policy : Midterm: A | Final: A,  IR 3300 CollectiveBarg & GrievanceProc : Midterm: B | Final: B+,   EL 3600 US Literature I   : Midterm: B+ | Final: B+,  VA2020 Basic Design   : Midterm: A | Final: A,spring 2019,  IR 4320 Labor & Employment Law: Midterm: A | Final: A,  IR 3330 Women : Midterm: B | Final: B+,   VA2030 Drawing   : Midterm: B+ | Final: B+,  VA2045 Introduction to Color   : Midterm: A | Final: A,fall  2019, IR 3415 Labor Economics: Midterm: A | Final: A,    IR 3860 Development of the Modern Corp : Midterm: B | Final: B+,  VA2500 Art History I: 19th Century Art    : Midterm: B+ | Final: B+,  VA3400 Digital Imaging   : Midterm: A | Final: A,spring 2020,  BU 5125  Business Ethics : Midterm: A | Final: A,   BU 5171  Human Resource management : Midterm: B | Final: B+,   HS 4770  Occupational Health : Midterm: B+ | Final: B+,  IR 3120  History:AmericanLaborRelations : Midterm: A | Final: A,fall 2020, IR 3260  Comparative Labor Relations: Midterm: A | Final: A,  IR 3500 Arbitration & Mediation : Midterm: B | Final: B+, IR 4200  Strategic Research/Organizers : Midterm: B+ | Final: B+,  IR 4600 Topics in Labor Studies : Midterm: A | Final: A,606b5915962b7170e065a226,Full  Time,700457647,Aharon Levee,XbhcJEF0U5Is,7/30/1997,3587 Tennyson Trail,spring 2020, PE 4430  Health Economics : Midterm: A | Final: A, PE 2300 Introduction to Law: Midterm: B | Final: B+,   MA2300 Calculus for Business & Economics : Midterm: B+ | Final: B+, BU3600 Principles Business Law: Midterm: A | Final: A,,0
tmacalpine66@php.net,Sociology,,,,,,,,,,,,,,,,,,,,,,,,,,,,,,,,,,,,,,,,,,,,,Undergraduate - Sophomore,fall 2019, SY2400 Sociology Through the Arts   : Midterm: A | Final: A,  VA2020 Basic Design   : Midterm: B | Final: B+, EL 1000 English Comp I: Exposition      : Midterm: B | Final: B, VA2030 Drawing  : Midterm: A | Final: A,spring 2020,   SY2550 Social Problems : Midterm: A | Final: A,   SY2600 Social Deviance  : Midterm: B | Final: B+,    HI 2681 Intro to Europe Hist:1350-Present : Midterm: B | Final: B+,   EL 2239 Horror Literature  : Midterm: A | Final: A,fall 2020,   SY2800 Race : Midterm: A | Final: A,  SY3160 Sociology of Culture   : Midterm: B | Final: B+,   VA2045 Introduction to Color   : Midterm: B | Final: B+,  EL 3560  Literatures of Europe:Part I   : Midterm: A | Final: A,,,,,,,,,,,,,,,,,,,,,606b5915962b7170e065a227,Part Time,700807506,Tuck MacAlpine,lhNB55C,5/25/1995,71 Lyons Park,,,,,,,0
enewlands65@nps.gov,Sociology,,,,,,,,,,,,,,,,,,,,,,,,,,,,,,,,,,,,,,,,,,,,,Undergraduate - Junior,fall 2018, SY2400 Sociology Through the Arts : Midterm: A | Final: A,  EL 1000 English Comp I: Exposition   : Midterm: B | Final: B+,   HI 2681 Intro to Europe Hist:1350-Present   : Midterm: C+ | Final: C+, AS 2112 American People I    : Midterm: A | Final: A,spring 2019,   SY2550 Social Problems: Midterm: A | Final: A,   EL 2239 Horror Literature  : Midterm: B | Final: B+, AS 2122 American People II     : Midterm: C+ | Final: B, VA2010 Intro. to Creative Thinking    : Midterm: A | Final: A,fall 2019,  SY2600 Social Deviance: Midterm: A | Final: A,  SY2800 Race : Midterm: B | Final: B+,   EL 3600 US Literature I   : Midterm: B+ | Final: B+,  VA2020 Basic Design   : Midterm: A | Final: A,spring 2020, SY3160 Sociology of Culture: Midterm: A | Final: A,  SY3280 Social Inequality: Midterm: B | Final: B+, VA3400 Digital: Midterm: B+ | Final: B+,  VA2045 Introduction to Color   : Midterm: A | Final: A,fall  2020, SY3630 Political Sociology : Midterm: A | Final: A,    SY3700 Family and Society : Midterm: B | Final: B+,  VA2500 Art History I: 19th Century Art    : Midterm: B+ | Final: B+, Imaging      VA2030 Drawing     : Midterm: A | Final: A,,,,,,,,,,,606b5915962b7170e065a228,Part Time,700994529,Elmer Newlands,rzWWO25qWR,6/29/1998,50961 Stoughton Avenue,,,,,,,0
crockliffe67@independent.co.uk,Criminology,,,,,,,,,,,,,,,,,,,,,,,,,,,,,,,,,,,,,,,,,,,,,Graduate,fall 2016, SY 1500  Intro Sociology: Midterm: A | Final: A,  EL 1000 English Comp I: Exposition   : Midterm: B | Final: B+,   HI 2681 Intro to Europe Hist:1350-Present   : Midterm: C+ | Final: C+, AS 2112 American People I    : Midterm: A | Final: A,spring 2017,   CR 1500 Intro to Criminology : Midterm: A | Final: A,   EL 2239 Horror Literature  : Midterm: B | Final: B+, AS 2122 American People II     : Midterm: C+ | Final: C+, VA2010 Intro. to Creative Thinking    : Midterm: A | Final: A,fall 2017,  CR 2090  Juvenile Delinquency : Midterm: A | Final: A,  CR 3092 Victimology : Midterm: B | Final: B+,   EL 3600 US Literature I   : Midterm: B+ | Final: B+,  VA2020 Basic Design   : Midterm: A | Final: A,spring 2018,  CR 3093  Criminal Justice Admin : Midterm: A | Final: A,  CR 3094 Drugs and Society   : Midterm: B | Final: B+,   VA2030 Drawing   : Midterm: B+ | Final: B+,  VA2045 Introduction to Color   : Midterm: A | Final: A,fall  2018, CR 3117  Policing Bodies : Midterm: A | Final: A,    CR 3200  Crime : Midterm: B | Final: B+,  VA2500 Art History I: 19th Century Art    : Midterm: B+ | Final: B+,  VA3400 Digital Imaging   : Midterm: A | Final: A,spring 2019,  CR 4000 Gender : Midterm: A | Final: A,   CR 4091 Punishment & Corrections : Midterm: B | Final: B+,   CR 4099 Sociology of Violence : Midterm: B+ | Final: B+,  CR 4999 Issues in Criminology : Midterm: A | Final: A,fall 2019, SY 2600  Social Deviance : Midterm: A | Final: A,  SY 4810 Law & Justice : Midterm: B | Final: B+, SY 4520 Research Methods I  : Midterm: B+ | Final: B+,  SY 4530 Sociological Theory I : Midterm: A | Final: A,606b5915962b7170e065a229,Full Time,700833702,Christiano Rockliffe,k7Bgxh,2/21/1996,93773 Maywood Street,spring 2020, SY 4570 Research Methods II : Midterm: A | Final: A,   CR 4550 Theories of Crime : Midterm: B | Final: B+,   PY2010 Introduction to Psychology : Midterm: B+ | Final: B+, PY3620 Drugs & Behavior : Midterm: A | Final: A,,0
lcyson5z@umn.edu,Adolescence Education: Mathematics (7-12),,,,,,,,,,,,,,,,,,,,,,,,,,,,,,,,,,,,,,,,,,,,,Undergraduate - Senior,fall 2017, MA2310 Calculus and Analytic Geometry I: Midterm: A | Final: A,  EL 1000 English Comp I: Exposition   : Midterm: B | Final: B+,   HI 2681 Intro to Europe Hist:1350-Present   : Midterm: C+ | Final: C+, AS 2112 American People I    : Midterm: A | Final: A,spring 2018,   MA2320 Calculus and Analytic Geometry II: Midterm: A | Final: A,   EL 2239 Horror Literature  : Midterm: B | Final: B+, AS 2122 American People II     : Midterm: C+ | Final: C+, VA2010 Intro. to Creative Thinking    : Midterm: A | Final: A,fall 2018,  MA3030 Discrete Mathematics: Midterm: A | Final: A,  MA3160 Linear Algebra: Midterm: B | Final: B+,   EL 3600 US Literature I   : Midterm: B+ | Final: B+,  VA2020 Basic Design   : Midterm: A | Final: A,spring 2019, MA3210 Intro. To Probability & Statistics: Midterm: A | Final: A, MA3330 Calculus and Analytic Geometry III  : Midterm: B | Final: B+,   VA2030 Drawing   : Midterm: B+ | Final: B+,  VA2045 Introduction to Color   : Midterm: A | Final: A,fall  2019, MA3520 Transition to Advanced Mathematics: Midterm: A | Final: A,    MA4360 Differential Equations : Midterm: B | Final: B+,  VA2500 Art History I: 19th Century Art    : Midterm: B+ | Final: B+,  VA3400 Digital Imaging   : Midterm: A | Final: A,spring 2020,  MA5120 Abstract Algebra I : Midterm: A | Final: A,   MA5320 Advanced Calculus I: Midterm: B | Final: B+,   CS2510 Computer Programming I : Midterm: B+ | Final: B+,  MA4100 Number Theory  : Midterm: A | Final: A,fall 2020, MA4200 Probability : Midterm: A | Final: A,  MA4510 Geometry: Midterm: B | Final: B+, MA4910 Operations Research I   : Midterm: B+ | Final: B+,  MA5230 Mathematical Statistics : Midterm: A | Final: A,606b5915962b7170e065a22a,Part Time,700185354,Lorry Cyson,slvd9VmS,4/7/1997,6038 Cascade Pass,,,,,,,0
tklousner69@bbc.co.uk,Industrial and Labor Relations,,,,,,,,,,,,,,,,,,,,,,,,,,,,,,,,,,,,,,,,,,,,,Undergraduate - Sophomore,fall 2019,  IR 2210 Unions & Management: An Intro  : Midterm: A | Final: A,   HI 2681 Intro to Europe Hist:1350-Present  : Midterm: B | Final: B+,    VA2320 Graphic Design I  : Midterm: B+ | Final: B+,   EL 1000 English Comp I: Exposition  : Midterm: A | Final: A,spring 2020,  PE 2650 Intro to U.S. Politics  : Midterm: A | Final: A,  AS 2112 American People I : Midterm: B | Final: B+,    VA2010 Intro. to Creative Thinking  : Midterm: B+ | Final: B+,  EL 2239 Horror Literature   : Midterm: A | Final: B+,fall 2020,  IR 3300 CollectiveBarg & GrievanceProc  : Midterm: A | Final: A,  IR 3140 Unions & Public Policy     : Midterm: B | Final: B-,   HI 3091 African Cultures   : Midterm: B | Final: B,  EL 3560  Literatures of Europe:Part I   : Midterm: B | Final: B+,,,,,,,,,,,,,,,,,,,,,606b5915962b7170e065a22b,Full Time,700587321,Trenton Klousner,n04IAG,12/20/1996,33585 Rowland Avenue,,,,,,,0
cbonnar68@fastcompany.com,Business Administration,,,,,,,,,,,,,,,,,,,,,,,,,,,,,,,,,,,,,,,,,,,,,Undergraduate - Sophomore,fall 2018, BU 3010 Information Systems for Managers   : Midterm: A | Final: A,   BU 3502 Principles of Accounting I  : Midterm: B | Final: B+,   EL 1000 English Comp I: Exposition   : Midterm: A | Final: A,   AS 2112 American People I  : Midterm: A | Final: A,spring 2019,  MA 2300 Calc/Business & Economics  : Midterm: A | Final: A,   BU3600 Principles Business Law  : Midterm: B | Final: B+,   AS 2122 American People II   : Midterm: A | Final: A,   BU 3800 Marketing: Principles&Concepts  : Midterm: A | Final: A,fall 2019, BU 4110 Organizational Behavior & Mgmt   : Midterm: A | Final: A, BU 4120  Global Business    : Midterm: B | Final: B-,  EL 2239 Horror Literature    : Midterm: A | Final: A,  HI 2681 Intro to Europe Hist:1350-Present   : Midterm: A | Final: B,,,,,,,,,,,,,,,,,,,,,606b5915962b7170e065a22c,Full Time,700350084,Carmel Bonnar,iWFvI2Sm9Rvb,4/5/1998,3295 Park Meadow Drive,,,,,,,0
rbasilio6d@shareasale.com,Chemistry,,,,,,,,,,,,,,,,,,,,,,,,,,,,,,,,,,,,,,,,,,,,,Undergraduate - Freshman,fall 2020,  CP 2121Principles of Chemistry Lab I  : Midterm: A | Final: A,  EL 1000 English Comp I: Exposition   : Midterm: B | Final: B+,CP 4700  Physical Chemistry I: Midterm: B+ | Final: B+,  HI 2681 Intro to Europe Hist:1350-Present   : Midterm: A | Final: A,,,,,,,,,,,,,,,,,,,,,,,,,,,,,,,606b5915962b7170e065a22d,Full Time,700538187,Rosmunda Basilio,QQEYmU87vDb,11/16/1996,4 Moulton Park,,,,,,,0
wgorring6c@independent.co.uk,Chemistry,,,,,,,,,,,,,,,,,,,,,,,,,,,,,,,,,,,,,,,,,,,,,Graduate,fall 2016, CP 4700  Physical Chemistry I : Midterm: A | Final: B,  EL 1000 English Comp I: Exposition   : Midterm: B | Final: C+,   HI 2681 Intro to Europe Hist:1350-Present   : Midterm: A | Final: A, CP 2121Principles of Chemistry Lab I : Midterm: A | Final: A,spring 2017,   CP 2130  Principles of Chemistry II : Midterm: A | Final: A,   EL 2239 Horror Literature  : Midterm: B | Final: B+, AS 2122 American People II     : Midterm: B+ | Final: B+, VA2010 Intro. to Creative Thinking    : Midterm: A | Final: A,fall 2017 ,  CP 2240  General Physics I: Midterm: A | Final: A,  CP 2120 Principles of Chemistry I : Midterm: B | Final: B+,CP 4720  Physical Chemistry Lab : Midterm: B+ | Final: C+,  VA2020 Basic Design   : Midterm: A | Final: A,spring 2018,  CP 4710 Physical Chemistry II : Midterm: A | Final: A,   EL 3600 US Literature I   : Midterm: B | Final: B+,   VA2030 Drawing   : Midterm: B+ | Final: B+,  VA2045 Introduction to Color   : Midterm: A | Final: A,fall  2018, CP 4800 Adv Chemical Methods: Lect/Lab : Midterm: A | Final: A,    CP 2240  General Physics I  Midterm: B | Final: B+,  VA2500 Art History I: 19th Century Art    : Midterm: B+ | Final: B+,  VA3400 Digital Imaging   : Midterm: A | Final: A,spring 2019,  CP 2250 General Physics II : Midterm: A | Final: A,   CP 2251 General Physics II Lab : Midterm: B | Final: B+,   CP 3230  Math Methods: Physical Science   : Midterm: B+ | Final: B+,  MA 3160  Linear Algebra   : Midterm: A | Final: A,fall 2019, MA 3330  Calc & Analyt Geometry III : Midterm: A | Final: A, CP 5920 Seminar I: Midterm: B | Final: B+, CP 2120 Principles of Chemistry I   : Midterm: B+ | Final: B+,  CP 3300 Organic Chemistry I  : Midterm: A | Final: A,606b5915962b7170e065a22e,Part Time,700515621,Wilone Gorring,HRFf8rd,9/16/1996,747 Logan Center,spring 2020, CP 2131 Principles Chemistry Lab II : Midterm: A | Final: A,   MA 4360  Differential Equations : Midterm: B | Final: B+,   CP 5921 Seminar II : Midterm: B+ | Final: B+, CP 4520 Biochemistry Lab: Midterm: A | Final: A,,0
eilyushkin6e@storify.com,Adolescence Education: Chemistry (7-12),,,,,,,,,,,,,,,,,,,,,,,,,,,,,,,,,,,,,,,,,,,,,Undergraduate - Sophomore,fall 2019, CP 4510 Biochemistry I : Midterm: A | Final: A,   CP 2120 Principles of Chemistry I  : Midterm: A | Final: A,   CP 2121 Principles of Chemistry Lab I   : Midterm: C+ | Final: C+,  CP 4520 Biochemistry Lab   : Midterm: A | Final: A,spring 2020, EL 3500  Lit Across Cultures I:Analysis   : Midterm: A | Final: A,  VA2500 Art History I: 19th Century Art: Midterm: B | Final: B+,  VA2010 Intro. to Creative Thinking : Midterm: A | Final: A,   EL 1000 English Comp I: Exposition  : Midterm: A | Final: A,fall 2020,  CP 3300 Organic Chemistry I  : Midterm: A | Final: A,   CP 3302 Organic Chemistry Lab I  : Midterm: B | Final: B+,  EL 2239 Horror Literature    : Midterm: C+ | Final: C+,   BS 2400 Basic Bio Sciences I   : Midterm: A | Final: A,,,,,,,,,,,,,,,,,,,,,606b5915962b7170e065a22f,Part Time,700081179,Errol Ilyushkin,Tpp1tRjO,6/6/1996,1702 Everett Drive,,,,,,,0
agopsell6b@dyndns.org,Adolescence Education: Social Studies (7-12),,,,,,,,,,,,,,,,,,,,,,,,,,,,,,,,,,,,,,,,,,,,,Undergraduate - Freshman,fall 2020,   AS 2112 American People I : Midterm: A | Final: A,  EL 1000 English Comp I: Exposition   : Midterm: B | Final: B+,   HI 4308 History Modern Middle East   : Midterm: C+ | Final: C+,  VA3200 Art Tutorials I   : Midterm: A | Final: A,,,,,,,,,,,,,,,,,,,,,,,,,,,,,,,606b5915962b7170e065a230,Full Time,700690960,Alexander Gopsell,aDYpcpm44,11/14/1996,4 Little Fleur Crossing,,,,,,,0
mmckeaveney6h@youku.com,Spanish Language,,,,,,,,,,,,,,,,,,,,,,,,,,,,,,,,,,,,,,,,,,,,,Undergraduate - Freshman,fall 2020, ML2100 Intermediate Spanish Conversation I  : Midterm: A | Final: A,ML3100 Advanced Spanish Conversation and Composition : Midterm: B | Final: B+,   EL 1000 English Comp I: Exposition   : Midterm: A | Final: A,   AS 2112 American People I  : Midterm: A | Final: A,,,,,,,,,,,,,,,,,,,,,,,,,,,,,,,606b5915962b7170e065a231,Full Time,700702666,Merwin McKeaveney,f9kJplPY,2/19/1996,19409 Browning Alley,,,,,,,0
mragat6f@comcast.net,Adolescence Education: Mathematics (7-12),,,,,,,,,,,,,,,,,,,,,,,,,,,,,,,,,,,,,,,,,,,,,Undergraduate - Senior,fall 2017, MA2310 Calculus and Analytic Geometry I: Midterm: A | Final: A,  EL 1000 English Comp I: Exposition   : Midterm: B | Final: B+,   HI 2681 Intro to Europe Hist:1350-Present   : Midterm: C+ | Final: C+, AS 2112 American People I    : Midterm: A | Final: A,spring 2018,   MA2320 Calculus and Analytic Geometry II: Midterm: A | Final: A,   EL 2239 Horror Literature  : Midterm: B | Final: B+, AS 2122 American People II     : Midterm: C+ | Final: C+, VA2010 Intro. to Creative Thinking    : Midterm: A | Final: A,fall 2018,  MA3030 Discrete Mathematics: Midterm: A | Final: A,  MA3160 Linear Algebra: Midterm: B | Final: B+,   EL 3600 US Literature I   : Midterm: B+ | Final: B+,  VA2020 Basic Design   : Midterm: A | Final: A,spring 2019, MA3210 Intro. To Probability & Statistics: Midterm: A | Final: A, MA3330 Calculus and Analytic Geometry III  : Midterm: B | Final: B+,   VA2030 Drawing   : Midterm: B+ | Final: B+,  VA2045 Introduction to Color   : Midterm: A | Final: A,fall  2019, MA3520 Transition to Advanced Mathematics: Midterm: A | Final: A,    MA4360 Differential Equations : Midterm: B | Final: B+,  VA2500 Art History I: 19th Century Art    : Midterm: B+ | Final: B+,  VA3400 Digital Imaging   : Midterm: A | Final: A,spring 2020,  MA5120 Abstract Algebra I : Midterm: A | Final: A,   MA5320 Advanced Calculus I: Midterm: B | Final: B+,   CS2510 Computer Programming I : Midterm: B+ | Final: B+,  MA4100 Number Theory  : Midterm: A | Final: A,fall 2020, MA4200 Probability : Midterm: A | Final: A,  MA4510 Geometry: Midterm: B | Final: B+, MA4910 Operations Research I   : Midterm: B+ | Final: B+,  MA5230 Mathematical Statistics : Midterm: A | Final: A,606b5915962b7170e065a232,Full Time,700889042,Merilee Ragat,2NLau0sSwhKR,5/4/1996,15 Dixon Street,,,,,,,0
nheugle6i@jiathis.com,Adolescence Education: Mathematics (7-12),,,,,,,,,,,,,,,,,,,,,,,,,,,,,,,,,,,,,,,,,,,,,Undergraduate - Freshman,fall 2020,  EL 1000 English Comp I: Exposition I: Midterm: B | Final: B,  VA3200 Art Tutorials I    : Midterm: A | Final: B+,,,,,,,,,,,,,,,,,,,,,,,,,,,,,,,,,606b5915962b7170e065a233,Part Time,700493804,Nettie Heugle,OziKkv,3/5/1996,2 Morningstar Court,,,,,,,0
jcaslett6j@nasa.gov,Adolescence Education: Mathematics (7-12),,,,,,,,,,,,,,,,,,,,,,,,,,,,,,,,,,,,,,,,,,,,,Undergraduate - Senior,fall 2017, MA2310 Calculus and Analytic Geometry I: Midterm: A | Final: A,  EL 1000 English Comp I: Exposition   : Midterm: B | Final: B+,   HI 2681 Intro to Europe Hist:1350-Present   : Midterm: C+ | Final: C+, AS 2112 American People I    : Midterm: A | Final: A,spring 2018,   MA2320 Calculus and Analytic Geometry II: Midterm: A | Final: A,   EL 2239 Horror Literature  : Midterm: B | Final: B+, AS 2122 American People II     : Midterm: C+ | Final: C+, VA2010 Intro. to Creative Thinking    : Midterm: A | Final: A,fall 2018,  MA3030 Discrete Mathematics: Midterm: A | Final: A,  MA3160 Linear Algebra: Midterm: B | Final: B+,   EL 3600 US Literature I   : Midterm: B+ | Final: B+,  VA2020 Basic Design   : Midterm: A | Final: A,spring 2019, MA3210 Intro. To Probability & Statistics: Midterm: A | Final: A, MA3330 Calculus and Analytic Geometry III  : Midterm: B | Final: B+,   VA2030 Drawing   : Midterm: B+ | Final: B+,  VA2045 Introduction to Color   : Midterm: A | Final: A,fall  2019, MA3520 Transition to Advanced Mathematics: Midterm: A | Final: A,    MA4360 Differential Equations : Midterm: B | Final: B+,  VA2500 Art History I: 19th Century Art    : Midterm: B+ | Final: B+,  VA3400 Digital Imaging   : Midterm: A | Final: A,spring 2020,  MA5120 Abstract Algebra I : Midterm: A | Final: A,   MA5320 Advanced Calculus I: Midterm: B | Final: B+,   CS2510 Computer Programming I : Midterm: B+ | Final: B+,  MA4100 Number Theory  : Midterm: A | Final: A,fall 2020, MA4200 Probability : Midterm: A | Final: A,  MA4510 Geometry: Midterm: B | Final: B+, MA4910 Operations Research I   : Midterm: B+ | Final: B+,  MA5230 Mathematical Statistics : Midterm: A | Final: A,606b5915962b7170e065a234,Part Time,700671771,Josefa Caslett,hFVOopBqPU18,3/2/1996,8405 Pawling Crossing,,,,,,,0
afraanchyonok6a@instagram.com,Industrial and Labor Relations,,,,,,,,,,,,,,,,,,,,,,,,,,,,,,,,,,,,,,,,,,,,,Undergraduate - Sophomore,fall 2019, PE 2650 Intro to U.S. Politics : Midterm: A | Final: A,  EL 1000 English Comp I: Exposition   : Midterm: B | Final: B+,   HI 2681 Intro to Europe Hist:1350-Present   : Midterm: B+ | Final: B+, AS 2112 American People I    : Midterm: A | Final: A,spring 2020,   IR 2210 Unions & Management: An Intro : Midterm: A | Final: A,   EL 2239 Horror Literature  : Midterm: B | Final: B+, AS 2122 American People II     : Midterm: B+ | Final: B+, VA2010 Intro. to Creative Thinking    : Midterm: A | Final: A,fall 2020,  IR 3140 Unions & Public Policy : Midterm: A | Final: A,  IR 3300 CollectiveBarg & GrievanceProc : Midterm: B | Final: B+,   EL 3600 US Literature I   : Midterm: B+ | Final: B+,  VA2020 Basic Design   : Midterm: A | Final: A,,,,,,,,,,,,,,,,,,,,,606b5915962b7170e065a235,Full Time,700144792,Angela Fraanchyonok,Cd6vfrovvmo,1/2/1998,52 Dawn Circle,,,,,,,0
bsuffield6g@mac.com,Special Education and Childhood Education (1-6),,,,,,,,,,,,,,,,,,,,,,,,,,,,,,,,,,,,,,,,,,,,,Undergraduate - Senior,fall 2017,  ED3700 Child Development  I: Midterm: B | Final: B,   EL 1000 English Comp I: Exposition  : Midterm: A | Final: B+,   AS 2112 American People I   : Midterm: A | Final: A,  VA3200 Art Tutorials I   : Midterm: A | Final: A,spring 2018,   ED4121 Methods and Materials for Teaching Elementary Science Majors : Midterm: A | Final: A,   EL 2239 Horror Literature  : Midterm: B | Final: B+, VA2030 Drawing   : Midterm: B | Final: B, VA2010 Intro. to Creative Thinking    : Midterm: A | Final: A,fall 2018,  ED4122 Methods and Materials for Teaching Elementary Math Methods : Midterm: A | Final: A,  ED4850 Instructional Design & Delivery for Students with Disabilities : Midterm: B | Final: B+,   EL 3600 US Literature I   : Midterm: B+ | Final: B+,  VA2020 Basic Design   : Midterm: A | Final: A,spring 2019,  ED4300 Assessment and Evidence-based Decision Making in Special Education : Midterm: A | Final: A,  ED4810 Positive Behavior Supports and Interventions for Students with Disabilities  : Midterm: B | Final: B+,   VA2030 Drawing   : Midterm: B+ | Final: B+,  VA2045 Introduction to Color   : Midterm: A | Final: A,fall  2019, PY3420 Learning & Motivation: Midterm: A | Final: A,    PY3610 Brain & Behavior: Midterm: B | Final: B+,  VA2500 Art History I: 19th Century Art    : Midterm: B+ | Final: B+,  VA3400 Digital Imaging   : Midterm: A | Final: A,spring 2020,  ED4890 Effective Practices for Students with Low Incidence Disabilities : Midterm: A | Final: A,   ED5930 Internship: Meeting the Needs of Diverse Learners: Midterm: B | Final: B+,   ED5960 Student Teaching and Seminar : Midterm: B+ | Final: B+,  SY2400 Sociology Through the Arts : Midterm: A | Final: A,fall 2020, SY2550 Social Problems : Midterm: A | Final: A,  SY2600 Social Deviance : Midterm: B | Final: B+, PY2010 Introduction to Psychology   : Midterm: B+ | Final: B+,  PY3110 Research Methods I: (Orientation) : Midterm: A | Final: A,606b5915962b7170e065a236,Part Time,700961076,Brigg Suffield,PKeAJMPVoHa,5/9/1997,61074 Bunker Hill Park,,,,,,,0
lcohn6m@meetup.com,Psychology,,,,,,,,,,,,,,,,,,,,,,,,,,,,,,,,,,,,,,,,,,,,,Undergraduate - Junior,fall 2018, PY2010 Introduction to Psychology: Midterm: A | Final: A,  EL 1000 English Comp I: Exposition   : Midterm: B | Final: B+,   HI 2681 Intro to Europe Hist:1350-Present   : Midterm: B+ | Final: B, AS 2112 American People I    : Midterm: A | Final: A,spring 2019,   PY3110 Research Methods I: (Orientation): Midterm: A | Final: A,   EL 2239 Horror Literature  : Midterm: B | Final: B+, AS 2122 American People II     : Midterm: B+ | Final: B, VA2010 Intro. to Creative Thinking    : Midterm: A | Final: A,fall 2019,  PY3120 Research Methods II: (Statistics)  : Midterm: A | Final: A,  PY4130 Field Experience and Research: Midterm: B | Final: B+,   EL 3600 US Literature I   : Midterm: B+ | Final: B+,  VA2020 Basic Design   : Midterm: A | Final: A,spring 2020,  PY4100 Research Methods III (Advanced Research Skills)  : Midterm: A | Final: A,  PY3410 Cognitive Psychology   : Midterm: B | Final: B+,   VA2030 Drawing   : Midterm: B+ | Final: B+,  VA2045 Introduction to Color   : Midterm: A | Final: A,fall  2020, PY3420 Learning & Motivation: Midterm: A | Final: A,    PY3610 Brain & Behavior: Midterm: B | Final: B+,  VA2500 Art History I: 19th Century Art    : Midterm: B+ | Final: B+,  VA3400 Digital Imaging   : Midterm: A | Final: A,,,,,,,,,,,606b5915962b7170e065a237,Full Time,700540082,Leland Cohn,X5K0B8,5/16/1997,1 Dakota Avenue,,,,,,,0
hnelmes6n@sun.com,English,,,,,,,,,,,,,,,,,,,,,,,,,,,,,,,,,,,,,,,,,,,,,Graduate,fall 2016,   EL 1000 English Comp I: Exposition : Midterm: A | Final: B+,  HI 2681 Intro to Europe Hist:1350-Present   : Midterm: B | Final: B+,   VA2020 Basic Design   : Midterm: B+ | Final: B,  VA2030 Drawing   : Midterm: A | Final: A,spring 2017, EL 2239 Horror Literature   : Midterm: A | Final: A,  AS 2112 American People I   : Midterm: B | Final: B+,    VA2045 Introduction to Color  : Midterm: B+ | Final: B+,    VA2500 Art History I: 19th Century Art : Midterm: A | Final: A,fall 2017, EL 3010  Structure & Grammar of English   : Midterm: A | Final: A,  EL 3500  Lit Across Cultures I:Analysis   : Midterm: B | Final: B+,   AS 2122 American People II   : Midterm: B+ | Final: B+,  VA3200 Art Tutorials I   : Midterm: A | Final: A,spring 2018,  EL 3510  Lit Across Cultures II:Theory  : Midterm: A | Final: A,   EL 3600 US Literature I  : Midterm: B | Final: B+,   VA4200 Art Tutorials II   : Midterm: B+ | Final: B+,   VA2320 Graphic Design I  : Midterm: A | Final: A,fall  2018, EL 4400  Critical Theory   : Midterm: A | Final: A,    EL 3610  US Literature II : Midterm: B | Final: B+, HI 4800  History of India     : Midterm: B+ | Final: B+,  EL 4311 Greek Drama    : Midterm: A | Final: A,spring 2019,  EL 3800 Eng Lit I:Beowulf-18th Century   : Midterm: A | Final: A,   EL 3810  Eng Lit II:Romantics - Present  : Midterm: B | Final: B+,  EL 4510  Modern Drama & Theatre    : Midterm: B+ | Final: B+, VA3100 Visual Culture    : Midterm: A | Final: A,fall 2019, EL 3560  Literatures of Europe:Part I   : Midterm: A | Final: A, EL 3950  Creative Non-Fiction: Midterm: B | Final: B+,   EL 4325 Shakespeare: Selected Plays   : Midterm: C+ | Final: C+,  EL 4402 Sin & Sexuality in Literature   : Midterm: A | Final: A,606b5915962b7170e065a238,Full Time,700119356,Hilde Nelmes,6dQtaoStz8,6/3/1998,6205 Service Plaza,spring 2020,  EL 3561 Literatures of Europe:Part II  : Midterm: A | Final: B,   EL 4312 Greek Mythology  : Midterm: B | Final: B-+,     EL 4500 Topics in British/US Lit : Midterm: A | Final: B+,  SY 5990  Senior Seminar   : Midterm: A | Final: A,,0
fslessar6o@baidu.com,Biochemistry,,,,,,,,,,,,,,,,,,,,,,,,,,,,,,,,,,,,,,,,,,,,,Undergraduate - Senior,fall 2018,  VA2010 Intro. to Creative Thinking  : Midterm: A | Final: C+, CP 2120 Principles of Chemistry I: Midterm: B | Final: B+,  VA2030 Drawing    : Midterm: A | Final: A,  CP 2121 Principles of Chemistry Lab I: Midterm: A | Final: A,spring 2019, EL 1000 English Comp I: Exposition   : Midterm: A | Final: A,  VA2020 Basic Design   : Midterm: B | Final: B+,   CP 2130 Principles of Chemistry II  : Midterm: B+ | Final: B+, CP 2131 Principles Chemistry Lab II: Midterm: A | Final: A,fall 2019,  EL 2239 Horror Literature  : Midterm: A | Final: A,  AS 2112 American People I  : Midterm: B | Final: B+,  CP 3302 Organic Chemistry Lab I    : Midterm: B+ | Final: B+,  CP 3300 Organic Chemistry I   : Midterm: A | Final: A,spring 2020,  CP 3310 Organic Chemistry II: Midterm: A | Final: A,  CP 3312 Organic Chemistry Lab II : Midterm: B | Final: B+,   VA2030 Drawing   : Midterm: B+ | Final: B+,  VA2045 Introduction to Color   : Midterm: A | Final: A,fall  2020, CP 3400 Analytical Chemistry-Lect/Lab : Midterm: A | Final: A,    CP 4700 Physical Chemistry I : Midterm: B | Final: B+,  VA2500 Art History I: 19th Century Art    : Midterm: B+ | Final: B+,  VA3400 Digital Imaging   : Midterm: A | Final: A,spring 2019,  CP 4510 Biochemistry I : Midterm: A | Final: A,   CP 4520 Biochemistry Lab : Midterm: B | Final: B+,   BS 2400 Basic Bio Sciences I : Midterm: B+ | Final: B+,  BS 4400 Cell Biology : Midterm: A | Final: A,fall 2019, CP 4515 Biochemistry II : Midterm: A | Final: A,  BS 2410 Basic Bio Sciences II : Midterm: B | Final: B+, BS 4460 Genetics : Midterm: B+ | Final: B+,  BS 4560 Molecular Biology : Midterm: A | Final: A,606b5915962b7170e065a239,Part Time,700026951,Fannie Slessar,jnPG6kWudJ6,9/7/1997,841 Nova Lane,,,,,,,0
edzenisenka6q@tripadvisor.com,History,,,,,,,,,,,,,,,,,,,,,,,,,,,,,,,,,,,,,,,,,,,,,Undergraduate - Freshman,fall 2019, VA2030 Drawing: Midterm: A | Final: A,  EL 1000 English Comp I: Exposition   : Midterm: B | Final: B+,   HI 2681 Intro to Europe Hist:1350-Present   : Midterm: B+ | Final: B+, AS 2112 American People I    : Midterm: A | Final: A,,,,,,,,,,,,,,,,,,,,,,,,,,,,,,,606b5915962b7170e065a23a,Part Time,700796585,Esta Dzenisenka,bZgjZNP,11/17/1996,51685 Meadow Valley Drive,,,,,,,0
rkulicke6k@toplist.cz,Industrial and Labor Relations,,,,,,,,,,,,,,,,,,,,,,,,,,,,,,,,,,,,,,,,,,,,,Graduate,fall 2017, PE 2650 Intro to U.S. Politics : Midterm: A | Final: A,  EL 1000 English Comp I: Exposition   : Midterm: B | Final: B+,   HI 2681 Intro to Europe Hist:1350-Present   : Midterm: B+ | Final: B+, AS 2112 American People I    : Midterm: A | Final: A,spring 2018,   IR 2210 Unions & Management: An Intro : Midterm: A | Final: A,   EL 2239 Horror Literature  : Midterm: B | Final: B+, AS 2122 American People II     : Midterm: B+ | Final: B+, VA2010 Intro. to Creative Thinking    : Midterm: A | Final: A,fall 2018,  IR 3140 Unions & Public Policy : Midterm: A | Final: A,  IR 3300 CollectiveBarg & GrievanceProc : Midterm: B | Final: B+,   EL 3600 US Literature I   : Midterm: B+ | Final: B+,  VA2020 Basic Design   : Midterm: A | Final: A,spring 2019,  IR 4320 Labor & Employment Law: Midterm: A | Final: A,  IR 3330 Women : Midterm: B | Final: B+,   VA2030 Drawing   : Midterm: B+ | Final: B+,  VA2045 Introduction to Color   : Midterm: A | Final: A,fall  2019, IR 3415 Labor Economics: Midterm: A | Final: A,    IR 3860 Development of the Modern Corp : Midterm: B | Final: B+,  VA2500 Art History I: 19th Century Art    : Midterm: B+ | Final: B+,  VA3400 Digital Imaging   : Midterm: A | Final: A,spring 2020,  BU 5125  Business Ethics : Midterm: A | Final: A,   BU 5171  Human Resource management : Midterm: B | Final: B+,   HS 4770  Occupational Health : Midterm: B+ | Final: B+,  IR 3120  History:AmericanLaborRelations : Midterm: A | Final: A,fall 2020, IR 3260  Comparative Labor Relations: Midterm: A | Final: A,  IR 3500 Arbitration & Mediation : Midterm: B | Final: B+, IR 4200  Strategic Research/Organizers : Midterm: B+ | Final: B+,  IR 4600 Topics in Labor Studies : Midterm: A | Final: A,606b5915962b7170e065a23b,Full Time,700811513,Rori Kulicke,KFvcY0OueL,1/20/1996,15 Nova Place,spring 2020, PE 4430  Health Economics : Midterm: A | Final: A, PE 2300 Introduction to Law: Midterm: B | Final: B+,   MA2300 Calculus for Business & Economics : Midterm: B+ | Final: B+, BU3600 Principles Business Law: Midterm: A | Final: A,,0
jmckerrow6p@pcworld.com,Sociology,,,,,,,,,,,,,,,,,,,,,,,,,,,,,,,,,,,,,,,,,,,,,Undergraduate - Sophomore,fall 2019, SY2400 Sociology Through the Arts   : Midterm: A | Final: C+,  VA2020 Basic Design   : Midterm: B | Final: B+, EL 1000 English Comp I: Exposition      : Midterm: C+ | Final: C+, HI 2681 Intro to Europe Hist:1350-Present    : Midterm: A | Final: A,spring 2020,   SY2550 Social Problems : Midterm: A | Final: A,   SY2600 Social Deviance  : Midterm: B | Final: B+,    VA2030 Drawing  : Midterm: C+ | Final: B+,   EL 2239 Horror Literature  : Midterm: A | Final: A,fall 2020,   SY2800 Race : Midterm: A | Final: A,  SY3160 Sociology of Culture   : Midterm: B | Final: B+,   VA2045 Introduction to Color   : Midterm: C+ | Final: B+,  EL 3560  Literatures of Europe:Part I   : Midterm: A | Final: B,,,,,,,,,,,,,,,,,,,,,606b5915962b7170e065a23c,Part Time,700562549,Jeremias McKerrow,JSaev0imZzH,11/11/1997,8 Continental Avenue,,,,,,,0
mmagee6l@nhs.uk,Visual Arts: Electronic Media,,,,,,,,,,,,,,,,,,,,,,,,,,,,,,,,,,,,,,,,,,,,,Undergraduate - Sophomore,fall 2019, VA2030 Drawing: Midterm: A | Final: A,  EL 1000 English Comp I: Exposition   : Midterm: B | Final: B+,   HI 2681 Intro to Europe Hist:1350-Present   : Midterm: C+ | Final: C+, AS 2112 American People I    : Midterm: A | Final: A,spring 2020,   VA2045 Introduction to Color : Midterm: A | Final: A,   EL 2239 Horror Literature  : Midterm: B | Final: B+, AS 2122 American People II     : Midterm: C+ | Final: C+, VA2010 Intro. to Creative Thinking    : Midterm: A | Final: A,fall 2020,  VA2500 Art History I: 19th Century Art: Midterm: A | Final: A,  VA3100 Visual Culture : Midterm: B | Final: B+,   EL 3600 US Literature I   : Midterm: B+ | Final: B+,  VA2020 Basic Design   : Midterm: A | Final: A,,,,,,,,,,,,,,,,,,,,,606b5915962b7170e065a23d,Part Time,700057041,Meier Magee,thWa9jTax,11/20/1996,3 Columbus Trail,,,,,,,0
swhiteman6r@arizona.edu,Spanish Language,,,,,,,,,,,,,,,,,,,,,,,,,,,,,,,,,,,,,,,,,,,,,Undergraduate - Senior,fall 2017, ML2100 Intermediate Spanish Conversation I: Midterm: A | Final: A,  EL 1000 English Comp I: Exposition   : Midterm: B | Final: B+,   HI 2681 Intro to Europe Hist:1350-Present   : Midterm: B+ | Final: B+, AS 2112 American People I    : Midterm: A | Final: A,spring 2018,   ML2110 Intermediate Spanish Conversation II: Midterm: A | Final: A,   EL 2239 Horror Literature  : Midterm: B | Final: B+, AS 2122 American People II     : Midterm: B+ | Final: B+, VA2010 Intro. to Creative Thinking    : Midterm: A | Final: A,fall 2018,  ML3100 Advanced Spanish Conversation and Composition : Midterm: A | Final: A,  ML3362 Advanced Spanish Grammar and Composition: Midterm: B | Final: B+,   EL 3600 US Literature I   : Midterm: B+ | Final: B+,  VA2020 Basic Design   : Midterm: A | Final: A,spring 2019,  ML3362 Advanced Spanish Grammar and Composition: Midterm: A | Final: A,  ML3200 Translation Workshop   : Midterm: B | Final: B+,   VA2030 Drawing   : Midterm: B+ | Final: B+,  VA2045 Introduction to Color   : Midterm: A | Final: A,fall  2019, ML3250 Spanish Linguistics: Midterm: A | Final: A,    ML3260 Spanish Linguistics: Universals of Grammar : Midterm: B | Final: B+,  VA2500 Art History I: 19th Century Art    : Midterm: B+ | Final: B+,  VA3400 Digital Imaging   : Midterm: A | Final: A,spring 2020,  ML3500 Critical Writing and Textual Analysis : Midterm: A | Final: A,   ML4100 The Spanish Golden Age : Midterm: B | Final: B+,   ML4500 Culture and Literature of Spain from the Middle Ages to the 18th century    : Midterm: B+ | Final: B+,  ML4510 Civilization and Culture of Spain   : Midterm: A | Final: A,fall 2020, ML3300 Artistic Expressions of Spain : Midterm: A | Final: A,  ML3310 Topics in Hispanic Cultural Studies : Midterm: B | Final: B+, ML3410 Latino/a Writers in the US : Midterm: B+ | Final: B+,  ML3650 Latin American Cinema : Midterm: A | Final: A,606b5915962b7170e065a23e,Full Time,700911776,Sully Whiteman,mbxl6tB,1/31/1998,17 Memorial Crossing,,,,,,,0
ebreakspear6s@europa.eu,Management Information Systems,,,,,,,,,,,,,,,,,,,,,,,,,,,,,,,,,,,,,,,,,,,,,Graduate,fall 2016,CS 2510 Computer Programming I : Midterm: A | Final: A,EL 1000 English Comp I: Exposition: Midterm: B | Final: C+, MA2000 Applied Statistics : Midterm: A | Final: B, VA2010 Intro. to Creative Thinking : Midterm: A | Final: B,spring 2017,CS 2511 Computer Programming II: Midterm: B | Final: B-,EL 2239 Horror Literature: Midterm: A | Final: A, HI 2681 Intro to Europe Hist:1350-Present: Midterm: A | Final: A, CS 3611 Advanced C#: Midterm: A | Final: A,fall 2017, BU 3800 Marketing: Principles&Concepts: Midterm: A | Final: A, CS 3620 Computer Architecture I: Midterm: B | Final: B-, CS 3810  Data Structures & Algorithms: Midterm: A | Final: B+, VA2030 Drawing: Midterm: A | Final: B,spring 2018, EL 3010  Structure & Grammar of English : Midterm: A | Final: A,   VA2500 Art History I: 19th Century Art  : Midterm: B | Final: B+,    CS 3911 C++in Object Oriented Design  : Midterm:  A | Final: B,  CS 4100 Technical Communications   : Midterm: A | Final: B+,fall  2018,   VA3100 Visual Culture : Midterm: A | Final: B-,   AS 2112 American People I  : Midterm: B | Final: B+,   CS 4501 Software Engineering   : Midterm: A+ | Final: B+,   CS 4550 Database Management Systems  : Midterm: A | Final: A,spring 2019,   AS 2122 American People II : Midterm: A | Final: A,   VA3400 Digital Imaging  : Midterm: B | Final: B+,    CS 4720 Internet & Web Tech  : Midterm: B+ | Final: B+,     : Midterm: A | Final: A-,fall 2020,  VA2320 Graphic Design I  : Midterm: A | Final: A,  HI 3091 African Cultures   : Midterm: B | Final: B+,     CS 5710 Computer Networks : Midterm: B+ | Final: B,  CS 4400  Artificial Intelligence: Midterm: A | Final: A,606b5915962b7170e065a23f,Full Time,700328733,Emilie Breakspear,sBwkrsxBXe1L,11/3/1998,09717 8th Center,spring 2020, CS 5810  Data Mining : Midterm: A | Final: A,   CS 4705 Intro to Computer Security : Midterm: B | Final: B+,   CS 5610  Operating Systems : Midterm: B+ | Final: B+, CS 5730  Computer Network Security : Midterm: A | Final: A,,0
croxburch6w@photobucket.com,Marketing,,,,,,,,,,,,,,,,,,,,,,,,,,,,,,,,,,,,,,,,,,,,,Undergraduate - Sophomore,fall 2019, VA2010 Intro. to Creative Thinking    : Midterm: A | Final: A,  EL 1000 English Comp I: Exposition   : Midterm: B | Final: B+,   HI 2681 Intro to Europe Hist:1350-Present   : Midterm: B+ | Final: B+, AS 2112 American People I    : Midterm: A | Final: A,spring 2020,   BU3600 Principles Business Law : Midterm: A | Final: A,   EL 2239 Horror Literature  : Midterm: B | Final: B+, AS 2122 American People II     : Midterm: B+ | Final: B+, MA2300 Calculus for Business & Economics: Midterm: A | Final: A,fall 2020,  BU3800 Marketing: Principles & Concepts  : Midterm: A | Final: A,  BU3905 Business Communication : Midterm: B | Final: B+,   EL 3600 US Literature I   : Midterm: B+ | Final: B+,  VA2020 Basic Design   : Midterm: A | Final: A,,,,,,,,,,,,,,,,,,,,,606b5915962b7170e065a240,Part Time,700574470,Cirillo Roxburch,VX0X1wZ5JsV,10/28/1996,1 Anthes Drive,,,,,,,0
nibel6v@blinklist.com,Adolescence Education: Chemistry (7-12),,,,,,,,,,,,,,,,,,,,,,,,,,,,,,,,,,,,,,,,,,,,,Undergraduate - Senior,fall 2017, CP 4510 Biochemistry I : Midterm: A | Final: A,   CP 2120 Principles of Chemistry I  : Midterm: B | Final: B+,   CP 2121 Principles of Chemistry Lab I   : Midterm: C+ | Final: C+,  CP 4520 Biochemistry Lab   : Midterm: A | Final: A,spring 2018, CP 4515 Biochemistry II : Midterm: A | Final: A,  CP 2130 Principles of Chemistry II   : Midterm: B | Final: B+,  CP 2131 Principles Chemistry Lab II    : Midterm: B+ | Final: B+,   EL 1000 English Comp I: Exposition  : Midterm: A | Final: A,fall 2018,  CP 3300 Organic Chemistry I  : Midterm: A | Final: A,   CP 3302 Organic Chemistry Lab I  : Midterm: B | Final: B+,  EL 2239 Horror Literature    : Midterm: A| Final: A,   VA2010 Intro. to Creative Thinking  : Midterm: A | Final: A,spring 2019,  CP 3310 Organic Chemistry II  : Midterm: A | Final: A,   CP 3312 Organic Chemistry Lab II  : Midterm: B | Final: B+,   EL 3500  Lit Across Cultures I:Analysis   : Midterm: A | Final: A,   HI 2681 Intro to Europe Hist:1350-Present  : Midterm: A | Final: A,fall  2019,  CP 3400 Analytical Chemistry-Lect/Lab  : Midterm: A | Final: A,  BS 2400 Basic Bio Sciences I   : Midterm: B | Final: B+, VA2020 Basic Design     : Midterm: A | Final: A,  VA2030 Drawing   : Midterm: A | Final: A,spring 2020,  CP 4700 Physical Chemistry I  : Midterm: A | Final: A,   CP 5920 Seminar I  : Midterm: B | Final: B+,    VA2045 Introduction to Color  : Midterm: C+ | Final: A,   VA2500 Art History I: 19th Century Art  : Midterm: A | Final: A,fall 2020,  CP 5921 Seminar II  : Midterm: A | Final: A,   AS 2112 American People I  : Midterm: B | Final: B-,    VA3100 Visual Culture  : Midterm: A | Final: A,  MA2310 Calculus and Analytic Geometry I   : Midterm: A | Final: B,606b5915962b7170e065a241,Full Time,700855092,Noe Ibel,syo0s4pGWKf1,4/12/1995,3 Dovetail Court,,,,,,,0
srogers6y@globo.com,Politics & Economics & Law,,,,,,,,,,,,,,,,,,,,,,,,,,,,,,,,,,,,,,,,,,,,,Undergraduate - Freshman,fall 2020, PE2300 Introduction to Law   : Midterm: A | Final: C+,  EL 1000 English Comp I: Exposition   : Midterm: B | Final: B+,   HI 2681 Intro to Europe Hist:1350-Present   : Midterm: B | Final: B, AS 2112 American People I    : Midterm: A | Final: A,,,,,,,,,,,,,,,,,,,,,,,,,,,,,,,606b5915962b7170e065a242,Full Time,700929944,Slade Rogers,ybOUlRerR,2/17/1997,73869 Hoffman Parkway,,,,,,,0
mciciura6x@rediff.com,Politics & Economics & Law,,,,,,,,,,,,,,,,,,,,,,,,,,,,,,,,,,,,,,,,,,,,,Graduate,fall 2016, PE2300 Introduction to Law   : Midterm: A | Final: B,  EL 1000 English Comp I: Exposition   : Midterm: B | Final: B+,   HI 2681 Intro to Europe Hist:1350-Present   : Midterm: B+ | Final: B+, AS 2112 American People I    : Midterm: A | Final: A,spring 2017,   PE2650 Introduction to U.S. Politics : Midterm: A | Final: A,   EL 2239 Horror Literature  : Midterm: B | Final: B+, AS 2122 American People II     : Midterm: B+ | Final: B, VA2010 Intro. to Creative Thinking    : Midterm: A | Final: A,fall 2017,  IR2210 Unions and Management: An Introduction  : Midterm: A | Final: A,  PE2220 Introduction to Urban Issues   : Midterm: B | Final: B+,   EL 3600 US Literature I   : Midterm: C+ | Final: B,  VA2020 Basic Design   : Midterm: A | Final: A,spring 2018,  PE2400 Introduction to Political Economy  : Midterm: A | Final: A,  PE3100 International Relations   : Midterm: B | Final: B+,   VA2030 Drawing   : Midterm: A | Final: A,  VA2045 Introduction to Color   : Midterm: A | Final: A,fall  2018, PE4320 Jurisprudence: Legal Thought   : Midterm: A | Final: A,    PE4470 History of Economic Thought : Midterm: B | Final: B+,  VA2500 Art History I: 19th Century Art    : Midterm: A | Final: A,  VA3400 Digital Imaging   : Midterm: A | Final: A,spring 2019,  PE4620 Political and Social Thought  : Midterm: A | Final: A,   PE4580 Origins of the Capitalist Economy  : Midterm: B | Final: B+,   PE4590 Global Economy in the 20th Century   : Midterm: A | Final: A,  PE 2650 Intro to U.S. Politics   : Midterm: A | Final: A,fall 2019, IR 2210 Unions & Management: An Intro   : Midterm: A | Final: A,  IR 3140 Unions & Public Policy   : Midterm: B | Final: B+, IR 3300 CollectiveBarg & GrievanceProc     : Midterm: C+ | Final: B,  IR 4320 Labor & Employment Law   : Midterm: A | Final: A,606b5915962b7170e065a243,Full Time,700535790,Marmaduke Ciciura,KsldkdbO,9/2/1997,253 Dexter Way,spring 2020, BU3600 Principles Business Law   : Midterm: A | Final: A,   IR 3415 Labor Economics  : Midterm: B | Final: B+,   IR 3860 Development of the Modern Corp   : Midterm: A | Final: A, BU 5125  Business Ethics    : Midterm: A | Final: A,,0
ubalm6u@ezinearticles.com,Media and Communications,,,,,,,,,,,,,,,,,,,,,,,,,,,,,,,,,,,,,,,,,,,,,Undergraduate - Sophomore,fall 2019, AS2020 New Media CE   : Midterm: A | Final: A,   VA2010 Intro. to Creative Thinking  : Midterm: B | Final: B+, HI 2681 Intro to Europe Hist:1350-Present     : Midterm: B+ | Final: B+, EL 1000 English Comp I: Exposition    : Midterm: A | Final: A,spring 2020, AS2652 Media Studies   : Midterm: A | Final: A,   VA2020 Basic Design  : Midterm: B | Final: B+,   AS 2112 American People I   : Midterm: B+ | Final: B+, EL 2239 Horror Literature    : Midterm: A | Final: A,fall 2020,  AS2700 The Engaged Eye  : Midterm: A | Final: A,    AS3310 From Citizen to Consumer : Midterm: B | Final: B+, VA2030 Drawing     : Midterm: B+ | Final: B+,  AS 2122 American People II   : Midterm: A | Final: A,,,,,,,,,,,,,,,,,,,,,606b5915962b7170e065a244,Part Time,700583479,Upton Balm,jf3WkN,4/23/1998,75929 Warrior Center,,,,,,,0
ksandall6t@usgs.gov,Industrial and Labor Relations,,,,,,,,,,,,,,,,,,,,,,,,,,,,,,,,,,,,,,,,,,,,,Undergraduate - Junior,fall 2018, PE 2650 Intro to U.S. Politics : Midterm: A | Final: A,  EL 1000 English Comp I: Exposition   : Midterm: B | Final: B+,   Present VA2010 Intro. to Creative Thinking  : Midterm: B+ | Final: B+, AS 2112 American People I    : Midterm: A | Final: A,spring 2019,   IR 2210 Unions & Management: An Intro : Midterm: A | Final: A,   EL 2239 Horror Literature  : Midterm: B | Final: B+, AS 2122 American People II     : Midterm: B+ | Final: B+,  HI 2681 Intro to Europe Hist:1350-  : Midterm: A | Final: A,fall 2019,  IR 3140 Unions & Public Policy : Midterm: A | Final: A,  IR 3300 CollectiveBarg & GrievanceProc : Midterm: B | Final: B+,   EL 3600 US Literature I   : Midterm: B+ | Final: B+,VA2045 Introduction to Color   : Midterm: A | Final: A,spring 2020,  IR 4320 Labor & Employment Law: Midterm: A | Final: A,  IR 3330 Women : Midterm: B | Final: B+,   VA2030 Drawing   : Midterm: B+ | Final: B+,  VA2020 Basic Design: Midterm: A | Final: A,fall  2020, IR 3415 Labor Economics: Midterm: A | Final: A,    IR 3860 Development of the Modern Corp : Midterm: B | Final: B+,  VA2500 Art History I: 19th Century Art    : Midterm: B+ | Final: B+,  VA3400 Digital Imaging   : Midterm: A | Final: A,,,,,,,,,,,606b5915962b7170e065a245,Full Time,700524596,Kaia Sandall,taPjP82Z,7/16/1996,091 Northport Park,,,,,,,0
jknutsen71@illinois.edu,Computer & Information Science,,,,,,,,,,,,,,,,,,,,,,,,,,,,,,,,,,,,,,,,,,,,,Undergraduate - Freshman,fall 2020,  VA2010 Intro. to Creative Thinking  : Midterm: A | Final: A, CS 2510 Computer Programming I  : Midterm: B | Final: B+,  VA2030 Drawing    : Midterm: A | Final: A,   AS 2112 American People I  : Midterm: A | Final: A,,,,,,,,,,,,,,,,,,,,,,,,,,,,,,,606b5915962b7170e065a246,Part Time,700793808,Justen Knutsen,P4xWyd7jktu1,12/18/1998,7285 Mallory Drive,,,,,,,0
dwakerley6z@tinyurl.com,Politics & Economics & Law,,,,,,,,,,,,,,,,,,,,,,,,,,,,,,,,,,,,,,,,,,,,,Graduate,fall 2016, PE2300 Introduction to Law   : Midterm: A | Final: C,  EL 1000 English Comp I: Exposition   : Midterm: B | Final: B+,   HI 2681 Intro to Europe Hist:1350-Present   : Midterm: C+ | Final: B+, AS 2112 American People I    : Midterm: A | Final: A,spring 2017,   PE2650 Introduction to U.S. Politics : Midterm: A | Final: A,   EL 2239 Horror Literature  : Midterm: B | Final: B, AS 2122 American People II     : Midterm: B+ | Final: B, VA2010 Intro. to Creative Thinking    : Midterm: A | Final: A,fall 2017,  IR2210 Unions and Management: An Introduction  : Midterm: A | Final: A,  PE2220 Introduction to Urban Issues   : Midterm: B | Final: B+,   EL 3600 US Literature I   : Midterm: C+ | Final: B,  VA2020 Basic Design   : Midterm: A | Final: A,spring 2018,  PE2400 Introduction to Political Economy  : Midterm: A | Final: A,  PE3100 International Relations   : Midterm: B | Final: B+,   VA2030 Drawing   : Midterm: A | Final: A,  VA2045 Introduction to Color   : Midterm: A | Final: A,fall  2018, PE4320 Jurisprudence: Legal Thought   : Midterm: A | Final: A,    PE4470 History of Economic Thought : Midterm: B | Final: B+,  VA2500 Art History I: 19th Century Art    : Midterm: A | Final: A,  VA3400 Digital Imaging   : Midterm: A | Final: A,spring 2019,  PE4620 Political and Social Thought  : Midterm: A | Final: A,   PE4580 Origins of the Capitalist Economy  : Midterm: B | Final: B+,   PE4590 Global Economy in the 20th Century   : Midterm: A | Final: A,  PE 2650 Intro to U.S. Politics   : Midterm: A | Final: A,fall 2019, IR 2210 Unions & Management: An Intro   : Midterm: A | Final: A,  IR 3140 Unions & Public Policy   : Midterm: B | Final: B+, IR 3300 CollectiveBarg & GrievanceProc     : Midterm: C+ | Final: B,  IR 4320 Labor & Employment Law   : Midterm: A | Final: A,606b5915962b7170e065a247,Full Time,700631699,Dianna Wakerley,zUSlYlz,12/28/1998,333 School Point,spring 2020, BU3600 Principles Business Law   : Midterm: A | Final: A,   IR 3415 Labor Economics  : Midterm: B | Final: B+,   IR 3860 Development of the Modern Corp   : Midterm: A | Final: A, BU 5125  Business Ethics    : Midterm: A | Final: A,,0
pgerrey73@shop-pro.jp,Sociology,,,,,,,,,,,,,,,,,,,,,,,,,,,,,,,,,,,,,,,,,,,,,Undergraduate - Freshman,fall 2020, SY2400 Sociology Through the Arts : Midterm: A | Final: C,  EL 1000 English Comp I: Exposition   : Midterm: B | Final: C+,   VA2030 Drawing   : Midterm: A | Final: C, AS 2112 American People I    : Midterm: A | Final: A,,,,,,,,,,,,,,,,,,,,,,,,,,,,,,,606b5915962b7170e065a248,Full Time,700469660,Pepita Gerrey,5DsqGDMh4xg,1/8/1998,0327 Merry Crossing,,,,,,,0
sredborn74@xinhuanet.com,Adolescence Education: Chemistry (7-12),,,,,,,,,,,,,,,,,,,,,,,,,,,,,,,,,,,,,,,,,,,,,Undergraduate - Freshman,fall 2020, CP 4510 Biochemistry I : Midterm: A | Final: A,   CP 2120 Principles of Chemistry I  : Midterm: B | Final: B+,   CP 2121 Principles of Chemistry Lab I   : Midterm: A | Final: B,  CP 4520 Biochemistry Lab   : Midterm: A | Final: A,,,,,,,,,,,,,,,,,,,,,,,,,,,,,,,606b5915962b7170e065a249,Full Time,700693113,Sumner Redborn,m8NLaI3HU,3/15/1998,26527 Mockingbird Alley,,,,,,,0
cselbie76@skype.com,Adolescence Education: Chemistry (7-12),,,,,,,,,,,,,,,,,,,,,,,,,,,,,,,,,,,,,,,,,,,,,Undergraduate - Senior,fall 2017, CP 4510 Biochemistry I : Midterm: A | Final: A,   CP 2120 Principles of Chemistry I  : Midterm: B | Final: B+,   CP 2121 Principles of Chemistry Lab I   : Midterm: B | Final: B,  CP 4520 Biochemistry Lab   : Midterm: A | Final: A,spring 2018, CP 4515 Biochemistry II : Midterm: A | Final: A,  CP 2130 Principles of Chemistry II   : Midterm: B | Final: B+,  CP 2131 Principles Chemistry Lab II    : Midterm: B| Final: B,   EL 1000 English Comp I: Exposition  : Midterm: A | Final: A,fall 2018,  CP 3300 Organic Chemistry I  : Midterm: A | Final: A,   CP 3302 Organic Chemistry Lab I  : Midterm: B | Final: B+,  EL 2239 Horror Literature    : Midterm: B | Final: B,   VA2010 Intro. to Creative Thinking  : Midterm: A | Final: A,spring 2019,  CP 3310 Organic Chemistry II  : Midterm: A | Final: A,   CP 3312 Organic Chemistry Lab II  : Midterm: B | Final: B+,   EL 3500  Lit Across Cultures I:Analysis   : Midterm: B | Final: B,   HI 2681 Intro to Europe Hist:1350-Present  : Midterm: A | Final: A,fall  2019,  CP 3400 Analytical Chemistry-Lect/Lab  : Midterm: A | Final: A,  BS 2400 Basic Bio Sciences I   : Midterm: B | Final: B+, VA2020 Basic Design     : Midterm: B | Final: C+,  VA2030 Drawing   : Midterm: A | Final: A,spring 2020,  CP 4700 Physical Chemistry I  : Midterm: A | Final: A,   CP 5920 Seminar I  : Midterm: B | Final: B+,    VA2045 Introduction to Color  : Midterm: B | Final: B ,   VA2500 Art History I: 19th Century Art  : Midterm: A | Final: A,fall 2020,  CP 5921 Seminar II  : Midterm: A | Final: A,   AS 2112 American People I  : Midterm: B | Final: B-,    VA3100 Visual Culture  : Midterm: A | Final: A,  MA2310 Calculus and Analytic Geometry I   : Midterm: A | Final: B,606b5915962b7170e065a24a,Part Time,700653859,Cletus Selbie,XecfSe,11/5/1996,3591 Duke Road,,,,,,,0
glineen72@e-recht24.de,Adolescence Education: Mathematics (7-12),,,,,,,,,,,,,,,,,,,,,,,,,,,,,,,,,,,,,,,,,,,,,Undergraduate - Freshman,fall 2020, MA2310 Calculus and Analytic Geometry I: Midterm: A | Final: A,  EL 1000 English Comp I: Exposition   : Midterm: B | Final: B+,   HI 2681 Intro to Europe Hist:1350-Present   : Midterm: C+ | Final: C+, AS 2112 American People I    : Midterm: A | Final: A,,,,,,,,,,,,,,,,,,,,,,,,,,,,,,,606b5915962b7170e065a24b,Full Time,700715377,Gregorio Lineen,rYRLN5KXupg,5/21/1995,148 Everett Drive,,,,,,,0
icorneil75@technorati.com,Criminology,,,,,,,,,,,,,,,,,,,,,,,,,,,,,,,,,,,,,,,,,,,,,Undergraduate - Senior,fall 2017, SY 1500  Intro Sociology: Midterm: A | Final: A,  EL 1000 English Comp I: Exposition   : Midterm: B | Final: B+,   HI 2681 Intro to Europe Hist:1350-Present   : Midterm: A | Final: A, AS 2112 American People I    : Midterm: A | Final: A,spring 2018,   CR 1500 Intro to Criminology : Midterm: A | Final: A,   EL 2239 Horror Literature  : Midterm: B | Final: B+, AS 2122 American People II     : Midterm: A| Final: A, VA2010 Intro. to Creative Thinking    : Midterm: A | Final: A,fall 2018,  CR 2090  Juvenile Delinquency : Midterm: A | Final: A,  CR 3092 Victimology : Midterm: B | Final: B+,   EL 3600 US Literature I   : Midterm: B+ | Final: B+,  VA2020 Basic Design   : Midterm: A | Final: A,spring 2019,  CR 3093  Criminal Justice Admin : Midterm: A | Final: A,  CR 3094 Drugs and Society   : Midterm: B | Final: B+,   VA2030 Drawing   : Midterm: B+ | Final: B+,  VA2045 Introduction to Color   : Midterm: A | Final: A,fall  2019, CR 3117  Policing Bodies : Midterm: A | Final: A,    CR 3200  Crime : Midterm: B | Final: B+,  VA2500 Art History I: 19th Century Art    : Midterm: B+ | Final: B+,  VA3400 Digital Imaging   : Midterm: A | Final: A,spring 2020,  CR 4000 Gender : Midterm: A | Final: A,   CR 4091 Punishment & Corrections : Midterm: B | Final: B+,   CR 4099 Sociology of Violence : Midterm: B+ | Final: B+,  CR 4999 Issues in Criminology : Midterm: A | Final: A,fall 2020, SY 2600  Social Deviance : Midterm: A | Final: A,  SY 4810 Law & Justice : Midterm: B | Final: B+, SY 4520 Research Methods I  : Midterm: B+ | Final: B+,  SY 4530 Sociological Theory I : Midterm: A | Final: A,606b5915962b7170e065a24c,Full Time,700508188,Ikey Corneil,J4TuJbcN,8/10/1996,7 Autumn Leaf Junction,,,,,,,0
dtomblett77@psu.edu,Biochemistry,,,,,,,,,,,,,,,,,,,,,,,,,,,,,,,,,,,,,,,,,,,,,Undergraduate - Junior,fall 2018,  VA2010 Intro. to Creative Thinking  : Midterm: A | Final: A, CP 2120 Principles of Chemistry I: Midterm: A| Final: A,  VA2030 Drawing    : Midterm: C+ | Final: C+,  CP 2121 Principles of Chemistry Lab I: Midterm: A | Final: A,spring 2019, EL 1000 English Comp I: Exposition   : Midterm: A | Final: A,  VA2020 Basic Design   : Midterm: B | Final: B+,   CP 2130 Principles of Chemistry II  : Midterm: B+ | Final: B+, CP 2131 Principles Chemistry Lab II: Midterm: A | Final: A,fall 2019,  EL 2239 Horror Literature  : Midterm: A | Final: A,  AS 2112 American People I  : Midterm: B | Final: B,  CP 3302 Organic Chemistry Lab I    : Midterm: B+ | Final: B+,  CP 3300 Organic Chemistry I   : Midterm: A | Final: A,spring 2020,  CP 3310 Organic Chemistry II: Midterm: A | Final: A,  CP 3312 Organic Chemistry Lab II : Midterm: B | Final: B+,   VA2030 Drawing   : Midterm: B+ | Final: B,  VA2045 Introduction to Color   : Midterm: A | Final: A,fall  2020, CP 3400 Analytical Chemistry-Lect/Lab : Midterm: A | Final: A,    CP 4700 Physical Chemistry I : Midterm: B | Final: B+,  VA2500 Art History I: 19th Century Art    : Midterm: B | Final: B+,  VA3400 Digital Imaging   : Midterm: A | Final: A,,,,,,,,,,,606b5915962b7170e065a24d,Part Time,700126748,Damita Tomblett,u2rr2gwzsHu,12/27/1997,9 Heffernan Park,,,,,,,0
kmonroe7a@dmoz.org,Adolescence Education: Chemistry (7-12),,,,,,,,,,,,,,,,,,,,,,,,,,,,,,,,,,,,,,,,,,,,,Undergraduate - Sophomore,fall 2019, CP 4510 Biochemistry I : Midterm: A | Final: A,   CP 2120 Principles of Chemistry I  : Midterm: A | Final: B,   CP 2121 Principles of Chemistry Lab I   : Midterm: B | Final: B,  CP 4520 Biochemistry Lab   : Midterm: A | Final: A,spring 2020, EL 3500  Lit Across Cultures I:Analysis   : Midterm: A | Final: A,  BS 2400 Basic Bio Sciences I  : Midterm: B | Final: B+,  VA2010 Intro. to Creative Thinking : Midterm: A | Final: A,   EL 1000 English Comp I: Exposition  : Midterm: A | Final: A,fall 2020,  CP 3300 Organic Chemistry I  : Midterm: A | Final: A,   CP 3302 Organic Chemistry Lab I  : Midterm: B | Final: B+,  EL 2239 Horror Literature    : Midterm: B+ | Final: B+,  VA2500 Art History I: 19th Century Art : Midterm: A | Final: B+,,,,,,,,,,,,,,,,,,,,,606b5915962b7170e065a24e,Full Time,700706853,Kerk Monroe,cdSQnDBdM,12/26/1996,9913 Service Terrace,,,,,,,0
dspeake7b@photobucket.com,Business Administration,,,,,,,,,,,,,,,,,,,,,,,,,,,,,,,,,,,,,,,,,,,,,Undergraduate - Junior,fall 2018, BU 3010 Information Systems for Managers   : Midterm: A | Final: A,   BU 3502 Principles of Accounting I  : Midterm: B | Final: B+,   EL 1000 English Comp I: Exposition   : Midterm: A | Final: A,   AS 2112 American People I  : Midterm: A | Final: A,spring 2019,  MA 2300 Calc/Business & Economics  : Midterm: A | Final: A,   BU3600 Principles Business Law  : Midterm: B | Final: B+,   AS 2122 American People II   : Midterm: A | Final: A,   BU 3800 Marketing: Principles&Concepts  : Midterm: A | Final: A,fall 2019, BU 4110 Organizational Behavior & Mgmt   : Midterm: A | Final: A, BU 4120  Global Business    : Midterm: B | Final: B-,  EL 2239 Horror Literature    : Midterm: A | Final: A,  HI 2681 Intro to Europe Hist:1350-Present   : Midterm: A | Final: B,spring 2020,  EL 3600 US Literature I: Midterm: A | Final: B-,   HI 3640  African History  : Midterm: B | Final: B+,  VA2010 Intro. to Creative Thinking    : Midterm: B+ | Final: B,    VA2500 Art History I: 19th Century Art : Midterm: A | Final: B,fall  2020, BU 5171 Human Resource Management     : Midterm: A | Final: A,   BU 5196 Leadership  : Midterm: A | Final: A, VA3100 Visual Culture     : Midterm: C+ | Final: B,   VA4460 Digital Animation  : Midterm: A | Final: A,,,,,,,,,,,606b5915962b7170e065a24f,Full Time,700074565,Dukey Speake,KB2eNzW,10/3/1995,6 Hanson Parkway,,,,,,,0
clowles79@china.com.cn,Psychology,,,,,,,,,,,,,,,,,,,,,,,,,,,,,,,,,,,,,,,,,,,,,Undergraduate - Junior,fall 2018, PY2010 Introduction to Psychology: Midterm: A | Final: A,  EL 1000 English Comp I: Exposition   : Midterm: B | Final: B+,   HI 2681 Intro to Europe Hist:1350-Present   : Midterm: B | Final: B, AS 2112 American People I    : Midterm: A | Final: A,spring 2019,   PY3110 Research Methods I: (Orientation): Midterm: A | Final: A,   EL 2239 Horror Literature  : Midterm: B | Final: B+, AS 2122 American People II     : Midterm: C+ | Final: B, VA2010 Intro. to Creative Thinking    : Midterm: A | Final: A,fall 2019,  PY3120 Research Methods II: (Statistics)  : Midterm: A | Final: A,  PY4130 Field Experience and Research: Midterm: B | Final: B+,   EL 3600 US Literature I   : Midterm: B+ | Final: B,  VA2020 Basic Design   : Midterm: A | Final: A,spring 2020,  PY4100 Research Methods III (Advanced Research Skills)  : Midterm: A | Final: A,  PY3410 Cognitive Psychology   : Midterm: B | Final: B+,   VA2030 Drawing   : Midterm: B+ | Final: B+,  VA2045 Introduction to Color   : Midterm: A | Final: A,fall  2020, PY3420 Learning & Motivation: Midterm: A | Final: A,    PY3610 Brain & Behavior: Midterm: B | Final: B+,  VA2500 Art History I: 19th Century Art    : Midterm: B+ | Final: B+,  VA3400 Digital Imaging   : Midterm: A | Final: A,,,,,,,,,,,606b5915962b7170e065a250,Full Time,700882488,Cassy Lowles,lTFh1tx,3/23/1997,497 Nova Road,,,,,,,0
mhuman78@twitter.com,Marketing,,,,,,,,,,,,,,,,,,,,,,,,,,,,,,,,,,,,,,,,,,,,,Graduate,fall 2016, MA2300 Calculus for Business & Economics : Midterm: A | Final: B,  EL 1000 English Comp I: Exposition   : Midterm: B | Final: B+,   HI 2681 Intro to Europe Hist:1350-Present   : Midterm: B+ | Final: B+, AS 2112 American People I    : Midterm: A | Final: A,spring 2017,   BU3600 Principles Business Law : Midterm: A | Final: A,   EL 2239 Horror Literature  : Midterm: B | Final: B, AS 2122 American People II     : Midterm: B+ | Final: B+, VA2010 Intro. to Creative Thinking    : Midterm: A | Final: A,fall 2017,  BU3800 Marketing: Principles & Concepts  : Midterm: A | Final: A,  BU3905 Business Communication : Midterm: B | Final: B+,   EL 3600 US Literature I   : Midterm: B+ | Final: B+,  VA2020 Basic Design   : Midterm: A | Final: A,spring 2018,  BU4110 Organizational Behavior & Management: Midterm: A | Final: A,  BU4762 Financial Management : Midterm: B | Final: B+,   VA2030 Drawing   : Midterm: B+ | Final: B+,  VA2045 Introduction to Color   : Midterm: A | Final: A,fall  2018, BU5115 Operations Management : Midterm: A | Final: A,    BU5190 Business Strategy & Policy : Midterm: B | Final: B+,  VA2500 Art History I: 19th Century Art    : Midterm: B+ | Final: B+,  VA3400 Digital Imaging   : Midterm: A | Final: A,spring 2019,  BU4800 Marketing Research : Midterm: A | Final: A,   BU4820 International Marketing : Midterm: B | Final: B,   BU4851 Consumer Behavior : Midterm: B+ | Final: B+,  BU5841 Strategic Marketing : Midterm: A | Final: A,fall 2019, BU5880 Brand Theory & Strategy : Midterm: A | Final: A,  MA2310 Calculus and Analytic Geometry I : Midterm: B | Final: B+, PE 2650 Intro to U.S. Politics : Midterm: B+ | Final: B+,  IR 2210 Unions & Management: An Intro  : Midterm: A | Final: A,606b5915962b7170e065a251,Full Time,700630328,Marvin Human,sHTXPW,1/23/1996,86918 Lakeland Terrace,spring 2020, MA2320 Calculus and Analytic Geometry II: Midterm: A | Final: A,   IR 3140 Unions & Public Policy : Midterm: B | Final: B+,   IR 3300 CollectiveBarg & GrievanceProc : Midterm: B+ | Final: B+, IR 4320 Labor & Employment Law  Midterm: A | Final: A,,0
thanne70@github.com,Computer & Information Science,,,,,,,,,,,,,,,,,,,,,,,,,,,,,,,,,,,,,,,,,,,,,Undergraduate - Senior,fall 2018,  VA2010 Intro. to Creative Thinking  : Midterm: A | Final: A, CS 2510 Computer Programming I  : Midterm: B | Final: B+,  VA2030 Drawing    : Midterm: A | Final: A,   AS 2112 American People I  : Midterm: A | Final: A,spring 2018, EL 1000 English Comp I: Exposition   : Midterm: A | Final: A,  EL 2239 Horror Literature    : Midterm: B | Final: B+,   CS 2511 Computer Programming II     : Midterm: A | Final: A,  CS 3620 Computer Architecture I  : Midterm: A | Final: A,fall 2018, VA2020 Basic Design  : Midterm: A | Final: A,  CS 3810  Data Structures & Algorithms : Midterm: B | Final: B+,  HI 2681 Intro to Europe Hist:1350-Present    : Midterm: B | Final: B,  EL 3800 Eng Lit I:Beowulf-18th Century   : Midterm: A | Final: A,spring 2019,  CS 3911 C++in Object Oriented Design : Midterm: A | Final: A,  CS 4100 Technical Communications : Midterm: B | Final: B+,   VA2030 Drawing   : Midterm: B+ | Final: B+,  VA2045 Introduction to Color   : Midterm: A | Final: A,fall  2019, CS 4501 Software Engineering : Midterm: A | Final: A,    CS 4550 Database Management Systems : Midterm: B | Final: B+,  VA2500 Art History I: 19th Century Art    : Midterm: B+ | Final: B+,  VA3400 Digital Imaging   : Midterm: A | Final: A,spring 2020,  CS 4720 Internet & Web Tech : Midterm: A | Final: A,   CS 5910 Systems Design & Implement : Midterm: B | Final: B+,   CS 5710 Computer Networks : Midterm: B+ | Final: B+,CS 4400  Artificial Intelligence   : Midterm: A | Final: A,fall 2020, CS 4705 Intro to Computer Security : Midterm: A | Final: A,  CS 5610  Operating Systems: Midterm: B | Final: B+, CS 5730  Computer Network Security : Midterm: B+ | Final: B+,  CS 5810  Data Mining : Midterm: A | Final: A,606b5915962b7170e065a252,Full Time,700077985,Terrye Hanne,wJOTgwE51,3/14/1998,2895 Kim Alley,,,,,,,0
jmothersole7f@purevolume.com,Politics & Economics & Law,,,,,,,,,,,,,,,,,,,,,,,,,,,,,,,,,,,,,,,,,,,,,Undergraduate - Sophomore,fall 2019, PE2300 Introduction to Law   : Midterm: A | Final: A,  EL 1000 English Comp I: Exposition   : Midterm: B | Final: C,   HI 2681 Intro to Europe Hist:1350-Present   : Midterm: A | Final: A, AS 2112 American People I    : Midterm: A | Final: A,spring 2020,   PE2650 Introduction to U.S. Politics : Midterm: A | Final: A,   EL 2239 Horror Literature  : Midterm: B | Final: BC, AS 2122 American People II     : Midterm: B | Final: B, VA2010 Intro. to Creative Thinking    : Midterm: A | Final: A,fall 2020,  IR2210 Unions and Management: An Introduction  : Midterm: A | Final: A,  PE2220 Introduction to Urban Issues   : Midterm: B | Final: B,   EL 3600 US Literature I   : Midterm: B+ | Final: B,  VA2020 Basic Design   : Midterm: A | Final: A,,,,,,,,,,,,,,,,,,,,,606b5915962b7170e065a253,Part Time,700389355,Jorie Mothersole,1tMKxHt,6/9/1997,78 Badeau Circle,,,,,,,0
mlaven7c@google.de,Philosophy and Religion,,,,,,,,,,,,,,,,,,,,,,,,,,,,,,,,,,,,,,,,,,,,,Undergraduate - Junior,fall 2018, HI1010 World Religions: West : Midterm: A | Final: B,  EL 1000 English Comp I: Exposition   : Midterm: B | Final: B+,   HI 2681 Intro to Europe Hist:1350-Present   : Midterm: A | Final: A, AS 2112 American People I    : Midterm: A | Final: A,spring 2019,   HI1020 World Religions: East : Midterm: A | Final: A,   EL 2239 Horror Literature  : Midterm: B | Final: B+, AS 2122 American People II     : Midterm: A | Final: B, VA2010 Intro. to Creative Thinking    : Midterm: A | Final: A,fall 2019,  HI2720 Introduction to Philosophy : Midterm: A | Final: A,  HI2155 Introduction to Comparative Religion : Midterm: B | Final: C+,   EL 3600 US Literature I   : Midterm: B+ | Final: B+,  VA2020 Basic Design   : Midterm: A | Final: A,spring 2020,  HI2700 Introduction to Logic: Midterm: A | Final: A,  HI3011 Foundations of Judeo-Christian Tradition : Midterm: B | Final: B+,   VA2030 Drawing   : Midterm: B+ | Final: B+,  VA2045 Introduction to Color   : Midterm: A | Final: A,fall  2020, HI3080 Asian Cultures : Midterm: A | Final: A,    HI3091 African Cultures : Midterm: B | Final: B+,  VA2500 Art History I: 19th Century Art    : Midterm: B+ | Final: B+,  VA3400 Digital Imaging   : Midterm: A | Final: A,,,,,,,,,,,606b5915962b7170e065a254,Full Time,700701340,Merissa Laven,r1yx8Z,4/2/1998,49415 Northport Parkway,,,,,,,0
thedworth7e@tamu.edu,Politics & Economics & Law,,,,,,,,,,,,,,,,,,,,,,,,,,,,,,,,,,,,,,,,,,,,,Undergraduate - Sophomore,fall 2019, PE2300 Introduction to Law   : Midterm: A | Final: A,  EL 1000 English Comp I: Exposition   : Midterm: B | Final: B,   HI 2681 Intro to Europe Hist:1350-Present   : Midterm: A | Final: A, AS 2112 American People I    : Midterm: A | Final: A,spring 2020,   PE2650 Introduction to U.S. Politics : Midterm: A | Final: A,   EL 2239 Horror Literature  : Midterm: B | Final: B+, AS 2122 American People II     : Midterm: B | Final: B, VA2010 Intro. to Creative Thinking    : Midterm: A | Final: A,fall 2020,  IR2210 Unions and Management: An Introduction  : Midterm: A | Final: A,  PE2220 Introduction to Urban Issues   : Midterm: B | Final: B,   EL 3600 US Literature I   : Midterm: B+ | Final: B,  VA2020 Basic Design   : Midterm: A | Final: A,,,,,,,,,,,,,,,,,,,,,606b5915962b7170e065a255,Full Time,700859336,Terese Hedworth,NpEQsY,1/12/1998,8009 Comanche Parkway,,,,,,,0
tlaybourne7g@tinypic.com,Management Information Systems,,,,,,,,,,,,,,,,,,,,,,,,,,,,,,,,,,,,,,,,,,,,,Graduate,fall 2016,CS 2510 Computer Programming I : Midterm: A | Final: A,EL 1000 English Comp I: Exposition: Midterm: A | Final: A, MA2000 Applied Statistics : Midterm: A | Final: A, VA2010 Intro. to Creative Thinking : Midterm: A | Final: B,spring 2017,CS 2511 Computer Programming II: Midterm: B | Final: B-,EL 2239 Horror Literature: Midterm: A | Final: A, HI 2681 Intro to Europe Hist:1350-Present: Midterm: A | Final: A, CS 3611 Advanced C#: Midterm: A | Final: A,fall 2017, BU 3800 Marketing: Principles&Concepts: Midterm: A | Final: A, CS 3620 Computer Architecture I: Midterm: B | Final: B , CS 3810  Data Structures & Algorithms: Midterm: A | Final: B+, VA2030 Drawing: Midterm: A | Final: B,spring 2018, EL 3010  Structure & Grammar of English : Midterm: A | Final: A,   VA2500 Art History I: 19th Century Art  : Midterm: B | Final: B+,    CS 3911 C++in Object Oriented Design  : Midterm:  A | Final: A,  CS 4100 Technical Communications   : Midterm: A | Final: B+,fall  2018,   VA3100 Visual Culture : Midterm: A | Final: B-,   AS 2112 American People I  : Midterm: B | Final: B+,   CS 4501 Software Engineering   : Midterm: A+ | Final: B+,   CS 4550 Database Management Systems  : Midterm: A | Final: A,spring 2019,   AS 2122 American People II : Midterm: A | Final: A,   VA3400 Digital Imaging  : Midterm: B | Final: B+,    CS 4720 Internet & Web Tech  : Midterm: B+ | Final: B+,     : Midterm: A | Final: A-,fall 2020,  VA2320 Graphic Design I  : Midterm: A | Final: A,  HI 3091 African Cultures   : Midterm: B | Final: B+,     CS 5710 Computer Networks : Midterm: B+ | Final: B,  CS 4400  Artificial Intelligence: Midterm: A | Final: A,606b5915962b7170e065a256,Full Time,700694624,Trixi Laybourne,hLQ4KzAn9,9/29/1996,83596 Dapin Alley,spring 2020, CS 5810  Data Mining : Midterm: A | Final: A,   CS 4705 Intro to Computer Security : Midterm: B | Final: B+,   CS 5610  Operating Systems : Midterm: B+ | Final: B+, CS 5730  Computer Network Security : Midterm: A | Final: A,,0
egeaveny7i@scribd.com,Spanish Language,,,,,,,,,,,,,,,,,,,,,,,,,,,,,,,,,,,,,,,,,,,,,Freshman,fall 2018, ML2100 Intermediate Spanish Conversation I: Midterm: A | Final: A,  EL 1000 English Comp I: Exposition   : Midterm: B | Final: B+,   HI 2681 Intro to Europe Hist:1350-Present   : Midterm: B+ | Final: B+, AS 2112 American People I    : Midterm: A | Final: A,spring 2019,   ML2110 Intermediate Spanish Conversation II: Midterm: A | Final: A,   EL 2239 Horror Literature  : Midterm: B | Final: B+, AS 2122 American People II     : Midterm: B+ | Final: B+, VA2010 Intro. to Creative Thinking    : Midterm: A | Final: A,fall 2019,  ML3100 Advanced Spanish Conversation and Composition : Midterm: A | Final: A,  ML3362 Advanced Spanish Grammar and Composition: Midterm: B | Final: B+,   EL 3600 US Literature I   : Midterm: B+ | Final: B+,  VA2020 Basic Design   : Midterm: A | Final: A,spring 2020,  ML3362 Advanced Spanish Grammar and Composition: Midterm: A | Final: A,  ML3200 Translation Workshop   : Midterm: B | Final: B+,   VA2030 Drawing   : Midterm: B+ | Final: B+,  VA2045 Introduction to Color   : Midterm: A | Final: A,fall  2020, ML3250 Spanish Linguistics: Midterm: A | Final: A,    ML3260 Spanish Linguistics: Universals of Grammar : Midterm: B | Final: B+,  VA2500 Art History I: 19th Century Art    : Midterm: B+ | Final: B+,  VA3400 Digital Imaging   : Midterm: A | Final: A,,,,,,,,,,,606b5915962b7170e065a257,Part Time,700705783,Emery Geaveny,yDPWRVUtLf,10/21/1997,5829 Elka Plaza,,,,,,,0
jkenaway7h@surveymonkey.com,Spanish Language,,,,,,,,,,,,,,,,,,,,,,,,,,,,,,,,,,,,,,,,,,,,,Graduate,fall 2016, ML2100 Intermediate Spanish Conversation I: Midterm: A | Final: A,  EL 1000 English Comp I: Exposition   : Midterm: B | Final: B+,   HI 2681 Intro to Europe Hist:1350-Present   : Midterm: B+ | Final: B+, AS 2112 American People I    : Midterm: A | Final: A,spring 2017,   ML2110 Intermediate Spanish Conversation II: Midterm: A | Final: A,   EL 2239 Horror Literature  : Midterm: B | Final: B+, AS 2122 American People II     : Midterm: B+ | Final: B+, VA2010 Intro. to Creative Thinking    : Midterm: A | Final: A,fall 2017,  ML3100 Advanced Spanish Conversation and Composition : Midterm: A | Final: A,  ML3362 Advanced Spanish Grammar and Composition: Midterm: B | Final: B+,   EL 3600 US Literature I   : Midterm: B+ | Final: B+,  VA2020 Basic Design   : Midterm: A | Final: A,spring 2018,  ML3362 Advanced Spanish Grammar and Composition: Midterm: A | Final: A,  ML3200 Translation Workshop   : Midterm: B | Final: B+,   VA2030 Drawing   : Midterm: B+ | Final: B+,  VA2045 Introduction to Color   : Midterm: A | Final: A,fall  2018, ML3250 Spanish Linguistics: Midterm: A | Final: A,    ML3260 Spanish Linguistics: Universals of Grammar : Midterm: B | Final: B+,  VA2500 Art History I: 19th Century Art    : Midterm: B+ | Final: B+,  VA3400 Digital Imaging   : Midterm: A | Final: A,spring 2019,  ML3500 Critical Writing and Textual Analysis : Midterm: A | Final: A,   ML4100 The Spanish Golden Age : Midterm: B | Final: B+,   ML4500 Culture and Literature of Spain from the Middle Ages to the 18th century    : Midterm: B+ | Final: B+,  ML4510 Civilization and Culture of Spain   : Midterm: A | Final: A,fall 2020, ML3300 Artistic Expressions of Spain : Midterm: A | Final: A,  ML3310 Topics in Hispanic Cultural Studies : Midterm: B | Final: B+, ML3410 Latino/a Writers in the US : Midterm: B+ | Final: B+,  ML3650 Latin American Cinema : Midterm: A | Final: A,606b5915962b7170e065a258,Full Time,700217459,Jason Kenaway,1ClX9tGdpl,9/19/1996,17 Maple Wood Lane,spring 2020, ML3880 Masterpieces of Hispanic Literature : Midterm: A | Final: A,   ML4325 Contemporary Theatre of the Hispanic World: Midterm: B | Final: B+,   ML4350 Recurrent Themes in Latin American Painting and Literature : Midterm: B+ | Final: B+, ML4450 Hispanic Women Writers: Midterm: A | Final: A,,0
rsamsworth7d@sciencedaily.com,Politics & Economics & Law,,,,,,,,,,,,,,,,,,,,,,,,,,,,,,,,,,,,,,,,,,,,,Graduate,fall 2016, PE2300 Introduction to Law   : Midterm: A | Final: B,  EL 1000 English Comp I: Exposition   : Midterm: B | Final: B+,   HI 2681 Intro to Europe Hist:1350-Present   : Midterm: B+ | Final: B+, AS 2112 American People I    : Midterm: A | Final: B,spring 2017,   PE2650 Introduction to U.S. Politics : Midterm: A | Final: B,   EL 2239 Horror Literature  : Midterm: B | Final: B+, AS 2122 American People II     : Midterm: B+ | Final: B, VA2010 Intro. to Creative Thinking    : Midterm: A | Final: A,fall 2017,  IR2210 Unions and Management: An Introduction  : Midterm: A | Final: A,  PE2220 Introduction to Urban Issues   : Midterm: B | Final: B,   EL 3600 US Literature I   : Midterm: C+ | Final: B,  VA2020 Basic Design   : Midterm: A | Final: A,spring 2018,  PE2400 Introduction to Political Economy  : Midterm: A | Final: A,  PE3100 International Relations   : Midterm: B | Final: B+,   VA2030 Drawing   : Midterm: A | Final: A,  VA2045 Introduction to Color   : Midterm: A | Final: A,fall  2018, PE4320 Jurisprudence: Legal Thought   : Midterm: A | Final: A,    PE4470 History of Economic Thought : Midterm: B | Final: B+,  VA2500 Art History I: 19th Century Art    : Midterm: A | Final: A,  VA3400 Digital Imaging   : Midterm: A | Final: A,spring 2019,  PE4620 Political and Social Thought  : Midterm: A | Final: A,   PE4580 Origins of the Capitalist Economy  : Midterm: B | Final: B+,   PE4590 Global Economy in the 20th Century   : Midterm: A | Final: A,  PE 2650 Intro to U.S. Politics   : Midterm: A | Final: A,fall 2019, IR 2210 Unions & Management: An Intro   : Midterm: A | Final: A,  IR 3140 Unions & Public Policy   : Midterm: B | Final: B+, IR 3300 CollectiveBarg & GrievanceProc     : Midterm: B+ | Final: B,  IR 4320 Labor & Employment Law   : Midterm: A | Final: A,606b5915962b7170e065a259,Full Time,700068581,Rori Samsworth,SfZpQH74gq,4/21/1998,07 Lukken Junction,spring 2020, BU3600 Principles Business Law   : Midterm: A | Final: A,   IR 3415 Labor Economics  : Midterm: B | Final: B+,   IR 3860 Development of the Modern Corp   : Midterm: A | Final: A, BU 5125  Business Ethics    : Midterm: A | Final: A,,0
danglin7j@so-net.ne.jp,Biochemistry,,,,,,,,,,,,,,,,,,,,,,,,,,,,,,,,,,,,,,,,,,,,,Undergraduate - Senior,fall 2018,  VA2010 Intro. to Creative Thinking  : Midterm: A | Final: A, CP 2120 Principles of Chemistry I: Midterm: B | Final: B+,  VA2030 Drawing    : Midterm: A | Final: A,  CP 2121 Principles of Chemistry Lab I: Midterm: A | Final: A,spring 2019, EL 1000 English Comp I: Exposition   : Midterm: A | Final: A,  VA2020 Basic Design   : Midterm: B | Final: B+,   CP 2130 Principles of Chemistry II  : Midterm: B+ | Final: B+, CP 2131 Principles Chemistry Lab II: Midterm: A | Final: A,fall 2019,  EL 2239 Horror Literature  : Midterm: A | Final: A,  AS 2112 American People I  : Midterm: B | Final: B,  CP 3302 Organic Chemistry Lab I    : Midterm: B+ | Final: B+,  CP 3300 Organic Chemistry I   : Midterm: A | Final: A,spring 2020,  CP 3310 Organic Chemistry II: Midterm: A | Final: A,  CP 3312 Organic Chemistry Lab II : Midterm: B | Final: B+,   VA2030 Drawing   : Midterm: B+ | Final: B+,  VA2045 Introduction to Color   : Midterm: A | Final: A,fall  2020, CP 3400 Analytical Chemistry-Lect/Lab : Midterm: A | Final: A,    CP 4700 Physical Chemistry I : Midterm: B | Final: B,  VA2500 Art History I: 19th Century Art    : Midterm: B+ | Final: B+,  VA3400 Digital Imaging   : Midterm: A | Final: A,spring 2019,  CP 4510 Biochemistry I : Midterm: A | Final: A,   CP 4520 Biochemistry Lab : Midterm: B | Final: B+,   BS 2400 Basic Bio Sciences I : Midterm: B+ | Final: B+,  BS 4400 Cell Biology : Midterm: A | Final: A,fall 2019, CP 4515 Biochemistry II : Midterm: A | Final: A,  BS 2410 Basic Bio Sciences II : Midterm: B | Final: B+, BS 4460 Genetics : Midterm: B+ | Final: B+,  BS 4560 Molecular Biology : Midterm: A | Final: A,606b5915962b7170e065a25a,Part Time,700816866,Denys Anglin,38KBIryXRP8A,12/7/1998,9022 Northview Center,,,,,,,0
hhamnet7l@skype.com,Criminology,,,,,,,,,,,,,,,,,,,,,,,,,,,,,,,,,,,,,,,,,,,,,Undergraduate - Freshman,fall 2020, SY 1500  Intro Sociology : Midterm: A | Final: C,  EL 1000 English Comp I: Exposition   : Midterm: B | Final: C,   HI 2681 Intro to Europe Hist:1350-Present   : Midterm: B+ | Final: C, AS 2112 American People I    : Midterm: A | Final: C,,,,,,,,,,,,,,,,,,,,,,,,,,,,,,,606b5915962b7170e065a25b,Full Time,700780854,Henri Hamnet,VbK72pKRXjI,1/29/1996,236 Ramsey Parkway,,,,,,,0
dvader7k@foxnews.com,Special Education and Childhood Education (1-6),,,,,,,,,,,,,,,,,,,,,,,,,,,,,,,,,,,,,,,,,,,,,Graduate,fall 2016,  ED3700 Child Development  I: Midterm: A | Final: A,   EL 1000 English Comp I: Exposition  : Midterm: A | Final: B+,   AS 2112 American People I   : Midterm: A | Final: A,  VA3200 Art Tutorials I   : Midterm: A | Final: A,spring 2017,   ED4121 Methods and Materials for Teaching Elementary Science Majors : Midterm: A | Final: A,   EL 2239 Horror Literature  : Midterm: B | Final: B+, VA2030 Drawing   : Midterm: B | Final: B, VA2010 Intro. to Creative Thinking    : Midterm: A | Final: A,fall 2017,  ED4122 Methods and Materials for Teaching Elementary Math Methods : Midterm: A | Final: A,  ED4850 Instructional Design & Delivery for Students with Disabilities : Midterm: B | Final: B+,   EL 3600 US Literature I   : Midterm: B+ | Final: B+,  VA2020 Basic Design   : Midterm: A | Final: A,spring 2018,  ED4300 Assessment and Evidence-based Decision Making in Special Education : Midterm: A | Final: A,  ED4810 Positive Behavior Supports and Interventions for Students with Disabilities  : Midterm: B | Final: B+,   VA2030 Drawing   : Midterm: B+ | Final: B+,  VA2045 Introduction to Color   : Midterm: A | Final: A,fall  2018, PY3420 Learning & Motivation: Midterm: A | Final: A,    PY3610 Brain & Behavior: Midterm: B | Final: B+,  VA2500 Art History I: 19th Century Art    : Midterm: B+ | Final: B+,  VA3400 Digital Imaging   : Midterm: A | Final: A,spring 2019,  ED4890 Effective Practices for Students with Low Incidence Disabilities : Midterm: A | Final: A,   ED5930 Internship: Meeting the Needs of Diverse Learners: Midterm: B | Final: B+,   ED5960 Student Teaching and Seminar : Midterm: A | Final: A,  SY2400 Sociology Through the Arts : Midterm: A | Final: A,fall 2019, SY2550 Social Problems : Midterm: A | Final: A,  SY2600 Social Deviance : Midterm: A | Final: A, PY2010 Introduction to Psychology   : Midterm: A | Final: A,  PY3110 Research Methods I: (Orientation) : Midterm: A | Final: A,606b5915962b7170e065a25c,Full Time,700725471,Doroteya Vader,OCpgnzkCJD,4/18/1997,4 Maywood Center,spring 2020, PY3120 Research Methods II: (Statistics): Midterm: A | Final: A,   PY3215 Foundations of Child Development: Midterm: B | Final: B+,   PY4130 Field Experience and Research : Midterm: B+ | Final: B+, PY3410 Cognitive Psychology: Midterm: A | Final: A,,0
abernli7p@discovery.com,Psychology,,,,,,,,,,,,,,,,,,,,,,,,,,,,,,,,,,,,,,,,,,,,,Undergraduate - Freshman,fall 2020, PY2010 Introduction to Psychology: Midterm: A | Final: B,  EL 1000 English Comp I: Exposition   : Midterm: B | Final: B+,   HI 2681 Intro to Europe Hist:1350-Present   : Midterm: B | Final: B, AS 2112 American People I    : Midterm: A | Final: C,,,,,,,,,,,,,,,,,,,,,,,,,,,,,,,606b5915962b7170e065a25d,Full Time,700090739,Agnesse Bernli,8KXshn,7/14/1997,5 Harbort Hill,,,,,,,0
ddriscoll7m@tinyurl.com,Management Information Systems,,,,,,,,,,,,,,,,,,,,,,,,,,,,,,,,,,,,,,,,,,,,,Undergraduate - Junior,fall 2018,CS 2510 Computer Programming I : Midterm: A | Final: A,EL 1000 English Comp I: Exposition: Midterm: B | Final: B, MA2000 Applied Statistics : Midterm: B | Final: B, VA2010 Intro. to Creative Thinking : Midterm: A | Final: B-,spring 2019,CS 2511 Computer Programming II: Midterm: B | Final: B+,EL 2239 Horror Literature: Midterm: A | Final: A-, HI 2681 Intro to Europe Hist:1350-Present: Midterm: A | Final: A-, CS 3611 Advanced C#: Midterm: A | Final: A,fall 2019, BU4110 Organizational Behavior & Management  : Midterm: A | Final: A-, CS 3620 Computer Architecture I: Midterm: B | Final: B, CS 3810  Data Structures & Algorithms: Midterm: A | Final: B+, VA2030 Drawing: Midterm: A | Final: B,spring 2020, EL 3560  Literatures of Europe:Part I : Midterm: B+ | Final: B,   VA2500 Art History I: 19th Century Art  : Midterm: B | Final: B+,    CS 3911 C++in Object Oriented Design  : Midterm: B+ | Final: B,  CS 4100 Technical Communications   : Midterm: A | Final: B+,fall  2020,   VA2320 Graphic Design : Midterm: A | Final: B,   AS 2112 American People I  : Midterm: B | Final: B+,   CS 4501 Software Engineering   : Midterm: A+ | Final: B+,   CS 4550 Database Management Systems  : Midterm: A | Final: A,,,,,,,,,,,606b5915962b7170e065a25e,Full Time,700620035,Danita Driscoll,B8PAvPy3YU,12/16/1997,12576 Manufacturers Junction,,,,,,,0
cricardon7o@wikimedia.org,Biological Sciences,,,,,,,,,,,,,,,,,,,,,,,,,,,,,,,,,,,,,,,,,,,,,Undergraduate - Freshman,fall 2020,  BS4400 Cell Biology  : Midterm: A | Final: A,   EL 1000 English Comp I: Exposition  : Midterm: A | Final: A,   AS 2112 American People I   : Midterm: A | Final: C,  VA3200 Art Tutorials I   : Midterm: A | Final: C+,,,,,,,,,,,,,,,,,,,,,,,,,,,,,,,606b5915962b7170e065a25f,Full Time,700489388,Catherin Ricardon,GlIi5rtIUD,7/20/1997,670 Cottonwood Junction,,,,,,,0
qbernon7n@blinklist.com,Biochemistry,,,,,,,,,,,,,,,,,,,,,,,,,,,,,,,,,,,,,,,,,,,,,Undergraduate - Sophomore,fall 2019,  VA2010 Intro. to Creative Thinking  : Midterm: A | Final: A, CP 2120 Principles of Chemistry I: Midterm: B | Final: B+,  VA2030 Drawing    : Midterm: A | Final: A,  CP 2121 Principles of Chemistry Lab I: Midterm: A | Final: A,spring 2020, EL 1000 English Comp I: Exposition   : Midterm: A | Final: A,  VA2020 Basic Design   : Midterm: B | Final: B+,   CP 2130 Principles of Chemistry II  : Midterm: B+ | Final: B+, CP 2131 Principles Chemistry Lab II: Midterm: A | Final: A,fall 2020,  EL 2239 Horror Literature  : Midterm: A | Final: A,  AS 2112 American People I  : Midterm: B | Final: B+,  CP 3302 Organic Chemistry Lab I    : Midterm: B+ | Final: B+,  CP 3300 Organic Chemistry I   : Midterm: A | Final: A,,,,,,,,,,,,,,,,,,,,,606b5915962b7170e065a260,Full Time,700186861,Quintus Bernon,ZVAlEAWZvB2,6/27/1996,319 Garrison Park,,,,,,,0
adorken7q@walmart.com,Sociology,,,,,,,,,,,,,,,,,,,,,,,,,,,,,,,,,,,,,,,,,,,,,Undergraduate - Sophomore,fall 2020, SY2400 Sociology Through the Arts   : Midterm: A | Final: C,  VA2020 Basic Design   : Midterm: A | Final: B+, EL 1000 English Comp I: Exposition      : Midterm: B | Final: B, VA2030 Drawing  : Midterm: A | Final: A,spring 2020,   SY2550 Social Problems : Midterm: A | Final: A,   SY2600 Social Deviance  : Midterm: B | Final: B,    HI 2681 Intro to Europe Hist:1350-Present : Midterm: B | Final: B+,   EL 2239 Horror Literature  : Midterm: A | Final: A,fall 2020,   SY2800 Race : Midterm: A | Final: A,  SY3160 Sociology of Culture   : Midterm: B | Final: B,   VA2045 Introduction to Color   : Midterm: B | Final: B+,  EL 3560  Literatures of Europe:Part I   : Midterm: A | Final: A,,,,,,,,,,,,,,,,,,,,,606b5915962b7170e065a261,Full Time,700682750,Aretha Dorken,XJJc3BbkGN,3/14/1995,99066 Moose Junction,,,,,,,0
cpartlett7t@scientificamerican.com,Sociology,,,,,,,,,,,,,,,,,,,,,,,,,,,,,,,,,,,,,,,,,,,,,Undergraduate - Freshman,fall 2020, SY2400 Sociology Through the Arts   : Midterm: A | Final: A,  VA2020 Basic Design   : Midterm: B | Final: B+, EL 1000 English Comp I: Exposition      : Midterm: A | Final: A, HI 2681 Intro to Europe Hist:1350-Present    : Midterm: A | Final: A,,,,,,,,,,,,,,,,,,,,,,,,,,,,,,,606b5915962b7170e065a262,Full Time,700405110,Charyl Partlett,HhkbGyRdL,12/7/1998,5 Maywood Terrace,,,,,,,0
epilcher7s@barnesandnoble.com,Politics & Economics & Law,,,,,,,,,,,,,,,,,,,,,,,,,,,,,,,,,,,,,,,,,,,,,Undergraduate - Sophomore,fall 2019, PE2300 Introduction to Law   : Midterm: A | Final: A,  EL 1000 English Comp I: Exposition   : Midterm: B | Final: C,   HI 2681 Intro to Europe Hist:1350-Present   : Midterm: A | Final: A, AS 2112 American People I    : Midterm: A | Final: A,spring 2020,   PE2650 Introduction to U.S. Politics : Midterm: A | Final: A,   EL 2239 Horror Literature  : Midterm: B | Final: B+, AS 2122 American People II     : Midterm: B | Final: B, VA2010 Intro. to Creative Thinking    : Midterm: A | Final: A,fall 2020,  IR2210 Unions and Management: An Introduction  : Midterm: A | Final: A,  PE2220 Introduction to Urban Issues   : Midterm: B | Final: B,   EL 3600 US Literature I   : Midterm: B+ | Final: B,  VA2020 Basic Design   : Midterm: A | Final: A,,,,,,,,,,,,,,,,,,,,,606b5915962b7170e065a263,Full Time,700168697,Earlie Pilcher,NKXJB8RgIhM7,2/11/1998,53 Glacier Hill Street,,,,,,,0
bpemberton7r@quantcast.com,Media and Communications,,,,,,,,,,,,,,,,,,,,,,,,,,,,,,,,,,,,,,,,,,,,,Graduate,fall 2016, AS2020 New Media CE    : Midterm: A | Final: B+,  EL 1000 English Comp I: Exposition   : Midterm: B | Final: B+,  VA2320 Graphic Design I    : Midterm: A| Final: A,   HI 3110 Latin American Culture  : Midterm: A | Final: A,spring 2017,  AS2652 Media Studies  : Midterm: A | Final: A,    AS2700 The Engaged Eye : Midterm: B | Final: A,   EL 2239 Horror Literature   : Midterm: A | Final: A,   HI 4632 Japanese History Through Literature  : Midterm: A | Final: A,fall 2017,  AS3310 From Citizen to Consumer  : Midterm: A | Final: A,   AS3632 History of U.S. Film  : Midterm: B | Final: B+,   EL 3800 Eng Lit I:Beowulf-18th Century   : Midterm: C+ | Final: C+, HI 4800  History of India    : Midterm: A | Final: A,spring 2018,  AS3712 American Film Genres  : Midterm: A | Final: A,    AS3722 History of Mass Media : Midterm: B | Final: B+,  AS3732 Politics of Media    : Midterm: B+ | Final: B+,    VA2010 Intro. to Creative Thinking : Midterm: A | Final: A,fall  2018,  AS3735 Documentary Media Studies  : Midterm: A | Final: A,  AS3742 Myths and Images in Film   : Midterm: B | Final: B+,  AS3745 Feminine and Masculine in Film    : Midterm: A| Final: A,   VA3200 Art Tutorials I  : Midterm: A | Final: A,spring 2019,  AS3810 Music and Media  : Midterm: A | Final: A,  AS3830 Public Relations and Society   : Midterm: A | Final: A, AS3842 African-Americans and the Mass Media      : Midterm: A | Final: A,   VA4200 Art Tutorials II  : Midterm: A | Final: A,fall 2019,  AS3852 Women and the Media  : Midterm: A | Final: A,  AS4160 Special Topics in Media Studies   : Midterm: A | Final: B+,  VA5200 Art Tutorials III : Midterm: A | Final: A,  VA2500 Art History I: 19th Century Art   : Midterm: A | Final: A,606b5915962b7170e065a264,Full Time,700945246,Beltran Pemberton,NPEE6uo7lq,5/12/1996,852 Fordem Pass,spring 2020,  AS4280 Global Media  : Midterm: A | Final: A,   AS4722 Film: Ideas and Aesthetics  : Midterm: A | Final: A, AS4725 The Photograph and American Culture         : Midterm: A | Final: A,  AS4732 Political Film   : Midterm: A | Final: C+,,0
ldunnet7u@harvard.edu,Marketing,,,,,,,,,,,,,,,,,,,,,,,,,,,,,,,,,,,,,,,,,,,,,Undergraduate - Junior,fall 2018, MA2300 Calculus for Business & Economics : Midterm: A | Final: A,  EL 1000 English Comp I: Exposition   : Midterm: B | Final: C,   HI 2681 Intro to Europe Hist:1350-Present   : Midterm: B+ | Final: B, AS 2112 American People I    : Midterm: A | Final: A,spring 2019,   BU3600 Principles Business Law : Midterm: A | Final: A,   EL 2239 Horror Literature  : Midterm: B | Final: B+, AS 2122 American People II     : Midterm: B+ | Final: B+, VA2010 Intro. to Creative Thinking    : Midterm: A | Final: A,fall 2019,  BU3800 Marketing: Principles & Concepts  : Midterm: A | Final: A,  BU3905 Business Communication : Midterm: B | Final: B+,   EL 3600 US Literature I   : Midterm: B+ | Final: B+,  VA2020 Basic Design   : Midterm: A | Final: A,spring 2020,  PY4100 Research Methods III (Advanced Research Skills)  : Midterm: A | Final: A,  PY3410 Cognitive Psychology   : Midterm: B | Final: B+,   VA2030 Drawing   : Midterm: B+ | Final: B+,  VA2045 Introduction to Color   : Midterm: A | Final: A,fall  2020, PY3420 Learning & Motivation: Midterm: A | Final: A,    PY3610 Brain & Behavior: Midterm: B | Final: B+,  VA2500 Art History I: 19th Century Art    : Midterm: B+ | Final: B+,  VA3400 Digital Imaging   : Midterm: A | Final: A,,,,,,,,,,,606b5915962b7170e065a265,Part Time,700632401,Lazar Dunnet,x7Hm2j5xH,8/9/1995,2662 Northland Center,,,,,,,0
nde7x@rediff.com,Mathematics,,,,,,,,,,,,,,,,,,,,,,,,,,,,,,,,,,,,,,,,,,,,,Undergraduate - Freshman,fall 2020,   EL 1000 English Comp I: Exposition : Midterm: A | Final: A,   HI 3080   Asian Cultures  : Midterm: A | Final: C,   MA2310 Calculus and Analytic Geometry I   : Midterm: B+ | Final: C+,  VA2010 Intro. to Creative Thinking  : Midterm: A | Final: C,,,,,,,,,,,,,,,,,,,,,,,,,,,,,,,606b5915962b7170e065a266,Part Time,700487605,Nicol de Leon,2JJA2AA,10/4/1995,04 Arrowood Road,,,,,,,0
rmanders7v@hugedomains.com,Adolescence Education: Social Studies (7-12),,,,,,,,,,,,,,,,,,,,,,,,,,,,,,,,,,,,,,,,,,,,,Undergraduate - Freshman,fall 2020,   AS 2112 American People I : Midterm: A | Final: A,  EL 1000 English Comp I: Exposition   : Midterm: B | Final: B+,HI 3080   Asian Cultures    : Midterm: A | Final: B,  VA3200 Art Tutorials I   : Midterm: A | Final: A,,,,,,,,,,,,,,,,,,,,,,,,,,,,,,,606b5915962b7170e065a267,Full Time,700871573,Roldan Manders,P7RtuvC1C,10/18/1996,116 Fieldstone Pass,,,,,,,0
tthomesson7z@google.fr,Philosophy and Religion,,,,,,,,,,,,,,,,,,,,,,,,,,,,,,,,,,,,,,,,,,,,,Undergraduate - Sophomore,fall 2019, HI1010 World Religions: West : Midterm: A | Final: A,  EL 1000 English Comp I: Exposition   : Midterm: B | Final: B+,   HI 2681 Intro to Europe Hist:1350-Present   : Midterm: A | Final: A, AS 2112 American People I    : Midterm: A | Final: A,spring 2020,   HI1020 World Religions: East : Midterm: A | Final: A,   EL 2239 Horror Literature  : Midterm: B | Final: B+, AS 2122 American People II     : Midterm: A | Final: A, VA2010 Intro. to Creative Thinking    : Midterm: A | Final: A,fall 2020,  HI2720 Introduction to Philosophy : Midterm: A | Final: A,  HI2155 Introduction to Comparative Religion : Midterm: B | Final: B+,   EL 3600 US Literature I   : Midterm: B+ | Final: B+,  VA2020 Basic Design   : Midterm: A | Final: A,,,,,,,,,,,,,,,,,,,,,606b5915962b7170e065a268,Full Time,700408817,Tull Thomesson,slfya5wP9t,1/9/1996,908 Oak Valley Alley,,,,,,,0
sgiraux7y@so-net.ne.jp,Chemistry,,,,,,,,,,,,,,,,,,,,,,,,,,,,,,,,,,,,,,,,,,,,,Undergraduate - Junior,fall 2017, CP 2121Principles of Chemistry Lab I   : Midterm: A | Final: A,   MA 3160  Linear Algebra  : Midterm: B | Final: B+,  EL 1000 English Comp I: Exposition    : Midterm: A | Final: A,   HI 2681 Intro to Europe Hist:1350-Present  : Midterm: A | Final: A,spring 2018,  CP 2130  Principles of Chemistry II  : Midterm: A | Final: A, EL 2239 Horror Literature    : Midterm: B | Final: B+,   HI 3091 African Cultures   : Midterm: A | Final: A,  VA2020 Basic Design   : Midterm: A | Final: A,fall 2019,  CP 3302  Organic Chemistry Lab I  : Midterm: A | Final: A,  CP 4700  Physical Chemistry I   : Midterm: B | Final: B+,    MA 3330  Calc & Analyt Geometry III    : Midterm: A | Final: A,   CP 3300 Organic Chemistry I  : Midterm: A | Final: A,spring 2020,  CP 4710 Physical Chemistry II  : Midterm: A | Final: A,  CP 4720  Physical Chemistry Lab   : Midterm: B | Final: B+,  EL 3600 US Literature I  : Midterm: A | Final: A,  HI 4800  History of India   : Midterm: A | Final: A,fall  2020, CP 4800 Adv Chemical Methods: Lect/Lab   : Midterm: A | Final: A,  CP 2240  General Physics I   : Midterm: B | Final: B+,  VA2030 Drawing    : Midterm: A | Final: C,  VA2045 Introduction to Color   : Midterm: A | Final: A,,,,,,,,,,,606b5915962b7170e065a269,Full Time,700466631,Sauveur Giraux,5KvUGBS4Zj,4/13/1998,1 Tomscot Plaza,,,,,,,0
epenlington7w@github.com,Spanish Language,,,,,,,,,,,,,,,,,,,,,,,,,,,,,,,,,,,,,,,,,,,,,Undergraduate - Freshman,fall 2020, ML2100 Intermediate Spanish Conversation I  : Midterm: C | Final: C, ML3100 Advanced Spanish Conversation and Composition : Midterm: B | Final: B+,   EL 1000 English Comp I: Exposition   : Midterm: A | Final: A,   AS 2112 American People I  : Midterm: C | Final: C,,,,,,,,,,,,,,,,,,,,,,,,,,,,,,,606b5915962b7170e065a26a,Full Time,700173294,Emelita Penlington,VGpbMlgW,9/11/1998,597 Columbus Road,,,,,,,0
bstonary80@ycombinator.com,Spanish Language,,,,,,,,,,,,,,,,,,,,,,,,,,,,,,,,,,,,,,,,,,,,,Undergraduate - Sophomore,fall 2019, ML2100 Intermediate Spanish Conversation I: Midterm: A | Final: A,  EL 1000 English Comp I: Exposition   : Midterm: B | Final: B+,   HI 2681 Intro to Europe Hist:1350-Present   : Midterm: B+ | Final: B+, AS 2112 American People I    : Midterm: A | Final: A,spring 2020,   ML2110 Intermediate Spanish Conversation II: Midterm: A | Final: A,   EL 2239 Horror Literature  : Midterm: B | Final: B+, AS 2122 American People II     : Midterm: B+ | Final: B+, VA2010 Intro. to Creative Thinking    : Midterm: A | Final: A,fall 2020,  ML3100 Advanced Spanish Conversation and Composition : Midterm: A | Final: A,  ML3362 Advanced Spanish Grammar and Composition: Midterm: B | Final: B+,   EL 3600 US Literature I   : Midterm: B+ | Final: B+,  VA2020 Basic Design   : Midterm: A | Final: A,,,,,,,,,,,,,,,,,,,,,606b5915962b7170e065a26b,Part Time,700582456,Bryon Stonary,SDsr3aiI,4/22/1998,75 Browning Pass,,,,,,,0
zeyckel83@vkontakte.ru,Politics & Economics & Law,,,,,,,,,,,,,,,,,,,,,,,,,,,,,,,,,,,,,,,,,,,,,Undergraduate - Freshman,fall 2020, PE2300 Introduction to Law   : Midterm: A | Final: A,  EL 1000 English Comp I: Exposition   : Midterm: B | Final: B+,   HI 2681 Intro to Europe Hist:1350-Present   : Midterm: C+ | Final: C+, AS 2112 American People I    : Midterm: A | Final: A,,,,,,,,,,,,,,,,,,,,,,,,,,,,,,,606b5915962b7170e065a26c,Full Time,700251301,Zoe Eyckel,GPnnMgEXj,8/19/1998,5 Gina Hill,,,,,,,0
ccorbert84@google.pl,Childhood Education (1-6),,,,,,,,,,,,,,,,,,,,,,,,,,,,,,,,,,,,,,,,,,,,,Undergraduate - Freshman,fall 2020, ED3700 Child Development for Teachers : Midterm: A | Final: A,  EL 1000 English Comp I: Exposition   : Midterm: B | Final: C+,   HI 2681 Intro to Europe Hist:1350-Present   : Midterm: B+ | Final: C+, AS 2112 American People I    : Midterm: A | Final: C+,,,,,,,,,,,,,,,,,,,,,,,,,,,,,,,606b5915962b7170e065a26d,Part Time,700017982,Chastity Corbert,ErigcHXrnqd,3/15/1998,3274 Hazelcrest Drive,,,,,,,0
mhover81@yandex.ru,Philosophy and Religion,,,,,,,,,,,,,,,,,,,,,,,,,,,,,,,,,,,,,,,,,,,,,Undergraduate - Sophomore,fall 2019, HI1010 World Religions: West : Midterm: A | Final: A,  EL 1000 English Comp I: Exposition   : Midterm: B | Final: B+,   HI 2681 Intro to Europe Hist:1350-Present   : Midterm: A | Final: C, AS 2112 American People I    : Midterm: A | Final: A,spring 2020,   HI1020 World Religions: East : Midterm: A | Final: A,   EL 2239 Horror Literature  : Midterm: B | Final: B+, AS 2122 American People II     : Midterm: A | Final: A, VA2010 Intro. to Creative Thinking    : Midterm: A | Final: A,fall 2020,  HI2720 Introduction to Philosophy : Midterm: A | Final: A,  HI2155 Introduction to Comparative Religion : Midterm: B | Final: B+,   EL 3600 US Literature I   : Midterm: B+ | Final: B+,  VA2020 Basic Design   : Midterm: A | Final: A,,,,,,,,,,,,,,,,,,,,,606b5915962b7170e065a26e,Part Time,700224921,Marnia Hover,9PKQq8a,10/13/1996,0 Melvin Road,,,,,,,0
abigadike85@hud.gov,Spanish Language,,,,,,,,,,,,,,,,,,,,,,,,,,,,,,,,,,,,,,,,,,,,,Undergraduate - Freshman,fall 2020, ML2100 Intermediate Spanish Conversation I  : Midterm: A | Final: A,ML3100 Advanced Spanish Conversation and Composition : Midterm: B | Final: C+,   EL 1000 English Comp I: Exposition   : Midterm: A | Final: C,   AS 2112 American People I  : Midterm: A | Final: C,,,,,,,,,,,,,,,,,,,,,,,,,,,,,,,606b5915962b7170e065a26f,Part Time,700235476,Albertina Bigadike,bIw8de0iu7Ey,3/22/1998,67 Michigan Street,,,,,,,0
ahanford82@sciencedaily.com,Spanish Language,,,,,,,,,,,,,,,,,,,,,,,,,,,,,,,,,,,,,,,,,,,,,Graduate,fall 2016, ML2100 Intermediate Spanish Conversation I: Midterm: A | Final: A,  EL 1000 English Comp I: Exposition   : Midterm: B | Final: B+,   HI 2681 Intro to Europe Hist:1350-Present   : Midterm: B+ | Final: B+, AS 2112 American People I    : Midterm: A | Final: A,spring 2017,   ML2110 Intermediate Spanish Conversation II: Midterm: A | Final: A,   EL 2239 Horror Literature  : Midterm: B | Final: B+, AS 2122 American People II     : Midterm: B+ | Final: B+, VA2010 Intro. to Creative Thinking    : Midterm: A | Final: A,fall 2017,  ML3100 Advanced Spanish Conversation and Composition : Midterm: A | Final: A,  ML3362 Advanced Spanish Grammar and Composition: Midterm: B | Final: B+,   EL 3600 US Literature I   : Midterm: B+ | Final: B+,  VA2020 Basic Design   : Midterm: A | Final: A,spring 2018,  ML3362 Advanced Spanish Grammar and Composition: Midterm: A | Final: A,  ML3200 Translation Workshop   : Midterm: B | Final: B+,   VA2030 Drawing   : Midterm: B+ | Final: B+,  VA2045 Introduction to Color   : Midterm: A | Final: A,fall  2018, ML3250 Spanish Linguistics: Midterm: A | Final: A,    ML3260 Spanish Linguistics: Universals of Grammar : Midterm: B | Final: B+,  VA2500 Art History I: 19th Century Art    : Midterm: B+ | Final: B+,  VA3400 Digital Imaging   : Midterm: A | Final: A,spring 2019,  ML3500 Critical Writing and Textual Analysis : Midterm: A | Final: A,   ML4100 The Spanish Golden Age : Midterm: B | Final: B+,   ML4500 Culture and Literature of Spain from the Middle Ages to the 18th century    : Midterm: B+ | Final: B+,  ML4510 Civilization and Culture of Spain   : Midterm: A | Final: A,fall 2020, ML3300 Artistic Expressions of Spain : Midterm: A | Final: A,  ML3310 Topics in Hispanic Cultural Studies : Midterm: B | Final: B+, ML3410 Latino/a Writers in the US : Midterm: B+ | Final: B+,  ML3650 Latin American Cinema : Midterm: A | Final: A,606b5915962b7170e065a270,Full Time,700237833,Alexandros Hanford,MMKbX4QcpsuC,12/4/1995,60358 Summerview Lane,spring 2020, ML3880 Masterpieces of Hispanic Literature : Midterm: A | Final: A,   ML4325 Contemporary Theatre of the Hispanic World: Midterm: B | Final: B+,   ML4350 Recurrent Themes in Latin American Painting and Literature : Midterm: B+ | Final: B+, ML4450 Hispanic Women Writers: Midterm: A | Final: A,,0
cpottiphar86@youtube.com,Industrial and Labor Relations,,,,,,,,,,,,,,,,,,,,,,,,,,,,,,,,,,,,,,,,,,,,,Undergraduate - Junior,fall 2018, PE 2650 Intro to U.S. Politics : Midterm: A | Final: A,  EL 1000 English Comp I: Exposition   : Midterm: B | Final: B+,   HI 2681 Intro to Europe Hist:1350-Present   : Midterm: B+ | Final: B+, AS 2112 American People I    : Midterm: A | Final: A,spring 2019,   IR 2210 Unions & Management: An Intro : Midterm: A | Final: A,   EL 2239 Horror Literature  : Midterm: B | Final: B+, VA2020 Basic Design    : Midterm: B+ | Final: B+,  VA2045 Introduction to Color    : Midterm: A | Final: A,fall 2019,  IR 3140 Unions & Public Policy : Midterm: A | Final: A,  IR 3300 CollectiveBarg & GrievanceProc : Midterm: B | Final: B+,   EL 3600 US Literature I   : Midterm: B+ | Final: B+,  AS 2122 American People II   : Midterm: A | Final: A,spring 2020,  IR 4320 Labor & Employment Law: Midterm: A | Final: A,  IR 3330 Women : Midterm: B | Final: B+,  VA3400 Digital Imaging     : Midterm: B+ | Final: B+,  VA2010 Intro. to Creative Thinking : Midterm: A | Final: A,fall  2020, IR 3415 Labor Economics: Midterm: A | Final: A,    IR 3860 Development of the Modern Corp : Midterm: B | Final: B+,  VA2500 Art History I: 19th Century Art    : Midterm: B+ | Final: B+,  VA2030 Drawing : Midterm: A | Final: A,,,,,,,,,,,606b5915962b7170e065a271,Part Time,700910604,Clevie Pottiphar,DbGVkbRiR56,3/20/1995,19 Pond Junction,,,,,,,0
kmackin89@stanford.edu,Adolescence Education: Social Studies (7-12),,,,,,,,,,,,,,,,,,,,,,,,,,,,,,,,,,,,,,,,,,,,,Undergraduate - Sophomore,fall 2019,   ED 6085 Mthd/Mtrls Teach Socl Stds MAT : Midterm: A | Final: A,  EL 1000 English Comp I: Exposition   : Midterm: B | Final: B+,  HI 2681 Intro to Europe Hist:1350-Present    : Midterm: C+ | Final: C+, VA2010 Intro. to Creative Thinking    : Midterm: A | Final: A,spring 2020, ED 6095 Literacy   : Midterm: A | Final: A, ED 6903 Student Teaching:Social Stds    : Midterm: B | Final: B+,  EL 2239 Horror Literature    : Midterm: B | Final: B, AS 2112 American People I    : Midterm: A | Final: A,fall 2020,  HI 6510 Topics in US History  : Midterm: A | Final: A,    HI 6520 US Constitutional&Polticl Hist : Midterm: B | Final: B+,   HI 6540 Topics in European History   : Midterm: A | Final: A, EL 3800 Eng Lit I:Beowulf-18th Century     : Midterm: A | Final: A,,,,,,,,,,,,,,,,,,,,,606b5915962b7170e065a272,Full Time,700587435,Kalina Mackin,cF4K2M6Rq7FB,8/13/1998,54 Dexter Trail,,,,,,,0
rklass8a@army.mil,Mathematics,,,,,,,,,,,,,,,,,,,,,,,,,,,,,,,,,,,,,,,,,,,,,Undergraduate - Freshman,fall 2018,   EL 1000 English Comp I: Exposition : Midterm: A | Final: A,   HI 3080   Asian Cultures  : Midterm: A | Final: A,   MA2310 Calculus and Analytic Geometry I   : Midterm: A | Final: A,  VA2010 Intro. to Creative Thinking  : Midterm: A | Final: A,,,,,,,,,,,,,,,,,,,,,,,,,,,,,,,606b5915962b7170e065a273,Full Time,700631207,Rayshell Klass,W2JTr3,7/18/1996,98 Norway Maple Plaza,,,,,,,0
wlivick88@loc.gov,Visual Arts: Electronic Media,,,,,,,,,,,,,,,,,,,,,,,,,,,,,,,,,,,,,,,,,,,,,Undergraduate - Freshman,fall 2020,   AS 2112 American People I : Midterm: A | Final: A,  EL 1000 English Comp I: Exposition   : Midterm: B | Final: B+,   HI 4308 History Modern Middle East   : Midterm: A | Final: A,  VA3200 Art Tutorials I   : Midterm: A | Final: A,,,,,,,,,,,,,,,,,,,,,,,,,,,,,,,606b5915962b7170e065a274,Part Time,700790244,Winni Livick,CmiYQl8,2/27/1995,3835 Bultman Drive,,,,,,,0
bprangle8c@com.com,Psychology,,,,,,,,,,,,,,,,,,,,,,,,,,,,,,,,,,,,,,,,,,,,,Undergraduate - Freshman,fall 2020, PY2010 Introduction to Psychology: Midterm: A | Final: A,  EL 1000 English Comp I: Exposition   : Midterm: B | Final: B+,   HI 2681 Intro to Europe Hist:1350-Present   : Midterm: C+ | Final: B, AS 2112 American People I    : Midterm: A | Final: A,,,,,,,,,,,,,,,,,,,,,,,,,,,,,,,606b5915962b7170e065a275,Part Time,700288202,Barty Prangle,G9jXSApk,2/10/1996,3 Hollow Ridge Plaza,,,,,,,0
gwhiles87@pinterest.com,Industrial and Labor Relations,,,,,,,,,,,,,,,,,,,,,,,,,,,,,,,,,,,,,,,,,,,,,Undergraduate - Junior,fall 2018, PE 2650 Intro to U.S. Politics : Midterm: A | Final: C,  EL 1000 English Comp I: Exposition   : Midterm: B | Final: C+,   HI 2681 Intro to Europe Hist:1350-Present   : Midterm: B+ | Final: C+, AS 2112 American People I    : Midterm: A | Final: A,spring 2019,   IR 2210 Unions & Management: An Intro : Midterm: A | Final: A,   EL 2239 Horror Literature  : Midterm: B | Final: B+, VA2020 Basic Design    : Midterm: B+ | Final: B+,  VA2045 Introduction to Color    : Midterm: A | Final: A,fall 2019,  IR 3140 Unions & Public Policy : Midterm: A | Final: A,  IR 3300 CollectiveBarg & GrievanceProc : Midterm: B | Final: C+,   EL 3600 US Literature I   : Midterm: B+ | Final: B+,  AS 2122 American People II   : Midterm: A | Final: A,spring 2020,  IR 4320 Labor & Employment Law: Midterm: A | Final: A,  IR 3330 Women : Midterm: B | Final: B+,  VA3400 Digital Imaging     : Midterm: B+ | Final: B+,  VA2010 Intro. to Creative Thinking : Midterm: A | Final: A,fall  2020, IR 3415 Labor Economics: Midterm: A | Final: A,    IR 3860 Development of the Modern Corp : Midterm: B | Final: C+,  VA2500 Art History I: 19th Century Art    : Midterm: B+ | Final: B+,  VA2030 Drawing : Midterm: A | Final: A,,,,,,,,,,,606b5915962b7170e065a276,Part Time,700256902,Gussi Whiles,HjX7xM6Pirc,9/29/1998,28 Brentwood Plaza,,,,,,,0
chynson8b@tinypic.com,Adolescence Education: Social Studies (7-12),,,,,,,,,,,,,,,,,,,,,,,,,,,,,,,,,,,,,,,,,,,,,Undergraduate - Senior,fall 2017,   AS 2112 American People I : Midterm: A | Final: A,  EL 1000 English Comp I: Exposition   : Midterm: B | Final: B+,   HI 4308 History Modern Middle East   : Midterm: C+ | Final: C+,  VA3200 Art Tutorials I   : Midterm: A | Final: A,spring 2018,  AS 2122 American People II  : Midterm: A | Final: A,   HI 3835 Islamic Cultures  : Midterm: B | Final: B+,   EL 2239 Horror Literature   : Midterm: C+ | Final: C+,   VA4200 Art Tutorials II  : Midterm: A | Final: A,fall 2018,  HI 3080   Asian Cultures  : Midterm: A | Final: A,   HI 3110 Latin American Culture  : Midterm: B | Final: B+,   EL 3010  Structure & Grammar of English   : Midterm: C+ | Final: C+,  VA5200 Art Tutorials III   : Midterm: A | Final: A,spring 2019,  HI 3091 African Cultures  : Midterm: A | Final: A,  VA2010 Intro. to Creative Thinking   : Midterm: B | Final: B+,   HI 4308 History Modern Middle East   : Midterm: C+ | Final: C+,  HI 7500 Questioning Global History   : Midterm: A | Final: A,fall  2019,   VA2020 Basic Design : Midterm: A | Final: A,   HI 3835 Islamic Cultures  : Midterm: B | Final: B+,    HI 6565 Topics in the History of India  : Midterm: C+ | Final: C+,  HI 6540 Topics in European History   : Midterm: A | Final: A,spring 2020, HI 3640  African History   : Midterm: A | Final: A,   HI 2681 Intro to Europe Hist:1350-Present  : Midterm: B | Final: B+,  HI 6530 Econ:Theories    : Midterm: C+ | Final: C+,   HI 6520 US Constitutional&Polticl Hist  : Midterm: A | Final: A,fall 2020,  ED 6085 Mthd/Mtrls Teach Socl Stds MAT  : Midterm: A | Final: A,    ED 6095 Literacy : Midterm: B | Final: B+,  ED 6903 Student Teaching:Social Stds    : Midterm: C+ | Final: C+,  HI 6510 Topics in US History   : Midterm: A | Final: A,606b5915962b7170e065a277,Part Time,700580562,Cherilyn Hynson,SGOZnFPT,4/20/1997,909 Almo Way,,,,,,,0
mrisdall8f@artisteer.com,Adolescence Education: Biology (7-12),,,,,,,,,,,,,,,,,,,,,,,,,,,,,,,,,,,,,,,,,,,,,Undergraduate - Sophomore,fall 2019, ED 6000 Foundations of Education : Midterm: A | Final: A,  EL 1000 English Comp I: Exposition   : Midterm: B | Final: B+,   HI 2681 Intro to Europe Hist:1350-Present   : Midterm: B+ | Final: B+, AS 2112 American People I    : Midterm: A | Final: A,spring 2020,   ED 6001 Human Growth&Dvlpmnt MAT : Midterm: A | Final: A,   EL 2239 Horror Literature  : Midterm: B | Final: B+, AS 2122 American People II     : Midterm: C+ | Final: C+, VA2010 Intro. to Creative Thinking    : Midterm: A | Final: A,fall 2020,  ED 6002 Foundations of Literacy MAT : Midterm: A | Final: A,  ED 6003 The Exceptional Learner MAT : Midterm: B | Final: B+,   EL 3600 US Literature I   : Midterm: B+ | Final: B+,  VA2020 Basic Design   : Midterm: A | Final: A,,,,,,,,,,,,,,,,,,,,,606b5915962b7170e065a278,Part Time,700480799,Murry Risdall,SG2MCMvpw,12/25/1995,84153 Morrow Circle,,,,,,,0
cclemmens8d@foxnews.com,Psychology,,,,,,,,,,,,,,,,,,,,,,,,,,,,,,,,,,,,,,,,,,,,,Graduate,fall 2016, PY2010 Introduction to Psychology: Midterm: A | Final: A,  EL 1000 English Comp I: Exposition   : Midterm: B | Final: B+,   HI 2681 Intro to Europe Hist:1350-Present   : Midterm: C+ | Final: B+, AS 2112 American People I    : Midterm: A | Final: A,spring 2017,   PY3110 Research Methods I: (Orientation): Midterm: A | Final: A,   EL 2239 Horror Literature  : Midterm: B | Final: B+, AS 2122 American People II     : Midterm: B+ | Final: B+, VA2010 Intro. to Creative Thinking    : Midterm: A | Final: A,fall 2017,  PY3120 Research Methods II: (Statistics)  : Midterm: A | Final: A,  PY4130 Field Experience and Research: Midterm: B | Final: B+,   EL 3600 US Literature I   : Midterm: B+ | Final: B+,  VA2020 Basic Design   : Midterm: A | Final: A,spring 2018,  PY4100 Research Methods III (Advanced Research Skills)  : Midterm: A | Final: A,  PY3410 Cognitive Psychology   : Midterm: B | Final: B+,   VA2030 Drawing   : Midterm: B+ | Final: B+,  VA2045 Introduction to Color   : Midterm: A | Final: A,fall  2018, PY3420 Learning & Motivation: Midterm: A | Final: A,    PY3610 Brain & Behavior: Midterm: B | Final: B+,  VA2500 Art History I: 19th Century Art    : Midterm: B+ | Final: B+,  VA3400 Digital Imaging   : Midterm: A | Final: A,spring 2019,  PY3620 Drugs & Behavior: Midterm: A | Final: A,   PY3215 Foundations of Child Development : Midterm: B | Final: B+,   PY3310 Abnormal Human Behavior   : Midterm: B+ | Final: B+,  PY3311 Theories of Personality   : Midterm: A | Final: A,fall 2019, PY3510 Social Psychology : Midterm: A | Final: A,  PY2340 Community Psychology: Midterm: B | Final: B+, PY2530 Psychology of Prejudice     : Midterm: B+ | Final: B+,  PY2720 Psychology of Gender   : Midterm: A | Final: A,606b5915962b7170e065a279,Full Time,700966582,Court Clemmens,n2EXhojrNOD,3/23/1995,9805 Gina Park,spring 2020, PY3710 Psychology & Social Justice   : Midterm: A | Final: A,   PH 3600  Social Determinants of Health  : Midterm: B | Final: B+,   PH 3610 Intro.-U.S.Health Care System: Midterm: B+ | Final: B+, PH 5900 Research Methods: Midterm: A | Final: A,,0
keleshenar8e@latimes.com,Adolescence Education: Biology (7-12),,,,,,,,,,,,,,,,,,,,,,,,,,,,,,,,,,,,,,,,,,,,,Graduate,fall 2016, ED 6000 Foundations of Education : Midterm: A | Final: A,  EL 1000 English Comp I: Exposition   : Midterm: B | Final: B+,   HI 2681 Intro to Europe Hist:1350-Present   : Midterm: B+ | Final: B+, AS 2112 American People I    : Midterm: A | Final: A,spring 2017,   ED 6001 Human Growth&Dvlpmnt MAT : Midterm: A | Final: A,   EL 2239 Horror Literature  : Midterm: B | Final: B+, AS 2122 American People II     : Midterm: B+ | Final: B+, VA2010 Intro. to Creative Thinking    : Midterm: A | Final: A,fall 2017,  ED 6002 Foundations of Literacy MAT : Midterm: A | Final: A,  ED 6003 The Exceptional Learner MAT : Midterm: B | Final: B+,   EL 3600 US Literature I   : Midterm: B+ | Final: B+,  VA2020 Basic Design   : Midterm: A | Final: A,spring 2018,  ED 6900 Student Teaching: Science : Midterm: A | Final: A,  CP 6560 Topics:Molecular Bio & BioChem : Midterm: B | Final: B+,   VA2030 Drawing   : Midterm: B+ | Final: B+,  VA2045 Introduction to Color   : Midterm: A | Final: A,fall  2018, BS 6590 Topics: Environmental Science : Midterm: A | Final: A,    BS 6630  Developmental Biology/MAT : B | Final: B+,  VA2500 Art History I: 19th Century Art    : Midterm: B+ | Final: B+,  VA3400 Digital Imaging   : Midterm: A | Final: A,spring 2019,  ED 6092 Literacy : Midterm: A | Final: A,   ED 6250 Teachng Ntr&Dvlmnt Science MAT : Midterm: B | Final: B+,   BS4400 Cell Biology : Midterm: B+ | Final: B+,  BS4460 Genetics : Midterm: A | Final: A,fall 2019, BS4440 Evolution : Midterm: A | Final: A,  BS2490 Environmental Science : Midterm: B | Final: B+, BS3450 Plant Biology : Midterm: B+ | Final: B+,  BS3520 Comparative Anatomy : Midterm: A | Final: A,606b5915962b7170e065a27a,Full Time,700142247,Kati Eleshenar,CozXlBGg,11/25/1997,24960 Glacier Hill Lane,spring 2020, BS4400  Cell Biology : Midterm: A | Final: A,   BS4420  Microbiology : Midterm: B | Final: B+,   BS4430  Developmental Biology : Midterm: B+ | Final: B+, BS4470  Ecology : Midterm: A | Final: A,,0
kboldock8h@mtv.com,English,,,,,,,,,,,,,,,,,,,,,,,,,,,,,,,,,,,,,,,,,,,,,Undergraduate - Freshman,fall 2016,   EL 1000 English Comp I: Exposition : Midterm: A | Final: A,  HI 2681 Intro to Europe Hist:1350-Present   : Midterm: B | Final: B+,   VA2020 Basic Design   : Midterm: B+ | Final: B+,  VA2030 Drawing   : Midterm: A | Final: A,,,,,,,,,,,,,,,,,,,,,,,,,,,,,,,606b5915962b7170e065a27b,Full Time,700032167,Kerri Boldock,VjmOi6dfK,5/8/1996,62362 Harbort Parkway,,,,,,,0
tvollam8g@discuz.net,Sociology,,,,,,,,,,,,,,,,,,,,,,,,,,,,,,,,,,,,,,,,,,,,,Undergraduate - Junior,fall 2018, SY2400 Sociology Through the Arts : Midterm: A | Final: A,  EL 1000 English Comp I: Exposition   : Midterm: B | Final: B+,   HI 2681 Intro to Europe Hist:1350-Present   : Midterm: C+ | Final: C+, AS 2112 American People I    : Midterm: A | Final: A,spring 2019,   SY2550 Social Problems: Midterm: A | Final: A,   EL 2239 Horror Literature  : Midterm: B | Final: B+, AS 2122 American People II     : Midterm: C+ | Final: B, VA2010 Intro. to Creative Thinking    : Midterm: A | Final: A,fall 2019,  SY2600 Social Deviance: Midterm: A | Final: A,  SY2800 Race : Midterm: B | Final: B+,   EL 3600 US Literature I   : Midterm: B+ | Final: B+,  VA2020 Basic Design   : Midterm: A | Final: A,spring 2020, SY3160 Sociology of Culture: Midterm: A | Final: A,  SY3280 Social Inequality: Midterm: B | Final: B+, VA3400 Digital: Midterm: B+ | Final: B+,  VA2045 Introduction to Color   : Midterm: A | Final: A,fall  2020, SY3630 Political Sociology : Midterm: A | Final: A,    SY3700 Family and Society : Midterm: B | Final: B+,  VA2500 Art History I: 19th Century Art    : Midterm: B+ | Final: B+, Imaging      VA2030 Drawing     : Midterm: A | Final: A,,,,,,,,,,,606b5915962b7170e065a27c,Part Time,700516228,Travers Vollam,5LM5X2AkA8k,5/2/1998,559 5th Crossing,,,,,,,0
wsymondson8i@xinhuanet.com,English,,,,,,,,,,,,,,,,,,,,,,,,,,,,,,,,,,,,,,,,,,,,,Undergraduate - Senior,fall 2017,   EL 1000 English Comp I: Exposition : Midterm: A | Final: A,  HI 2681 Intro to Europe Hist:1350-Present   : Midterm: B | Final: B+,   VA2020 Basic Design   : Midterm: B+ | Final: B+,  VA2030 Drawing   : Midterm: A | Final: A,spring 2018, EL 2239 Horror Literature   : Midterm: A | Final: A,  AS 2112 American People I   : Midterm: B | Final: B+,    VA2045 Introduction to Color  : Midterm: B+ | Final: B+,    VA2500 Art History I: 19th Century Art : Midterm: A | Final: A,fall 2018, EL 3010  Structure & Grammar of English   : Midterm: A | Final: A,  EL 3500  Lit Across Cultures I:Analysis   : Midterm: B | Final: B+,   AS 2122 American People II   : Midterm: B+ | Final: B+,  VA3200 Art Tutorials I   : Midterm: A | Final: A,spring 2019,  EL 3510  Lit Across Cultures II:Theory  : Midterm: A | Final: A,   EL 3600 US Literature I  : Midterm: B | Final: B+,   VA4200 Art Tutorials II   : Midterm: B+ | Final: B+,   VA2320 Graphic Design I  : Midterm: A | Final: A,fall  2019, EL 4400  Critical Theory   : Midterm: A | Final: A,    EL 3610  US Literature II : Midterm: B | Final: B+, HI 4800  History of India     : Midterm: B+ | Final: B+,  EL 4311 Greek Drama    : Midterm: A | Final: A,spring 2020,  EL 3800 Eng Lit I:Beowulf-18th Century   : Midterm: A | Final: A,   EL 3810  Eng Lit II:Romantics - Present  : Midterm: B | Final: B+,  EL 4510  Modern Drama & Theatre    : Midterm: B+ | Final: B+, VA3100 Visual Culture    : Midterm: A | Final: A,fall 2020, EL 3560  Literatures of Europe:Part I   : Midterm: A | Final: A, EL 3950  Creative Non-Fiction: Midterm: B | Final: B+,   EL 4325 Shakespeare: Selected Plays   : Midterm: B | Final: B,  EL 4402 Sin & Sexuality in Literature   : Midterm: A | Final: A,606b5915962b7170e065a27d,Full Time,700948078,Welby Symondson,008tCx19,7/10/1997,3313 Banding Center,,,,,,,0
gskerrett8k@goo.gl,History,,,,,,,,,,,,,,,,,,,,,,,,,,,,,,,,,,,,,,,,,,,,,Undergraduate - Freshman,fall 2020,  EL 1000 English Comp I: Exposition  : Midterm: A | Final: A,   HI 2681 Intro to Europe Hist:1350-Present  : Midterm: B | Final: B+,   HI 3080   Asian Cultures: Midterm: B+ | Final: B+,  AS 2112 American People I   : Midterm: A | Final: A,,,,,,,,,,,,,,,,,,,,,,,,,,,,,,,606b5915962b7170e065a27e,Full Time,700117804,Giff Skerrett,wRuzfC2tX,4/1/1995,3633 Pearson Way,,,,,,,0
rjerred8l@nyu.edu,Business Administration,,,,,,,,,,,,,,,,,,,,,,,,,,,,,,,,,,,,,,,,,,,,,Undergraduate - Junior,fall 2018, BU 3010 Information Systems for Managers   : Midterm: A | Final: A,   BU 3502 Principles of Accounting I  : Midterm: B | Final: B+,   EL 1000 English Comp I: Exposition   : Midterm: A | Final: A,   AS 2112 American People I  : Midterm: A | Final: A,spring 2019,  MA 2300 Calc/Business & Economics  : Midterm: A | Final: A,   BU3600 Principles Business Law  : Midterm: B | Final: B+,   AS 2122 American People II   : Midterm: A | Final: A,   BU 3800 Marketing: Principles&Concepts  : Midterm: A | Final: A,fall 2019, BU 4110 Organizational Behavior & Mgmt   : Midterm: A | Final: A, BU 4120  Global Business    : Midterm: B | Final: B-,  EL 2239 Horror Literature    : Midterm: A | Final: A,  HI 2681 Intro to Europe Hist:1350-Present   : Midterm: A | Final: B,spring 2020,  EL 3600 US Literature I: Midterm: A | Final: B-,   HI 3640  African History  : Midterm: B | Final: B+,  VA2010 Intro. to Creative Thinking    : Midterm: B | Final: B,    VA2500 Art History I: 19th Century Art : Midterm: A | Final: B,fall  2020, BU 5171 Human Resource Management     : Midterm: A | Final: A,   BU 5196 Leadership  : Midterm: B | Final: B+, VA3100 Visual Culture     : Midterm: B+ | Final: B,   VA4460 Digital Animation  : Midterm: A | Final: A,,,,,,,,,,,606b5915962b7170e065a27f,Full Time,700458430,Ronnie Jerred,kgj05E3NPY,1/26/1998,31 Meadow Ridge Trail,,,,,,,0
gmaccrossan8j@symantec.com,Chemistry,,,,,,,,,,,,,,,,,,,,,,,,,,,,,,,,,,,,,,,,,,,,,Graduate,fall 2016, CP 2121Principles of Chemistry Lab I   : Midterm: A | Final: A,   MA 3160  Linear Algebra  : Midterm: B | Final: B+,  EL 1000 English Comp I: Exposition    : Midterm: C+ | Final: C+,   HI 2681 Intro to Europe Hist:1350-Present  : Midterm: A | Final: A,spring 2017,  CP 2130  Principles of Chemistry II  : Midterm: A | Final: A, EL 2239 Horror Literature    : Midterm: B | Final: B+,   HI 3091 African Cultures   : Midterm: C+ | Final: C+,  VA2020 Basic Design   : Midterm: A | Final: A,fall 2017,  CP 3302  Organic Chemistry Lab I  : Midterm: A | Final: A,  CP 4700  Physical Chemistry I   : Midterm: B | Final: B+,    MA 3330  Calc & Analyt Geometry III    : Midterm: C+ | Final: C+,   CP 3300 Organic Chemistry I  : Midterm: A | Final: A,spring 2018,  CP 4710 Physical Chemistry II  : Midterm: A | Final: A,  CP 4720  Physical Chemistry Lab   : Midterm: B | Final: B+,  EL 3600 US Literature I  : Midterm: C+ | Final: C+,  HI 4800  History of India   : Midterm: A | Final: A,fall  2018, CP 4800 Adv Chemical Methods: Lect/Lab   : Midterm: A | Final: A,  CP 2240  General Physics I   : Midterm: B | Final: B+,  VA2030 Drawing    : Midterm: C+ | Final: C+,  VA2045 Introduction to Color   : Midterm: A | Final: A,spring 2019,  CP 2250 General Physics II: Midterm: A | Final: A,   CP 2251 General Physics II Lab  : Midterm: B | Final: B+, VA3400 Digital Imaging     : Midterm: C+ | Final: C+,  VA2320 Graphic Design I   : Midterm: A | Final: A,fall 2019,  CP 3230  Math Methods: Physical Science  : Midterm: A | Final: A,  MA 4360  Differential Equations CP 2120 Principles of Chemistry I   : Midterm: B | Final: B+,   CP 5920 Seminar I   : Midterm: C+ | Final: C+,   VA4320 Graphic Design II  : Midterm: A | Final: A,606b5915962b7170e065a280,Full Time,700259145,Gussi MacCrossan,OJgqTT2Jnw,4/15/1995,2 Caliangt Court,spring 2020, CP 2131 Principles Chemistry Lab II   : Midterm: A | Final: A,    CP 5921 Seminar II : Midterm: B | Final: B+,  CP 4520 Biochemistry Lab    : Midterm: C+ | Final: C+,   VA4260 Interactive Web Design  : Midterm: A | Final: A,,0
scloughton8m@yellowbook.com,Finance,,,,,,,,,,,,,,,,,,,,,,,,,,,,,,,,,,,,,,,,,,,,,Graduate,fall 2016, BU 3010 Info Systems For Mgrs : Midterm: A | Final: A,  EL 1000 English Comp I: Exposition   : Midterm: B | Final: B+,   HI 2681 Intro to Europe Hist:1350-Present   : Midterm: A | Final: A, AS 2112 American People I    : Midterm: A | Final: A,spring 2017,  BU 3502Principles of Accounting I: Midterm: A | Final: A,   EL 2239 Horror Literature  : Midterm: B | Final: B+, AS 2122 American People II     : Midterm: C+ | Final: B, VA2010 Intro. to Creative Thinking    : Midterm: A | Final: A,fall 2017, BU 3511 Principles of Accounting II : Midterm: A | Final: A,  BU 5190  Business Strategy & Policy : Midterm: B | Final: B+,   EL 3600 US Literature I   : Midterm: B+ | Final: B+,  VA2020 Basic Design   : Midterm: A | Final: A,spring 2018,BU 5771 Global Financial Markets : Midterm: A | Final: A,  BU 4720   Global Financial Markets : Midterm: B | Final: B+,   VA2030 Drawing   : Midterm: B+ | Final: B+,  VA2045 Introduction to Color   : Midterm: A | Final: A,fall  2018, BU 4774   Financial Markets & Inst : Midterm: A | Final: A,    PY3610 Brain & Behavior: Midterm: B | Final: B+,  VA2500 Art History I: 19th Century Art    : Midterm: B+ | Final: B+,  VA3400 Digital Imaging   : Midterm: A | Final: A,spring 2019,  BU 5740  Invest Mgmt & Securities Anal : Midterm: A | Final: A,BU 5710   Fin. Modeling & Forecasting : Midterm: B | Final: B+, BU 4500 Intermediate Accounting I  : Midterm: B+ | Final: B+,  BU 5789 Futures & Options Markets  : Midterm: A | Final: A,fall 2020, BU 5115  Operations Management : Midterm: A | Final: A,  BU 4510   Intermediate Accounting II: Midterm: B | Final: B+, BU 5760  Corporate Finance : Midterm: B+ | Final: B+,  BU 4570 Federal Income Tax I : Midterm: A | Final: A,606b5915962b7170e065a281,Full Time,700358357,Sharron Cloughton,xrrHkeSB478o,5/13/1998,9830 Hauk Avenue,spring 2020, BU 4590 Cost Accounting: Midterm: A | Final: A,   BU 5505 Essentials-Gov't&Non-ProfAcctg: Midterm: B | Final: B+,BU 5525 International Accounting : Midterm: B+ | Final: B+, EL 4510  Modern Drama & Theatre: Midterm: A | Final: A,,0
mgeorgot8n@e-recht24.de,Adolescence Education: Chemistry (7-12),,,,,,,,,,,,,,,,,,,,,,,,,,,,,,,,,,,,,,,,,,,,,Graduate,fall 2016, CP 4510 Biochemistry I : Midterm: A | Final: A,   CP 2120 Principles of Chemistry I  : Midterm: B | Final: B+,   CP 2121 Principles of Chemistry Lab I   : Midterm: A | Final: A,  CP 4520 Biochemistry Lab   : Midterm: A | Final: A,spring 2017, CP 4515 Biochemistry II : Midterm: A | Final: A,  CP 2130 Principles of Chemistry II   : Midterm: B | Final: B+,  CP 2131 Principles Chemistry Lab II    : Midterm: A | Final: A,   EL 1000 English Comp I: Exposition  : Midterm: A | Final: A,fall 2017,  CP 3300 Organic Chemistry I  : Midterm: A | Final: A,   CP 3302 Organic Chemistry Lab I  : Midterm: B | Final: B+,  EL 2239 Horror Literature    : Midterm: B | Final: B,   VA2010 Intro. to Creative Thinking  : Midterm: A | Final: A,spring 2018,  CP 3310 Organic Chemistry II  : Midterm: A | Final: A,   CP 3312 Organic Chemistry Lab II  : Midterm: B | Final: B+,   EL 3500  Lit Across Cultures I:Analysis   : Midterm: B | Final: B,   HI 2681 Intro to Europe Hist:1350-Present  : Midterm: A | Final: A,fall  2018,  CP 3400 Analytical Chemistry-Lect/Lab  : Midterm: A | Final: A,  BS 2400 Basic Bio Sciences I   : Midterm: B | Final: B+, VA2020 Basic Design     : Midterm: B | Final: B,  VA2030 Drawing   : Midterm: A | Final: A,spring 2019,  CP 4700 Physical Chemistry I  : Midterm: A | Final: A,   CP 5920 Seminar I  : Midterm: B | Final: B+,    VA2045 Introduction to Color  : Midterm: B | Final: B,   VA2500 Art History I: 19th Century Art  : Midterm: A | Final: A,fall 2019,  CP 5921 Seminar II  : Midterm: A | Final: A,   AS 2112 American People I  : Midterm: B | Final: B+,    VA3100 Visual Culture  : Midterm: B | Final: B,  MA2310 Calculus and Analytic Geometry I   : Midterm: A | Final: A,606b5915962b7170e065a282,Full Time,700681748,Marcel Georgot,WDLQ9pjw,5/22/1996,8482 Jay Alley,spring 2020, CP 6590 Topics: Environmental Science   : Midterm: A | Final: A,   CP 6740 Topics in Earth&Space Science    : Midterm: B | Final: B+,    CP 4800 Adv Chemical Methods: Lect/Lab  : Midterm: B | Final: B,    AS 2122 American People II : Midterm: A | Final: A,,0
jlissandrini8q@paginegialle.it,Chemistry,,,,,,,,,,,,,,,,,,,,,,,,,,,,,,,,,,,,,,,,,,,,,Undergraduate - Freshman,fall 2016, CP 2121Principles of Chemistry Lab I   : Midterm: A | Final: A,   MA 3160  Linear Algebra  : Midterm: B | Final: B+,  EL 1000 English Comp I: Exposition    : Midterm: A | Final: A,   HI 2681 Intro to Europe Hist:1350-Present  : Midterm: A | Final: A,,,,,,,,,,,,,,,,,,,,,,,,,,,,,,,606b5915962b7170e065a283,Full Time,700344593,Jenda Lissandrini,KoUZ91o,2/24/1998,1 Melrose Drive,,,,,,,0
eayton8o@usatoday.com,History,,,,,,,,,,,,,,,,,,,,,,,,,,,,,,,,,,,,,,,,,,,,,Graduate,fall 2016,  EL 1000 English Comp I: Exposition  : Midterm: A | Final: A,   HI 2681 Intro to Europe Hist:1350-Present  : Midterm: B | Final: B+,   HI 3080   Asian Cultures: Midterm: A | Final: A,  AS 2112 American People I   : Midterm: A | Final: A,spring 2017,  EL 2239 Horror Literature  : Midterm: A | Final: A,  AS 2122 American People II  : Midterm: B | Final: B+,  HI 3091 African Cultures    : Midterm: B | Final: B,   VA4460 Digital Animation  : Midterm: A | Final: A,fall 2017, EL 3810  Eng Lit II:Romantics - Present: Midterm: A | Final: A,  HI 3110 Latin American Culture : Midterm: B | Final: B+,  HI 3640  African History    : Midterm: B | Final: B,  VA2045 Introduction to Color    : Midterm: A | Final: A,spring 2018, HI 3835 Islamic Cultures   : Midterm: A | Final: A,   HI 4308 History Modern Middle East  : Midterm: B | Final: B+,   HI 4632 Japanese History Through Literature   : Midterm: A | Final: C+,  VA2500 Art History I: 19th Century Art   : Midterm: A | Final: A,fall  2018, HI 4800  History of India   : Midterm: A | Final: A,   HI 4900 Modern China-Study Abroad  : Midterm: B | Final: B+,  VA2045 Introduction to Color    : Midterm: A | Final: A,   VA2020 Basic Design  : Midterm: A | Final: A,spring 2019,  HI 4905 Chinese Civilization  : Midterm: A | Final: A,  PE 4690 Politics of Lat Amer/Caribbean   : Midterm: B | Final: B+,    HI 4001 19th Century  : Midterm: A | Final: A, VA2010 Intro. to Creative Thinking    : Midterm: A | Final: A,fall 2019,  HI 4011  20th Century  : Midterm: A | Final: A,  HI 4700  Modern Global Environments   : Midterm: B | Final: B+,  VA3100 Visual Culture    : Midterm: B+ | Final: B+,  MA3160 Linear Algebra   : Midterm: A | Final: A,606b5915962b7170e065a284,Full Time,700304946,Erhart Ayton,6iF9vzWeJd,2/15/1995,158 Derek Plaza,spring 2020, HI 3610  America's African Heritage   : Midterm: A | Final: A,   HI 3840 Crescent and Cross  : Midterm: B | Final: B+,   HI 4650   History of African Enslavement   : Midterm: B+ | Final: B+,  EL 3950  Creative Non-Fiction   : Midterm: A | Final: A,,0
eosheilds8p@geocities.jp,Finance,,,,,,,,,,,,,,,,,,,,,,,,,,,,,,,,,,,,,,,,,,,,,Undergraduate - Senior,fall 2017, BU 3010 Info Systems For Mgrs : Midterm: A | Final: A,  EL 1000 English Comp I: Exposition   : Midterm: B | Final: B+,   HI 2681 Intro to Europe Hist:1350-Present   : Midterm: C+ | Final: C+, AS 2112 American People I    : Midterm: A | Final: A,spring 2018,  BU 3502Principles of Accounting I: Midterm: A | Final: A,   EL 2239 Horror Literature  : Midterm: B | Final: B+, AS 2122 American People II     : Midterm: C+ | Final: C+, VA2010 Intro. to Creative Thinking    : Midterm: A | Final: A,fall 2018, BU 3511 Principles of Accounting II : Midterm: A | Final: A,  BU 5190  Business Strategy & Policy : Midterm: B | Final: B+,   EL 3600 US Literature I   : Midterm: B+ | Final: B+,  VA2020 Basic Design   : Midterm: A | Final: A,spring 2019,BU 5771 Global Financial Markets : Midterm: A | Final: A,  BU 4720   Global Financial Markets : Midterm: B | Final: B+,   VA2030 Drawing   : Midterm: B+ | Final: B+,  VA2045 Introduction to Color   : Midterm: A | Final: A,fall  2019, BU 4774   Financial Markets & Inst : Midterm: A | Final: A,    PY3610 Brain & Behavior: Midterm: B | Final: B+,  VA2500 Art History I: 19th Century Art    : Midterm: B+ | Final: B+,  VA3400 Digital Imaging   : Midterm: A | Final: A,spring 2020,  BU 5740  Invest Mgmt & Securities Anal : Midterm: A | Final: A,BU 5710   Fin. Modeling & Forecasting : Midterm: B | Final: B+, BU 4500 Intermediate Accounting I  : Midterm: B+ | Final: B+,  BU 5789 Futures & Options Markets  : Midterm: A | Final: A,fall 2020, BU 5115  Operations Management : Midterm: A | Final: A,  BU 4510   Intermediate Accounting II: Midterm: B | Final: B+, BU 5760  Corporate Finance : Midterm: B+ | Final: B+,  BU 4570 Federal Income Tax I : Midterm: A | Final: A,606b5915962b7170e065a285,Part Time,700166924,Erv O'Sheilds,Y2xh0wDRpZu,2/7/1997,2224 Hoepker Place,,,,,,,0
heggerton8r@blogtalkradio.com,Sociology,,,,,,,,,,,,,,,,,,,,,,,,,,,,,,,,,,,,,,,,,,,,,Undergraduate - Sophomore,fall 2019, SY2400 Sociology Through the Arts   : Midterm: A | Final: A,  VA2020 Basic Design   : Midterm: B | Final: B+, EL 1000 English Comp I: Exposition      : Midterm: A | Final: A, HI 2681 Intro to Europe Hist:1350-Present    : Midterm: A | Final: A,spring 2020,   SY2550 Social Problems : Midterm: A | Final: A,   SY2600 Social Deviance  : Midterm: B | Final: B+,    VA2030 Drawing  : Midterm: A | Final: B+,   EL 2239 Horror Literature  : Midterm: A | Final: A,fall 2020,   SY2800 Race : Midterm: A | Final: A,  SY3160 Sociology of Culture   : Midterm: B | Final: B+,   VA2045 Introduction to Color   : Midterm: A | Final: B+,  EL 3560  Literatures of Europe:Part I   : Midterm: A | Final: A,,,,,,,,,,,,,,,,,,,,,606b5915962b7170e065a286,Full Time,700111148,Holt Eggerton,qB26rV8FD,7/24/1995,009 Mifflin Hill,,,,,,,0
emelato8u@comcast.net,Biological Sciences,,,,,,,,,,,,,,,,,,,,,,,,,,,,,,,,,,,,,,,,,,,,,Undergraduate - Sophomore,fall 2019,  VA2010 Intro. to Creative Thinking  : Midterm: A | Final: A, BS4460 Genetics  : Midterm: B | Final: B+, EL 1000 English Comp I: Exposition    : Midterm: A | Final: A,  BS4400 Cell Biology: Midterm: A | Final: A,spring 2020, VA2030 Drawing    : Midterm: A | Final: A,  VA2020 Basic Design   : Midterm: B | Final: B+, VA3400 Digital Imaging     : Midterm: B+ | Final: B+, BS4440 Evolution: Midterm: A | Final: A,fall 2020,  EL 2239 Horror Literature  : Midterm: A | Final: A,  AS 2112 American People I  : Midterm: B | Final: B+,  BS2490 Environmental Science  : Midterm: B+ | Final: B,  BS3450 Plant Biology : Midterm: A | Final: B,,,,,,,,,,,,,,,,,,,,,606b5915962b7170e065a287,Full Time,700455285,Ebenezer Melato,aaMdUnVi,12/11/1997,8 Roxbury Avenue,,,,,,,0
lsnowsill8w@netscape.com,Adolescence Education: Social Studies (7-12),,,,,,,,,,,,,,,,,,,,,,,,,,,,,,,,,,,,,,,,,,,,,Undergraduate - Sophomore,fall 2019,   AS 2112 American People I : Midterm: A | Final: A,  EL 1000 English Comp I: Exposition   : Midterm: B | Final: B+,  VA2010 Intro. to Creative Thinking    : Midterm: A | Final: A,  VA3200 Art Tutorials I   : Midterm: A | Final: A,spring 2020,  AS 2122 American People II  : Midterm: A | Final: A,   HI 4308 History Modern Middle East: Midterm: B | Final: B+,   EL 2239 Horror Literature   : Midterm: B | Final: B,   VA4200 Art Tutorials II  : Midterm: A | Final: A,fall 2020,  HI 4308 History Modern Middle East   : Midterm: A | Final: A,   HI 3110 Latin American Culture  : Midterm: B | Final: B+,   EL 3010  Structure & Grammar of English   : Midterm: B | Final: B,  VA5200 Art Tutorials III   : Midterm: A | Final: A,,,,,,,,,,,,,,,,,,,,,606b5915962b7170e065a288,Part Time,700269502,Luz Snowsill,cxbFPFVWoF,11/23/1995,186 Tony Plaza,,,,,,,0
bpenrith8v@cdc.gov,Adolescence Education: Biology (7-12),,,,,,,,,,,,,,,,,,,,,,,,,,,,,,,,,,,,,,,,,,,,,Undergraduate - Senior,fall 2020, ED 6000 Foundations of Education : Midterm: A | Final: A,  EL 1000 English Comp I: Exposition   : Midterm: B | Final: B+,   HI 2681 Intro to Europe Hist:1350-Present   : Midterm: B+ | Final: B+, AS 2112 American People I    : Midterm: A | Final: A,spring 2018,   ED 6001 Human Growth&Dvlpmnt MAT : Midterm: A | Final: A,   EL 2239 Horror Literature  : Midterm: B | Final: B+, AS 2122 American People II     : Midterm: B+ | Final: B+, VA2010 Intro. to Creative Thinking    : Midterm: A | Final: A,fall 2018,  ED 6002 Foundations of Literacy MAT : Midterm: A | Final: A,  ED 6003 The Exceptional Learner MAT : Midterm: B | Final: B+,   EL 3600 US Literature I   : Midterm: B+ | Final: B+,  VA2020 Basic Design   : Midterm: A | Final: A,spring 2019,  ED 6900 Student Teaching: Science : Midterm: A | Final: A,  CP 6560 Topics:Molecular Bio & BioChem : Midterm: B | Final: B+,   VA2030 Drawing   : Midterm: B+ | Final: B+,  VA2045 Introduction to Color   : Midterm: A | Final: A,fall  2019, BS 6590 Topics: Environmental Science : Midterm: A | Final: A,    BS 6630  Developmental Biology/MAT : B | Final: B+,  VA2500 Art History I: 19th Century Art    : Midterm: B+ | Final: B+,  VA3400 Digital Imaging   : Midterm: A | Final: A,spring 2020,  ED 6092 Literacy : Midterm: A | Final: A,   ED 6250 Teachng Ntr&Dvlmnt Science MAT : Midterm: B | Final: B+,   BS4400 Cell Biology : Midterm: B+ | Final: B+,  BS4460 Genetics : Midterm: A | Final: A,fall 2020, BS4440 Evolution : Midterm: A | Final: A,  BS2490 Environmental Science : Midterm: B | Final: B+, BS3450 Plant Biology : Midterm: B+ | Final: B+,  BS3520 Comparative Anatomy : Midterm: A | Final: A,606b5915962b7170e065a289,Full Time,700970892,Barbey Penrith,AG7ngaYDJDO,12/29/1995,2 Hollow Ridge Way,,,,,,,0
cwillacot8y@vistaprint.com,Computer & Information Science,,,,,,,,,,,,,,,,,,,,,,,,,,,,,,,,,,,,,,,,,,,,,Undergraduate - Sophomore,fall 2019, VA2020 Basic Design    : Midterm: A | Final: A, CS 2510 Computer Programming I  : Midterm: B | Final: B+,  VA2030 Drawing    : Midterm: A | Final: A,   AS 2112 American People I  : Midterm: A | Final: A,spring 2020, EL 1000 English Comp I: Exposition   : Midterm: A | Final: A, VA2010 Intro. to Creative Thinking   : Midterm: B | Final: B+,   CS 2511 Computer Programming II     : Midterm: A | Final: A,  CS 3620 Computer Architecture I   : Midterm: A | Final: A,fall 2020,  EL 2239 Horror Literature  : Midterm: A | Final: A,  CS 3810  Data Structures & Algorithms : Midterm: B | Final: B+,  HI 2681 Intro to Europe Hist:1350-Present    : Midterm: A | Final: A,  EL 3800 Eng Lit I:Beowulf-18th Century   : Midterm: A | Final: A,,,,,,,,,,,,,,,,,,,,,606b5915962b7170e065a28a,Part Time,700556465,Chrissy Willacot,FpoHHenHKO,10/23/1997,7 Hansons Hill,,,,,,,0
hpeplay8x@acquirethisname.com,English,,,,,,,,,,,,,,,,,,,,,,,,,,,,,,,,,,,,,,,,,,,,,Undergraduate - Junior,fall 2018,   EL 1000 English Comp I: Exposition : Midterm: A | Final: A,  HI 2681 Intro to Europe Hist:1350-Present   : Midterm: B | Final: B+,   VA2020 Basic Design   : Midterm: B+ | Final: B+,  VA2030 Drawing   : Midterm: A | Final: A,spring 2019, EL 2239 Horror Literature   : Midterm: A | Final: A,  AS 2112 American People I   : Midterm: B | Final: B+,    VA2045 Introduction to Color  : Midterm: B+ | Final: B+,    VA2500 Art History I: 19th Century Art : Midterm: A | Final: A,fall 2019, EL 3010  Structure & Grammar of English   : Midterm: A | Final: A,  EL 3500  Lit Across Cultures I:Analysis   : Midterm: B | Final: B+,   AS 2122 American People II   : Midterm: B+ | Final: B+,  VA3200 Art Tutorials I   : Midterm: A | Final: A,spring 2020,  EL 3510  Lit Across Cultures II:Theory  : Midterm: A | Final: A,   EL 3600 US Literature I  : Midterm: B | Final: B+,   VA4200 Art Tutorials II   : Midterm: B+ | Final: B+,   VA2320 Graphic Design I  : Midterm: A | Final: A,fall  2020, EL 4400  Critical Theory   : Midterm: A | Final: A,    EL 3610  US Literature II : Midterm: B | Final: B+, HI 4800  History of India     : Midterm: B+ | Final: B+,  EL 4311 Greek Drama    : Midterm: A | Final: A,,,,,,,,,,,606b5915962b7170e065a28b,Full Time,700547077,Hadrian Peplay,RjWoGIBovJ,11/22/1998,72856 Lerdahl Terrace,,,,,,,0
ikeston8t@gnu.org,Accounting,,,,,,,,,,,,,,,,,,,,,,,,,,,,,,,,,,,,,,,,,,,,,Undergraduate - Senior,fall 2017, BU 3502Principles of Accounting I: Midterm: A | Final: A,  EL 1000 English Comp I: Exposition   : Midterm: B | Final: B+,   HI 2681 Intro to Europe Hist:1350-Present   : Midterm: B+ | Final: B, AS 2112 American People I    : Midterm: A | Final: A,spring 2018,   BU 3511Principles of Accounting II : Midterm: A | Final: A,   EL 2239 Horror Literature  : Midterm: B | Final: B+, AS 2122 American People II     : Midterm: A | Final: A, VA2010 Intro. to Creative Thinking    : Midterm: A | Final: A,fall 2018,  BU 4500 Intermediate Accounting I  : Midterm: A | Final: A,  MA 2300 Calculus for Business & Economics : Midterm: B | Final: B+,   EL 3600 US Literature I   : Midterm: B+ | Final: B+,  VA2020 Basic Design   : Midterm: A | Final: A,spring 2019,BU 4510   Intermediate Accounting II : Midterm: A | Final: A,  BU 4570 Federal Income Tax I   : Midterm: B | Final: B+,   VA2030 Drawing   : Midterm: B+ | Final: B+,  VA2045 Introduction to Color   : Midterm: A | Final: A,fall  2019, BU 4590 Cost Accounting : Midterm: A | Final: A,    BU 5505 Essentials-Gov't&Non-ProfAcctg : Midterm: B | Final: B+,  VA2500 Art History I: 19th Century Art    : Midterm: B+ | Final: B+,  VA3400 Digital Imaging   : Midterm: A | Final: A,spring 2020,  BU 5525 International Accounting: Midterm: A | Final: A,   BU 5540 Advanced Accounting : Midterm: B | Final: B+,   BU 5550 Auditing   : Midterm: B+ | Final: B+,  BU 5520 Financial Accounting Research   : Midterm: A | Final: A,fall 2020, BU 3600  Principles of Business Law : Midterm: A | Final: A,  BU 3605 Intermediate Business Law : Midterm: B | Final: B+, BU 3610 Advanced Business Law    : Midterm: B+ | Final: B+,  BU 3800 Marketing Principles    : Midterm: A | Final: A,606b5915962b7170e065a28c,Full Time,700317242,Ivie Keston,562Gjeajw,3/11/1998,76227 Shasta Circle,,,,,,,0
hdonwell90@over-blog.com,Criminology,,,,,,,,,,,,,,,,,,,,,,,,,,,,,,,,,,,,,,,,,,,,,Undergraduate - Sophomore,fall 2019, SY 1500  Intro Sociology: Midterm: A | Final: A,  EL 1000 English Comp I: Exposition   : Midterm: B | Final: B+,   HI 2681 Intro to Europe Hist:1350-Present   : Midterm: A | Final: A, AS 2112 American People I    : Midterm: A | Final: A,spring 2020,   CR 1500 Intro to Criminology : Midterm: A | Final: A,   EL 2239 Horror Literature  : Midterm: B | Final: B+, AS 2122 American People II     : Midterm: A | Final: A, VA2010 Intro. to Creative Thinking    : Midterm: A | Final: A,fall 2020,  CR 2090  Juvenile Delinquency : Midterm: A | Final: A,  CR 3092 Victimology : Midterm: B | Final: B+,   EL 3600 US Literature I   : Midterm: B+ | Final: B+,  VA2020 Basic Design   : Midterm: A | Final: A,,,,,,,,,,,,,,,,,,,,,606b5915962b7170e065a28d,Part Time,700665112,Hermann Donwell,bj8MKEG,5/9/1997,0853 Melvin Parkway,,,,,,,0
nstiffkins91@blogtalkradio.com,History,,,,,,,,,,,,,,,,,,,,,,,,,,,,,,,,,,,,,,,,,,,,,Undergraduate - Sophomore,fall 2019,  EL 1000 English Comp I: Exposition  : Midterm: A | Final: A,   HI 2681 Intro to Europe Hist:1350-Present  : Midterm: A | Final: A,   : Midterm: B+ | Final: B+,  AS 2112 American People I   : Midterm: A | Final: A,spring 2020,  EL 2239 Horror Literature  : Midterm: A | Final: A,  AS 2122 American People II  : Midterm: B | Final: B+,  HI 3091 African Cultures    : Midterm: B+ | Final: B+,   HI 3080   Asian Cultures VA4460 Digital Animation  : Midterm: A | Final: A,fall 2020, EL 3810  Eng Lit II:Romantics - Present: Midterm: A | Final: A,  HI 3110 Latin American Culture : Midterm: B | Final: B+,  HI 3640  African History    : Midterm: B+ | Final: B+,  VA2045 Introduction to Color    : Midterm: A | Final: A,,,,,,,,,,,,,,,,,,,,,606b5915962b7170e065a28e,Part Time,700804917,Norah Stiffkins,A5vpcJl,12/5/1995,6232 Kenwood Plaza,,,,,,,0
mmordecai8z@bloglovin.com,English,,,,,,,,,,,,,,,,,,,,,,,,,,,,,,,,,,,,,,,,,,,,,Graduate,fall 2016,   EL 1000 English Comp I: Exposition : Midterm: A | Final: A,  HI 2681 Intro to Europe Hist:1350-Present   : Midterm: B | Final: B+,   VA2020 Basic Design   : Midterm: B+ | Final: B+,  VA2030 Drawing   : Midterm: A | Final: A,spring 2017, EL 2239 Horror Literature   : Midterm: A | Final: A,  AS 2112 American People I   : Midterm: B | Final: B+,    VA2045 Introduction to Color  : Midterm: B+ | Final: B+,    VA2500 Art History I: 19th Century Art : Midterm: A | Final: A,fall 2017, EL 3010  Structure & Grammar of English   : Midterm: A | Final: A,  EL 3500  Lit Across Cultures I:Analysis   : Midterm: B | Final: B+,   AS 2122 American People II   : Midterm: B+ | Final: B+,  VA3200 Art Tutorials I   : Midterm: A | Final: A,spring 2018,  EL 3510  Lit Across Cultures II:Theory  : Midterm: A | Final: A,   EL 3600 US Literature I  : Midterm: B | Final: B+,   VA4200 Art Tutorials II   : Midterm: B+ | Final: B+,   VA2320 Graphic Design I  : Midterm: A | Final: A,fall  2018, EL 4400  Critical Theory   : Midterm: A | Final: A,    EL 3610  US Literature II : Midterm: B | Final: B+, HI 4800  History of India     : Midterm: B+ | Final: B+,  EL 4311 Greek Drama    : Midterm: A | Final: A,spring 2019,  EL 3800 Eng Lit I:Beowulf-18th Century   : Midterm: A | Final: A,   EL 3810  Eng Lit II:Romantics - Present  : Midterm: B | Final: B+,  EL 4510  Modern Drama & Theatre    : Midterm: B+ | Final: B+, VA3100 Visual Culture    : Midterm: A | Final: A,fall 2019, EL 3560  Literatures of Europe:Part I   : Midterm: A | Final: A, EL 3950  Creative Non-Fiction: Midterm: B | Final: B+,   EL 4325 Shakespeare: Selected Plays   : Midterm: C+ | Final: C+,  EL 4402 Sin & Sexuality in Literature   : Midterm: A | Final: A,606b5915962b7170e065a28f,Full Time,700495336,Marilyn Mordecai,bxpnkkCONg,8/11/1996,0 Iowa Junction,spring 2020,  EL 3561 Literatures of Europe:Part II  : Midterm: A | Final: B,   EL 4312 Greek Mythology  : Midterm: B | Final: B-+,     EL 4500 Topics in British/US Lit : Midterm: C+ | Final: B+,  SY 5990  Senior Seminar   : Midterm: A | Final: A,,0
rbaignard93@cnet.com,Childhood Education (1-6),,,,,,,,,,,,,,,,,,,,,,,,,,,,,,,,,,,,,,,,,,,,,Undergraduate - Freshman,fall 2020, ED3700 Child Development for Teachers : Midterm: A | Final: A,  EL 1000 English Comp I: Exposition   : Midterm: B | Final: B+,   HI 2681 Intro to Europe Hist:1350-Present   : Midterm: B+ | Final: B+, AS 2112 American People I    : Midterm: A | Final: A,,,,,,,,,,,,,,,,,,,,,,,,,,,,,,,606b5915962b7170e065a290,Part Time,700171072,Roby Baignard,JOFAMEJ16L,12/19/1997,812 Eggendart Drive,,,,,,,0
asavile95@php.net,Visual Arts: Electronic Media,,,,,,,,,,,,,,,,,,,,,,,,,,,,,,,,,,,,,,,,,,,,,Undergraduate - Sophomore,,,,,,,,,,,,,,,,,,,,,,,,,,,,,,,,,,,,606b5915962b7170e065a291,Full Time,700968442,Aleda Savile,O80WSyNSSSct,6/7/1995,7 Westerfield Park,,,,,,,0
adcruze94@bigcartel.com,Health and Society,,,,,,,,,,,,,,,,,,,,,,,,,,,,,,,,,,,,,,,,,,,,,Undergraduate - Senior,fall 2017, BS 2100 Biology for Non-Science Majors : Midterm: A | Final: A,  EL 1000 English Comp I: Exposition   : Midterm: B | Final: B+,   HI 2681 Intro to Europe Hist:1350-Present   : Midterm: A | Final: A, AS 2112 American People I    : Midterm: A | Final: A,spring 2018,BS 2300  Anatomy&Physiology I Lecture : Midterm: A | Final: A,   EL 2239 Horror Literature  : Midterm: B | Final: B+, AS 2122 American People II     : Midterm: A | Final: A, VA2010 Intro. to Creative Thinking    : Midterm: A | Final: A,fall 2018,  BS 2310  Anatomy&Physiology II Lecture : Midterm: A | Final: A,BS 2410  Basic Bio Sciences II : Midterm: B | Final: B+,   EL 3600 US Literature I   : Midterm: B+ | Final: B+,  VA2020 Basic Design   : Midterm: A | Final: A,spring 2019,  PH 3600  Social Determinants of Health : Midterm: A | Final: A,  PH 3610 Intro.-U.S.Health Care System: Midterm: B | Final: B+,   VA2030 Drawing   : Midterm: B+ | Final: B+,  VA2045 Introduction to Color   : Midterm: A | Final: A,fall  2019, PH 4670 Biostatistics : Midterm: A | Final: A,    PH 4800 Epidemiology : Midterm: B | Final: B+,  VA2500 Art History I: 19th Century Art    : Midterm: B+ | Final: B+,  VA3400 Digital Imaging   : Midterm: A | Final: A,spring 2020,  PH 4900 Community Health Field Placmt : Midterm: A | Final: A,   PH 4450 Human Sexuality : Midterm: B | Final: B+,   PH 3700  Medical Anthropology : Midterm: B+ | Final: B+,  PH 4600  Health Program Planning & Eval  : Midterm: A | Final: A,fall 2020, PH 4610 Women's Health : Midterm: A | Final: A,  PY2340 Community Psychology: Midterm: B | Final: B+, PH 4631  Mental Health    : Midterm: B+ | Final: B+,  PH 4661  Health Education  : Midterm: A | Final: A,606b5915962b7170e065a292,Full Time,700368942,Aubrie D'Cruze,ME06boK,10/27/1996,03 Ruskin Place,,,,,,,0
ncollishaw92@mapquest.com,English,,,,,,,,,,,,,,,,,,,,,,,,,,,,,,,,,,,,,,,,,,,,,Graduate,fall 2016,   EL 1000 English Comp I: Exposition : Midterm: A | Final: A,  HI 2681 Intro to Europe Hist:1350-Present   : Midterm: B | Final: B+,   VA2020 Basic Design   : Midterm: B+ | Final: B+,  VA2030 Drawing   : Midterm: A | Final: A,spring 2017, EL 2239 Horror Literature   : Midterm: A | Final: A,  AS 2112 American People I   : Midterm: B | Final: B+,    VA2045 Introduction to Color  : Midterm: B+ | Final: B+,    VA2500 Art History I: 19th Century Art : Midterm: A | Final: A,fall 2017, EL 3010  Structure & Grammar of English   : Midterm: A | Final: A,  EL 3500  Lit Across Cultures I:Analysis   : Midterm: B | Final: B+,   AS 2122 American People II   : Midterm: B+ | Final: B+,  VA3200 Art Tutorials I   : Midterm: A | Final: A,spring 2018,  EL 3510  Lit Across Cultures II:Theory  : Midterm: A | Final: A,   EL 3600 US Literature I  : Midterm: B | Final: B+,   VA4200 Art Tutorials II   : Midterm: B+ | Final: B+,   VA2320 Graphic Design I  : Midterm: A | Final: A,fall  2018, EL 4400  Critical Theory   : Midterm: A | Final: A,    EL 3610  US Literature II : Midterm: B | Final: B+, HI 4800  History of India     : Midterm: B+ | Final: B+,  EL 4311 Greek Drama    : Midterm: A | Final: A,spring 2019,  EL 3800 Eng Lit I:Beowulf-18th Century   : Midterm: A | Final: A,   EL 3810  Eng Lit II:Romantics - Present  : Midterm: B | Final: B+,  EL 4510  Modern Drama & Theatre    : Midterm: B+ | Final: B+, VA3100 Visual Culture    : Midterm: A | Final: A,fall 2019, EL 3560  Literatures of Europe:Part I   : Midterm: A | Final: A, EL 3950  Creative Non-Fiction: Midterm: B | Final: B+,   EL 4325 Shakespeare: Selected Plays   : Midterm: A | Final: A,  EL 4402 Sin & Sexuality in Literature   : Midterm: A | Final: A,606b5915962b7170e065a293,Full Time,700731594,Neely Collishaw,tEgThp,8/2/1995,66 Ridge Oak Junction,spring 2020,  EL 3561 Literatures of Europe:Part II  : Midterm: A | Final: B,   EL 4312 Greek Mythology  : Midterm: B | Final: B-+,     EL 4500 Topics in British/US Lit : Midterm: C+ | Final: B+,  SY 5990  Senior Seminar   : Midterm: A | Final: A,,0
rmcgerr97@goodreads.com,Computer & Information Science,,,,,,,,,,,,,,,,,,,,,,,,,,,,,,,,,,,,,,,,,,,,,Undergraduate - Sophomore,fall 2019,  VA2010 Intro. to Creative Thinking  : Midterm: A | Final: A, CS 2510 Computer Programming I  : Midterm: B | Final: B+,  VA2030 Drawing    : Midterm: A| Final: A,   AS 2112 American People I  : Midterm: A | Final: A,spring 2020, EL 1000 English Comp I: Exposition   : Midterm: A | Final: A,  VA2020 Basic Design   : Midterm: B | Final: B+,   CS 2511 Computer Programming II     : Midterm: A | Final: A,  CS 3620 Computer Architecture I   : Midterm: A | Final: A,fall 2020,  EL 2239 Horror Literature  : Midterm: A | Final: A,  CS 3810  Data Structures & Algorithms : Midterm: B | Final: B+,  HI 2681 Intro to Europe Hist:1350-Present    : Midterm: A | Final: A,  EL 3800 Eng Lit I:Beowulf-18th Century   : Midterm: A | Final: A,,,,,,,,,,,,,,,,,,,,,606b5915962b7170e065a294,Full Time,700108702,Rikki McGerr,AP7hzi42Kn4T,6/13/1995,995 Shoshone Plaza,,,,,,,0
kreay98@sbwire.com,Adolescence Education: Chemistry (7-12),,,,,,,,,,,,,,,,,,,,,,,,,,,,,,,,,,,,,,,,,,,,,Undergraduate - Freshman,fall 2020, CP 4510 Biochemistry I : Midterm: A | Final: A,   CP 2120 Principles of Chemistry I  : Midterm: A | Final: A,   CP 2121 Principles of Chemistry Lab I   : Midterm: A | Final: A,  CP 4520 Biochemistry Lab   : Midterm: A | Final: A,,,,,,,,,,,,,,,,,,,,,,,,,,,,,,,606b5915962b7170e065a295,Part Time,700615771,Kikelia Reay,wrM7KrF,5/22/1995,04 Columbus Street,,,,,,,0
sfennelow96@feedburner.com,Media and Communications,,,,,,,,,,,,,,,,,,,,,,,,,,,,,,,,,,,,,,,,,,,,,Graduate,fall 2016, AS2020 New Media CE    : Midterm: A | Final: A,  EL 1000 English Comp I: Exposition   : Midterm: B | Final: B+,  VA2320 Graphic Design I    : Midterm: A| Final: A,   HI 3110 Latin American Culture  : Midterm: A | Final: A,spring 2017,  AS2652 Media Studies  : Midterm: A | Final: A,    AS2700 The Engaged Eye : Midterm: B | Final: A,   EL 2239 Horror Literature   : Midterm: A | Final: A,   HI 4632 Japanese History Through Literature  : Midterm: A | Final: A,fall 2017,  AS3310 From Citizen to Consumer  : Midterm: A | Final: A,   AS3632 History of U.S. Film  : Midterm: B | Final: B+,   EL 3800 Eng Lit I:Beowulf-18th Century   : Midterm: A | Final: A, HI 4800  History of India    : Midterm: A | Final: A,spring 2018,  AS3712 American Film Genres  : Midterm: A | Final: A,    AS3722 History of Mass Media : Midterm: B | Final: B+,  AS3732 Politics of Media    : Midterm: B+ | Final: B+,    VA2010 Intro. to Creative Thinking : Midterm: A | Final: A,fall  2018,  AS3735 Documentary Media Studies  : Midterm: A | Final: A,  AS3742 Myths and Images in Film   : Midterm: B | Final: B+,  AS3745 Feminine and Masculine in Film    : Midterm: A| Final: A,   VA3200 Art Tutorials I  : Midterm: A | Final: A,spring 2019,  AS3810 Music and Media  : Midterm: A | Final: A,  AS3830 Public Relations and Society   : Midterm: A | Final: A, AS3842 African-Americans and the Mass Media      : Midterm: A | Final: A,   VA4200 Art Tutorials II  : Midterm: A | Final: A,fall 2019,  AS3852 Women and the Media  : Midterm: A | Final: A,  AS4160 Special Topics in Media Studies   : Midterm: A | Final: B+,  VA5200 Art Tutorials III : Midterm: A | Final: A,  VA2500 Art History I: 19th Century Art   : Midterm: A | Final: A,606b5915962b7170e065a296,Full Time,700908422,Shell Fennelow,NbgOrvTpETF,5/27/1996,186 Jackson Lane,spring 2020,  AS4280 Global Media  : Midterm: A | Final: A,   AS4722 Film: Ideas and Aesthetics  : Midterm: A | Final: A, AS4725 The Photograph and American Culture         : Midterm: A | Final: A,  AS4732 Political Film   : Midterm: A | Final: A,,0
mwilden99@paginegialle.it,Special Education and Childhood Education (1-6),,,,,,,,,,,,,,,,,,,,,,,,,,,,,,,,,,,,,,,,,,,,,Undergraduate - Sophomore,fall 2019,  ED3700 Child Development  I: Midterm: B | Final: B,   EL 1000 English Comp I: Exposition  : Midterm: A | Final: B+,   AS 2112 American People I   : Midterm: A | Final: A,  VA3200 Art Tutorials I   : Midterm: A | Final: A,spring 2020,   ED4121 Methods and Materials for Teaching Elementary Science Majors : Midterm: A | Final: A,   EL 2239 Horror Literature  : Midterm: B | Final: B+, VA2030 Drawing   : Midterm: B | Final: B, VA2010 Intro. to Creative Thinking    : Midterm: A | Final: A,fall 2020,  ED4122 Methods and Materials for Teaching Elementary Math Methods : Midterm: A | Final: A,  ED4850 Instructional Design & Delivery for Students with Disabilities : Midterm: B | Final: B+,   EL 3600 US Literature I   : Midterm: B+ | Final: B+,  VA2020 Basic Design   : Midterm: A | Final: A,,,,,,,,,,,,,,,,,,,,,606b5915962b7170e065a297,Full Time,700216017,Martica Wilden,DKRIF7hR,4/18/1996,59858 Northview Way,,,,,,,0
mkopelman8s@1und1.de,Visual Arts: Electronic Media,,,,,,,,,,,,,,,,,,,,,,,,,,,,,,,,,,,,,,,,,,,,,Undergraduate - Freshman,fall 2020,  VA2010 Intro. to Creative Thinking  : Midterm: A | Final: A,  VA2020 Basic Design   : Midterm: B | Final: B+,  VA2030 Drawing    : Midterm: A | Final: A,   AS 2112 American People I  : Midterm: A | Final: A,,,,,,,,,,,,,,,,,,,,,,,,,,,,,,,606b5915962b7170e065a298,Full Time,700475086,Mayor Kopelman,Le4QI0Tt,1/5/1997,096 Towne Center,,,,,,,0
egreetham9a@fastcompany.com,English,,,,,,,,,,,,,,,,,,,,,,,,,,,,,,,,,,,,,,,,,,,,,Graduate,fall 2016,   EL 1000 English Comp I: Exposition : Midterm: A | Final: A,  HI 2681 Intro to Europe Hist:1350-Present   : Midterm: B | Final: B+,   VA2020 Basic Design   : Midterm: A | Final: A,  VA2030 Drawing   : Midterm: A | Final: A,spring 2017, EL 2239 Horror Literature   : Midterm: A | Final: A,  AS 2112 American People I   : Midterm: B | Final: B+,    VA2045 Introduction to Color  : Midterm: B+ | Final: B+,    VA2500 Art History I: 19th Century Art : Midterm: A | Final: A,fall 2017, EL 3010  Structure & Grammar of English   : Midterm: A | Final: A,  EL 3500  Lit Across Cultures I:Analysis   : Midterm: B | Final: B+,   AS 2122 American People II   : Midterm: B+ | Final: B+,  VA3200 Art Tutorials I   : Midterm: A | Final: A,spring 2018,  EL 3510  Lit Across Cultures II:Theory  : Midterm: A | Final: A,   EL 3600 US Literature I  : Midterm: B | Final: B+,   VA4200 Art Tutorials II   : Midterm: B+ | Final: B+,   VA2320 Graphic Design I  : Midterm: A | Final: A,fall  2018, EL 4400  Critical Theory   : Midterm: A | Final: A,    EL 3610  US Literature II : Midterm: B | Final: B+, HI 4800  History of India     : Midterm: B+ | Final: B+,  EL 4311 Greek Drama    : Midterm: A | Final: A,spring 2019,  EL 3800 Eng Lit I:Beowulf-18th Century   : Midterm: A | Final: A,   EL 3810  Eng Lit II:Romantics - Present  : Midterm: B | Final: B+,  EL 4510  Modern Drama & Theatre    : Midterm: B+ | Final: B+, VA3100 Visual Culture    : Midterm: A | Final: A,fall 2019, EL 3560  Literatures of Europe:Part I   : Midterm: A | Final: A, EL 3950  Creative Non-Fiction: Midterm: B | Final: B+,   EL 4325 Shakespeare: Selected Plays   : Midterm: C+ | Final: C+,  EL 4402 Sin & Sexuality in Literature   : Midterm: A | Final: A,606b5915962b7170e065a299,Full Time,700048471,Eudora Greetham,aKbvaW,4/11/1995,585 Lakeland Avenue,spring 2020,  EL 3561 Literatures of Europe:Part II  : Midterm: A | Final: B,   EL 4312 Greek Mythology  : Midterm: B | Final: B-+,     EL 4500 Topics in British/US Lit : Midterm: A | Final: B+,  SY 5990  Senior Seminar   : Midterm: A | Final: A,,0
lduggen9e@chronoengine.com,Criminology,,,,,,,,,,,,,,,,,,,,,,,,,,,,,,,,,,,,,,,,,,,,,Undergraduate - Junior,fall 2018, SY 1500  Intro Sociology: Midterm: A | Final: A,  EL 1000 English Comp I: Exposition   : Midterm: A | Final: A,   HI 2681 Intro to Europe Hist:1350-Present   : Midterm: A | Final: A, AS 2112 American People I    : Midterm: A | Final: A,spring 2019,   CR 1500 Intro to Criminology : Midterm: A | Final: A,   EL 2239 Horror Literature  : Midterm: B | Final: B+, AS 2122 American People II     : Midterm: A | Final: A, VA2010 Intro. to Creative Thinking    : Midterm: A | Final: A,fall 2019,  CR 2090  Juvenile Delinquency : Midterm: A | Final: A,  CR 3092 Victimology : Midterm: B | Final: B+,   EL 3600 US Literature I   : Midterm: B+ | Final: B+,  VA2020 Basic Design   : Midterm: A | Final: A,spring 2020,  CR 3093  Criminal Justice Admin : Midterm: A | Final: A,  CR 3094 Drugs and Society   : Midterm: B | Final: B+,   VA2030 Drawing   : Midterm: B+ | Final: B+,  VA2045 Introduction to Color   : Midterm: A | Final: A,fall  2020, CR 3117  Policing Bodies : Midterm: A | Final: A,    CR 3200  Crime : Midterm: B | Final: B+,  VA2500 Art History I: 19th Century Art    : Midterm: B+ | Final: B+,  VA3400 Digital Imaging   : Midterm: A | Final: A,,,,,,,,,,,606b5915962b7170e065a29a,Full Time,700261259,Lynnett Duggen,W6T5oej8R2PM,1/14/1995,29 Sauthoff Terrace,,,,,,,0
rlyddyard9f@youku.com,English,,,,,,,,,,,,,,,,,,,,,,,,,,,,,,,,,,,,,,,,,,,,,Undergraduate - Junior,fall 2018,   EL 1000 English Comp I: Exposition : Midterm: A | Final: A,  HI 2681 Intro to Europe Hist:1350-Present   : Midterm: A | Final: A,   VA2020 Basic Design   : Midterm: A | Final: A,  VA2030 Drawing   : Midterm: A | Final: A,spring 2019, EL 2239 Horror Literature   : Midterm: A | Final: A,  AS 2112 American People I   : Midterm: B | Final: B+,    VA2045 Introduction to Color  : Midterm: B+ | Final: B+,    VA2500 Art History I: 19th Century Art : Midterm: A | Final: A,fall 2019, EL 3010  Structure & Grammar of English   : Midterm: A | Final: A,  EL 3500  Lit Across Cultures I:Analysis   : Midterm: B | Final: B+,   AS 2122 American People II   : Midterm: B+ | Final: B+,  VA3200 Art Tutorials I   : Midterm: A | Final: A,spring 2020,  EL 3510  Lit Across Cultures II:Theory  : Midterm: A | Final: A,   EL 3600 US Literature I  : Midterm: A | Final: A,   VA4200 Art Tutorials II   : Midterm: B+ | Final: B+,   VA2320 Graphic Design I  : Midterm: A | Final: A,fall  2020, EL 4400  Critical Theory   : Midterm: A | Final: A,    EL 3610  US Literature II : Midterm: A | Final: A, HI 4800  History of India     : Midterm: B+ | Final: B+,  EL 4311 Greek Drama    : Midterm: A | Final: A,,,,,,,,,,,606b5915962b7170e065a29b,Full Time,700854840,Rey Lyddyard,e0rBbp,6/26/1996,67872 Eagan Way,,,,,,,0
mgarwill9c@deliciousdays.com,Accounting,,,,,,,,,,,,,,,,,,,,,,,,,,,,,,,,,,,,,,,,,,,,,Undergraduate - Senior,fall 2017, BU 3502Principles of Accounting I: Midterm: A | Final: A,  EL 1000 English Comp I: Exposition   : Midterm: B | Final: B+,   HI 2681 Intro to Europe Hist:1350-Present   : Midterm: B | Final: B, AS 2112 American People I    : Midterm: A | Final: A,spring 2018,   BU 3511Principles of Accounting II : Midterm: A | Final: A,   EL 2239 Horror Literature  : Midterm: B | Final: B+, AS 2122 American People II     : Midterm: A | Final: A, VA2010 Intro. to Creative Thinking    : Midterm: A | Final: A,fall 2018,  BU 4500 Intermediate Accounting I  : Midterm: A | Final: A,  MA 2300 Calculus for Business & Economics : Midterm: B | Final: B+,   EL 3600 US Literature I   : Midterm: B+ | Final: B+,  VA2020 Basic Design   : Midterm: A | Final: A,spring 2019,BU 4510   Intermediate Accounting II : Midterm: A | Final: A,  BU 4570 Federal Income Tax I   : Midterm: B | Final: B+,   VA2030 Drawing   : Midterm: B+ | Final: B+,  VA2045 Introduction to Color   : Midterm: A | Final: A,fall  2019, BU 4590 Cost Accounting : Midterm: A | Final: A,    BU 5505 Essentials-Gov't&Non-ProfAcctg : Midterm: B | Final: B+,  VA2500 Art History I: 19th Century Art    : Midterm: B+ | Final: B+,  VA3400 Digital Imaging   : Midterm: A | Final: A,spring 2020,  BU 5525 International Accounting: Midterm: A | Final: A,   BU 5540 Advanced Accounting : Midterm: B | Final: B+,   BU 5550 Auditing   : Midterm: B+ | Final: B+,  BU 5520 Financial Accounting Research   : Midterm: A | Final: A,fall 2020, BU 3600  Principles of Business Law : Midterm: A | Final: A,  BU 3605 Intermediate Business Law : Midterm: B | Final: B+, BU 3610 Advanced Business Law    : Midterm: B+ | Final: B+,  BU 3800 Marketing Principles    : Midterm: A | Final: A,606b5915962b7170e065a29c,Full Time,700469207,Melli Garwill,4pyUBZs6,5/7/1998,70858 Onsgard Pass,,,,,,,0
gerdis9h@nih.gov,Visual Arts: Electronic Media,,,,,,,,,,,,,,,,,,,,,,,,,,,,,,,,,,,,,,,,,,,,,Undergraduate - Freshman,fall 2016,   EL 1000 English Comp I: Exposition : Midterm: A | Final: A,   HI 3080   Asian Cultures  : Midterm: B | Final: C+,   MA2310 Calculus and Analytic Geometry I   : Midterm: B+ | Final: B+,  VA2010 Intro. to Creative Thinking  : Midterm: A | Final: A,,,,,,,,,,,,,,,,,,,,,,,,,,,,,,,606b5915962b7170e065a29d,Full Time,700225477,Geoff Erdis,aCs34C,5/15/1997,19608 Lake View Way,,,,,,,0
bpinkett9i@moonfruit.com,Mathematics,,,,,,,,,,,,,,,,,,,,,,,,,,,,,,,,,,,,,,,,,,,,,Undergraduate - Freshman,fall 2016,   EL 1000 English Comp I: Exposition : Midterm: A | Final: A,   HI 3080   Asian Cultures  : Midterm: A | Final: A,,,,,,,,,,,,,,,,,,,,,,,,,,,,,,,,,606b5915962b7170e065a29e,Part Time,700544328,Britt Pinkett,WslHbw,8/2/1998,39154 Hoard Parkway,,,,,,,0
lcrummy9g@unesco.org,Adolescence Education: Mathematics (7-12),,,,,,,,,,,,,,,,,,,,,,,,,,,,,,,,,,,,,,,,,,,,,Undergraduate - Senior,fall 2017, MA2310 Calculus and Analytic Geometry I: Midterm: A | Final: A,  EL 1000 English Comp I: Exposition   : Midterm: B | Final: B+,   HI 2681 Intro to Europe Hist:1350-Present   : Midterm: A | Final: A, AS 2112 American People I    : Midterm: A | Final: A,spring 2018,   MA2320 Calculus and Analytic Geometry II: Midterm: A | Final: A,   EL 2239 Horror Literature  : Midterm: B | Final: B, AS 2122 American People II     : Midterm: A | Final: A, VA2010 Intro. to Creative Thinking    : Midterm: A | Final: A,fall 2018,  MA3030 Discrete Mathematics: Midterm: A | Final: A,  MA3160 Linear Algebra: Midterm: B | Final: B+,   EL 3600 US Literature I   : Midterm: B+ | Final: B+,  VA2020 Basic Design   : Midterm: A | Final: A,spring 2019, MA3210 Intro. To Probability & Statistics: Midterm: A | Final: A, MA3330 Calculus and Analytic Geometry III  : Midterm: B | Final: B+,   VA2030 Drawing   : Midterm: B+ | Final: C,  VA2045 Introduction to Color   : Midterm: A | Final: A,fall  2019, MA3520 Transition to Advanced Mathematics: Midterm: A | Final: A,    MA4360 Differential Equations : Midterm: B | Final: B+,  VA2500 Art History I: 19th Century Art    : Midterm: B+ | Final: B+,  VA3400 Digital Imaging   : Midterm: A | Final: A,spring 2020,  MA5120 Abstract Algebra I : Midterm: A | Final: B,   MA5320 Advanced Calculus I: Midterm: B+ | Final: B+,   CS2510 Computer Programming I : Midterm: B+ | Final: B+,  MA4100 Number Theory  : Midterm: A | Final: A,fall 2020, MA4200 Probability : Midterm: A | Final: A,  MA4510 Geometry: Midterm: B | Final: B+, MA4910 Operations Research I   : Midterm: B+ | Final: B+,  MA5230 Mathematical Statistics : Midterm: A | Final: A,606b5915962b7170e065a29f,Full Time,700277662,Lian Crummy,gcI1TYjN,11/6/1998,30134 Melby Plaza,,,,,,,0
zrooson9k@squidoo.com,Mathematics,,,,,,,,,,,,,,,,,,,,,,,,,,,,,,,,,,,,,,,,,,,,,Undergraduate - Sophomore,fall 2019,   EL 1000 English Comp I: Exposition : Midterm: A | Final: A,   HI 3080   Asian Cultures  : Midterm: B | Final: B+,   MA2310 Calculus and Analytic Geometry I   : Midterm: B+ | Final: B+,  VA2010 Intro. to Creative Thinking  : Midterm: A | Final: A,spring 2020, EL 2239 Horror Literature    : Midterm: A | Final: A,  HI 3110 Latin American Culture   : Midterm: B | Final: B+,   MA2320 Calculus and Analytic Geometry II   : Midterm: B+ | Final: B+,  VA2020 Basic Design   : Midterm: A | Final: A,fall 2020, EL 3560  Literatures of Europe:Part I   : Midterm: A | Final: A,  HI 3835 Islamic Cultures    : Midterm: B | Final: B+,  MA3160 Linear Algebra    : Midterm: B+ | Final: B+,   MA3210 Intro. To Probability & Statistics  : Midterm: A | Final: A,,,,,,,,,,,,,,,,,,,,,606b5915962b7170e065a2a0,Full Time,700364200,Zaneta Rooson,rFmJOwSplQu,3/13/1997,929 6th Junction,,,,,,,0
pleeke9j@cafepress.com,Biochemistry,,,,,,,,,,,,,,,,,,,,,,,,,,,,,,,,,,,,,,,,,,,,,Undergraduate - Senior,fall 2018,  VA2010 Intro. to Creative Thinking  : Midterm: A | Final: A, CP 2120 Principles of Chemistry I: Midterm: B | Final: B+,  VA2030 Drawing    : Midterm: A | Final: A,  CP 2121 Principles of Chemistry Lab I: Midterm: A | Final: A,spring 2019, EL 1000 English Comp I: Exposition   : Midterm: A | Final: A,  VA2020 Basic Design   : Midterm: B | Final: B+,   CP 2130 Principles of Chemistry II  : Midterm: B+ | Final: B+, CP 2131 Principles Chemistry Lab II: Midterm: A | Final: A,fall 2019,  EL 2239 Horror Literature  : Midterm: A | Final: A,  AS 2112 American People I  : Midterm: B | Final: B+,  CP 3302 Organic Chemistry Lab I    : Midterm: B+ | Final: B+,  CP 3300 Organic Chemistry I   : Midterm: A | Final: A,spring 2020,  CP 3310 Organic Chemistry II: Midterm: A | Final: A,  CP 3312 Organic Chemistry Lab II : Midterm: B | Final: B+,   VA2030 Drawing   : Midterm: B+ | Final: B+,  VA2045 Introduction to Color   : Midterm: A | Final: A,fall  2020, CP 3400 Analytical Chemistry-Lect/Lab : Midterm: A | Final: A,    CP 4700 Physical Chemistry I : Midterm: B | Final: B+,  VA2500 Art History I: 19th Century Art    : Midterm: B+ | Final: B+,  VA3400 Digital Imaging   : Midterm: A | Final: A,spring 2019,  CP 4510 Biochemistry I : Midterm: A | Final: A,   CP 4520 Biochemistry Lab : Midterm: B | Final: B+,   BS 2400 Basic Bio Sciences I : Midterm: B+ | Final: B+,  BS 4400 Cell Biology : Midterm: A | Final: A,fall 2019, CP 4515 Biochemistry II : Midterm: A | Final: A,  BS 2410 Basic Bio Sciences II : Midterm: B | Final: B+, BS 4460 Genetics : Midterm: B+ | Final: B+,  BS 4560 Molecular Biology : Midterm: A | Final: A,606b5915962b7170e065a2a1,Part Time,700272381,Philomena Leeke,zadtLs,5/21/1996,632 Cascade Court,,,,,,,0
jabdee9l@dion.ne.jp,Spanish Language,,,,,,,,,,,,,,,,,,,,,,,,,,,,,,,,,,,,,,,,,,,,,Undergraduate - Sophomore,fall 2019, ML2100 Intermediate Spanish Conversation I: Midterm: A | Final: A,  EL 1000 English Comp I: Exposition   : Midterm: B | Final: B+,   HI 2681 Intro to Europe Hist:1350-Present   : Midterm: B+ | Final: B+, AS 2112 American People I    : Midterm: A | Final: A,spring 2020,   ML2110 Intermediate Spanish Conversation II: Midterm: A | Final: A,   EL 2239 Horror Literature  : Midterm: B | Final: B+, AS 2122 American People II     : Midterm: B+ | Final: B+, VA2010 Intro. to Creative Thinking    : Midterm: A | Final: A,fall 2020,  ML3100 Advanced Spanish Conversation and Composition : Midterm: A | Final: A,  ML3362 Advanced Spanish Grammar and Composition: Midterm: B | Final: B+,   EL 3600 US Literature I   : Midterm: B+ | Final: B+,  VA2020 Basic Design   : Midterm: A | Final: A,,,,,,,,,,,,,,,,,,,,,606b5915962b7170e065a2a2,Part Time,700372650,Jobina Abdee,wjcVI0wRZs,9/18/1997,42606 Bobwhite Parkway,,,,,,,0
dgilluley9m@umn.edu,Accounting,,,,,,,,,,,,,,,,,,,,,,,,,,,,,,,,,,,,,,,,,,,,,Undergraduate - Freshman,fall 2020,  BU 4500 Intermediate Accounting I  : Midterm: A | Final: A,  EL 1000 English Comp I: Exposition   : Midterm: A | Final:A,   MA 2300 Calculus for Business & Economics   : Midterm: A | Final: A,  HI 2681 Intro to Europe Hist:1350-Present   : Midterm: A | Final: A,,,,,,,,,,,,,,,,,,,,,,,,,,,,,,,606b5915962b7170e065a2a3,Full Time,700174249,Dode Gilluley,LQy6Ja,1/10/1998,1263 Havey Point,,,,,,,0
iriccardo9b@slashdot.org,English,,,,,,,,,,,,,,,,,,,,,,,,,,,,,,,,,,,,,,,,,,,,,Undergraduate - Freshman,fall 2017,   EL 1000 English Comp I: Exposition : Midterm: A | Final: A,  HI 2681 Intro to Europe Hist:1350-Present   : Midterm: B | Final: B+,   VA2020 Basic Design   : Midterm: B+ | Final: B+,  VA2030 Drawing   : Midterm: A | Final: A,,,,,,,,,,,,,,,,,,,,,,,,,,,,,,,606b5915962b7170e065a2a4,Full Time,700104845,Irving Riccardo,VbD7uksi,3/5/1995,6 Mallard Junction,,,,,,,0
ldursley9d@flickr.com,Management Information Systems,,,,,,,,,,,,,,,,,,,,,,,,,,,,,,,,,,,,,,,,,,,,,Undergraduate - Senior,fall 2017,CS 2510 Computer Programming I : Midterm: A | Final: A,EL 1000 English Comp I: Exposition: Midterm: B | Final: B+, MA2000 Applied Statistics : Midterm: A | Final: A, VA2010 Intro. to Creative Thinking : Midterm: A | Final: A,spring 2018,CS 2511 Computer Programming II: Midterm: B | Final: B-,EL 2239 Horror Literature: Midterm: A | Final: A-, HI 2681 Intro to Europe Hist:1350-Present: Midterm: A | Final: A, CS 3611 Advanced C#: Midterm: A | Final: A,fall 2018, BU 3800 Marketing: Principles&Concepts: Midterm: A | Final: A, CS 3620 Computer Architecture I: Midterm: B | Final: B-, CS 3810  Data Structures & Algorithms: Midterm: A | Final: B+, VA2030 Drawing: Midterm: A | Final: A,spring 2019, EL 3010  Structure & Grammar of English : Midterm: A | Final: A,   VA2500 Art History I: 19th Century Art  : Midterm: B | Final: C+,    CS 3911 C++in Object Oriented Design  : Midterm: A | Final: A,  CS 4100 Technical Communications   : Midterm: A | Final: A,fall  2019,   VA3100 Visual Culture : Midterm: A | Final: A,   AS 2112 American People I  : Midterm: B | Final: B+,   CS 4501 Software Engineering   : Midterm: A+ | Final: A,   CS 4550 Database Management Systems  : Midterm: A | Final: A,spring 2020,   AS 2122 American People II : Midterm: A | Final: A,   VA3400 Digital Imaging  : Midterm: B | Final: B+,    CS 4720 Internet & Web Tech  : Midterm: b+ | Final: B+,     : Midterm: A | Final: A,fall 2020,  VA2320 Graphic Design I  : Midterm: A | Final: A,  HI 3091 African Cultures   : Midterm: B | Final: B+,     CS 5710 Computer Networks : Midterm: A | Final: A,  BU4110 Organizational Behavior & Management   : Midterm: A | Final: A,606b5915962b7170e065a2a5,Full Time,700013954,Latrina Dursley,LfOCmISuka,10/7/1998,05 Aberg Center,,,,,,,0
dstonehouse9p@privacy.gov.au,Criminology,,,,,,,,,,,,,,,,,,,,,,,,,,,,,,,,,,,,,,,,,,,,,Undergraduate - Freshman,fall 2020, SY 1500  Intro Sociology: Midterm: A | Final: A,  EL 1000 English Comp I: Exposition   : Midterm: B | Final: B+,   HI 2681 Intro to Europe Hist:1350-Present   : Midterm: A | Final: A, AS 2112 American People I    : Midterm: A | Final: A,,,,,,,,,,,,,,,,,,,,,,,,,,,,,,,606b5915962b7170e065a2a6,Part Time,700788577,Dania Stonehouse,rUO09EXks8,10/23/1997,48190 Sloan Parkway,,,,,,,0
sbraidman9n@csmonitor.com,Media and Communications,,,,,,,,,,,,,,,,,,,,,,,,,,,,,,,,,,,,,,,,,,,,,Graduate,fall 2016, AS2020 New Media CE    : Midterm: A | Final: A,  EL 1000 English Comp I: Exposition   : Midterm: B | Final: B+,  VA2320 Graphic Design I    : Midterm: A| Final: A,   HI 3110 Latin American Culture  : Midterm: A | Final: A,spring 2017,  AS2652 Media Studies  : Midterm: A | Final: A,    AS2700 The Engaged Eye : Midterm: B | Final: A,   EL 2239 Horror Literature   : Midterm: A | Final: A,   HI 4632 Japanese History Through Literature  : Midterm: A | Final: A,fall 2017,  AS3310 From Citizen to Consumer  : Midterm: A | Final: A,   AS3632 History of U.S. Film  : Midterm: B | Final: B+,   EL 3800 Eng Lit I:Beowulf-18th Century   : Midterm: C+ | Final: C+, HI 4800  History of India    : Midterm: A | Final: A,spring 2018,  AS3712 American Film Genres  : Midterm: A | Final: A,    AS3722 History of Mass Media : Midterm: B | Final: B+,  AS3732 Politics of Media    : Midterm: B+ | Final: B+,    VA2010 Intro. to Creative Thinking : Midterm: A | Final: A,fall  2018,  AS3735 Documentary Media Studies  : Midterm: A | Final: A,  AS3742 Myths and Images in Film   : Midterm: B | Final: B+,  AS3745 Feminine and Masculine in Film    : Midterm: A| Final: A,   VA3200 Art Tutorials I  : Midterm: A | Final: A,spring 2019,  AS3810 Music and Media  : Midterm: A | Final: A,  AS3830 Public Relations and Society   : Midterm: A | Final: A, AS3842 African-Americans and the Mass Media      : Midterm: A | Final: A,   VA4200 Art Tutorials II  : Midterm: A | Final: A,fall 2019,  AS3852 Women and the Media  : Midterm: A | Final: A,  AS4160 Special Topics in Media Studies   : Midterm: A | Final: B+,  VA5200 Art Tutorials III : Midterm: A | Final: A,  VA2500 Art History I: 19th Century Art   : Midterm: A | Final: A,606b5915962b7170e065a2a7,Full Time,700757609,Sheryl Braidman,WY6itCPI,5/11/1995,5363 Montana Pass,spring 2020,  AS4280 Global Media  : Midterm: A | Final: A,   AS4722 Film: Ideas and Aesthetics  : Midterm: A | Final: A, AS4725 The Photograph and American Culture         : Midterm: A | Final: A,  AS4732 Political Film   : Midterm: A | Final: A,,0
kkingswood9r@nsw.gov.au,Biological Sciences,,,,,,,,,,,,,,,,,,,,,,,,,,,,,,,,,,,,,,,,,,,,,Undergraduate - Sophomore,fall 2019,  VA2010 Intro. to Creative Thinking  : Midterm: A | Final: A, BS4460 Genetics  : Midterm: B | Final: B+,  VA2030 Drawing    : Midterm: A | Final: A,  BS4400 Cell Biology: Midterm: A | Final: A,spring 2020, EL 1000 English Comp I: Exposition   : Midterm: A | Final: A,  VA2020 Basic Design   : Midterm: B | Final: B+,   : Midterm: B+ | Final: B+, BS4440 Evolution: Midterm: A | Final: A,fall 2020,  EL 2239 Horror Literature  : Midterm: A | Final: A,  AS 2112 American People I  : Midterm: B | Final: B+,  BS2490 Environmental Science  : Midterm: B+ | Final: B,  BS3450 Plant Biology : Midterm: A | Final: B,,,,,,,,,,,,,,,,,,,,,606b5915962b7170e065a2a8,Full Time,700180789,Keir Kingswood,b2Hm24u,8/22/1998,9558 Anniversary Place,,,,,,,0
chavis9t@imdb.com,Politics & Economics & Law,,,,,,,,,,,,,,,,,,,,,,,,,,,,,,,,,,,,,,,,,,,,,Undergraduate - Freshman,fall 2020, PE2300 Introduction to Law   : Midterm: A | Final: A,  EL 1000 English Comp I: Exposition   : Midterm: B | Final: B+,   HI 2681 Intro to Europe Hist:1350-Present   : Midterm: B | Final: B, AS 2112 American People I    : Midterm: A | Final: A,,,,,,,,,,,,,,,,,,,,,,,,,,,,,,,606b5915962b7170e065a2a9,Full Time,700257097,Chicky Havis,gZnr5m,2/21/1998,14 Mosinee Court,,,,,,,0
bgookes9s@miitbeian.gov.cn,Sociology,,,,,,,,,,,,,,,,,,,,,,,,,,,,,,,,,,,,,,,,,,,,,Undergraduate - Junior,fall 2018, PE2300 Introduction to Law   : Midterm: A | Final: A,  EL 1000 English Comp I: Exposition   : Midterm: B | Final: B+,   HI 2681 Intro to Europe Hist:1350-Present   : Midterm: B | Final: B, AS 2112 American People I    : Midterm: A | Final: A,spring 2019,   PE2650 Introduction to U.S. Politics : Midterm: A | Final: A,   EL 2239 Horror Literature  : Midterm: B | Final: B+, PE2220 Introduction to Urban Issues      : Midterm: A | Final: A, VA2010 Intro. to Creative Thinking    : Midterm: A | Final: A,fall 2019,  IR2210 Unions and Management: An Introduction  : Midterm: A | Final: A, AS 2122 American People II    : Midterm: B | Final: B+,   EL 3600 US Literature I   : Midterm: A | Final: A,  VA2020 Basic Design   : Midterm: A | Final: A,spring 2020,  PE2400 Introduction to Political Economy  : Midterm: A | Final: A,  PE3100 International Relations   : Midterm: B | Final: B+,   VA2030 Drawing   : Midterm: B | Final: B,  VA3400 Digital Imaging  : Midterm: A | Final: A,fall  2020, PE4320 Jurisprudence: Legal Thought   : Midterm: A | Final: A,    PE4470 History of Economic Thought : Midterm: B | Final: B+,  VA2500 Art History I: 19th Century Art    : Midterm: A | Final: A, VA2045 Introduction to Color   : Midterm: A | Final: A,,,,,,,,,,,606b5915962b7170e065a2aa,Full Time,700047833,Brenden Gookes,mlhhyqefq,7/29/1995,37 Eagan Crossing,,,,,,,0
cparlot9q@meetup.com,Criminology,,,,,,,,,,,,,,,,,,,,,,,,,,,,,,,,,,,,,,,,,,,,,Graduate,fall 2016, SY 1500  Intro Sociology: Midterm: A | Final: A,  EL 1000 English Comp I: Exposition   : Midterm: B | Final: B+,   HI 2681 Intro to Europe Hist:1350-Present   : Midterm: A | Final: A, AS 2112 American People I    : Midterm: A | Final: A,spring 2017,   CR 1500 Intro to Criminology : Midterm: A | Final: A,   EL 2239 Horror Literature  : Midterm: B | Final: B+, AS 2122 American People II     : Midterm: A | Final: A, VA2010 Intro. to Creative Thinking    : Midterm: A | Final: A,fall 2017,  CR 2090  Juvenile Delinquency : Midterm: A | Final: A,  CR 3092 Victimology : Midterm: B | Final: B+,   EL 3600 US Literature I   : Midterm: B+ | Final: B+,  VA2020 Basic Design   : Midterm: A | Final: A,spring 2018,  CR 3093  Criminal Justice Admin : Midterm: A | Final: A,  CR 3094 Drugs and Society   : Midterm: B | Final: B+,   VA2030 Drawing   : Midterm: B+ | Final: B+,  VA2045 Introduction to Color   : Midterm: A | Final: A,fall  2018, CR 3117  Policing Bodies : Midterm: A | Final: A,    CR 3200  Crime : Midterm: B | Final: B+,  VA2500 Art History I: 19th Century Art    : Midterm: B+ | Final: B+,  VA3400 Digital Imaging   : Midterm: A | Final: A,spring 2019,  CR 4000 Gender : Midterm: A | Final: A,   CR 4091 Punishment & Corrections : Midterm: B | Final: B+,   CR 4099 Sociology of Violence : Midterm: B+ | Final: B+,  CR 4999 Issues in Criminology : Midterm: A | Final: A,fall 2019, SY 2600  Social Deviance : Midterm: A | Final: A,  SY 4810 Law & Justice : Midterm: B | Final: B+, SY 4520 Research Methods I  : Midterm: B+ | Final: B+,  SY 4530 Sociological Theory I : Midterm: A | Final: A,606b5915962b7170e065a2ab,Full Time,700233230,Charlean Parlot,FP5DgM,9/1/1995,432 Truax Center,spring 2020, SY 4570 Research Methods II : Midterm: A | Final: A,   CR 4550 Theories of Crime : Midterm: B | Final: B+,   PY2010 Introduction to Psychology : Midterm: B+ | Final: B+, PY3620 Drugs & Behavior : Midterm: A | Final: A,,0
lbinnion9u@google.com.au,Politics & Economics & Law,,,,,,,,,,,,,,,,,,,,,,,,,,,,,,,,,,,,,,,,,,,,,Graduate,fall 2016, PE2300 Introduction to Law   : Midterm: A | Final: A,  EL 1000 English Comp I: Exposition   : Midterm: B | Final: B+,   HI 2681 Intro to Europe Hist:1350-Present   : Midterm: A | Final: B+, AS 2112 American People I    : Midterm: A | Final: A,spring 2017,   PE2650 Introduction to U.S. Politics : Midterm: A | Final: A,   EL 2239 Horror Literature  : Midterm: B | Final: B+, AS 2122 American People II     : Midterm: A | Final: B, VA2010 Intro. to Creative Thinking    : Midterm: A | Final: A,fall 2017,  IR2210 Unions and Management: An Introduction  : Midterm: A | Final: A,  PE2220 Introduction to Urban Issues   : Midterm: B | Final: B+,   EL 3600 US Literature I   : Midterm: C+ | Final: B,  VA2020 Basic Design   : Midterm: A | Final: A,spring 2018,  PE2400 Introduction to Political Economy  : Midterm: A | Final: A,  PE3100 International Relations   : Midterm: B | Final: B+,   VA2030 Drawing   : Midterm: A | Final: A,  VA2045 Introduction to Color   : Midterm: A | Final: A,fall  2018, PE4320 Jurisprudence: Legal Thought   : Midterm: A | Final: A,    PE4470 History of Economic Thought : Midterm: B | Final: B+,  VA2500 Art History I: 19th Century Art    : Midterm: A | Final: A,  VA3400 Digital Imaging   : Midterm: A | Final: A,spring 2019,  PE4620 Political and Social Thought  : Midterm: A | Final: A,   PE4580 Origins of the Capitalist Economy  : Midterm: B | Final: B+,   PE4590 Global Economy in the 20th Century   : Midterm: A | Final: A,  PE 2650 Intro to U.S. Politics   : Midterm: A | Final: A,fall 2019, IR 2210 Unions & Management: An Intro   : Midterm: A | Final: A,  IR 3140 Unions & Public Policy   : Midterm: B | Final: B+, IR 3300 CollectiveBarg & GrievanceProc     : Midterm: C+ | Final: B,  IR 4320 Labor & Employment Law   : Midterm: A | Final: A,606b5915962b7170e065a2ac,Full Time,700714467,Lionel Binnion,E6hYwpQRiJ,11/22/1996,74 Hallows Pass,spring 2020, BU3600 Principles Business Law   : Midterm: A | Final: A,   IR 3415 Labor Economics  : Midterm: B | Final: B+,   IR 3860 Development of the Modern Corp   : Midterm: A | Final: A, BU 5125  Business Ethics    : Midterm: A | Final: A,,0
blippiello9v@godaddy.com,Accounting,,,,,,,,,,,,,,,,,,,,,,,,,,,,,,,,,,,,,,,,,,,,,Undergraduate - Senior,fall 2017, BU 3502Principles of Accounting I: Midterm: A | Final: A,  EL 1000 English Comp I: Exposition   : Midterm: B | Final: B+,   HI 2681 Intro to Europe Hist:1350-Present   : Midterm: A | Final: B, AS 2112 American People I    : Midterm: A | Final: A,spring 2018,   BU 3511Principles of Accounting II : Midterm: A | Final: A,   EL 2239 Horror Literature  : Midterm: B | Final: B+, AS 2122 American People II     : Midterm: A | Final: A, VA2010 Intro. to Creative Thinking    : Midterm: A | Final: A,fall 2018,  BU 4500 Intermediate Accounting I  : Midterm: A | Final: A,  MA 2300 Calculus for Business & Economics : Midterm: B | Final: B+,   EL 3600 US Literature I   : Midterm: B+ | Final: B+,  VA2020 Basic Design   : Midterm: A | Final: A,spring 2019,BU 4510   Intermediate Accounting II : Midterm: A | Final: A,  BU 4570 Federal Income Tax I   : Midterm: B | Final: B+,   VA2030 Drawing   : Midterm: B+ | Final: B+,  VA2045 Introduction to Color   : Midterm: A | Final: A,fall  2019, BU 4590 Cost Accounting : Midterm: A | Final: A,    BU 5505 Essentials-Gov't&Non-ProfAcctg : Midterm: B | Final: B+,  VA2500 Art History I: 19th Century Art    : Midterm: B+ | Final: B+,  VA3400 Digital Imaging   : Midterm: A | Final: A,spring 2020,  BU 5525 International Accounting: Midterm: A | Final: A,   BU 5540 Advanced Accounting : Midterm: B | Final: B+,   BU 5550 Auditing   : Midterm: B+ | Final: B+,  BU 5520 Financial Accounting Research   : Midterm: A | Final: A,fall 2020, BU 3600  Principles of Business Law : Midterm: A | Final: A,  BU 3605 Intermediate Business Law : Midterm: B | Final: B+, BU 3610 Advanced Business Law    : Midterm: B+ | Final: B+,  BU 3800 Marketing Principles    : Midterm: A | Final: A,606b5915962b7170e065a2ad,Full Time,700863664,Blanca Lippiello,RrTBKx,4/10/1995,86345 Orin Trail,,,,,,,0
hbride9o@sbwire.com,Industrial and Labor Relations,,,,,,,,,,,,,,,,,,,,,,,,,,,,,,,,,,,,,,,,,,,,,Undergraduate - Senior,fall 2017, PE 2650 Intro to U.S. Politics : Midterm: A | Final: A,  EL 1000 English Comp I: Exposition   : Midterm: B | Final: B+,   HI 2681 Intro to Europe Hist:1350-Present   : Midterm: B+ | Final: B+, AS 2112 American People I    : Midterm: A | Final: A,spring 2018,   IR 2210 Unions & Management: An Intro : Midterm: A | Final: A,   EL 2239 Horror Literature  : Midterm: B | Final: B+, AS 2122 American People II     : Midterm: B+ | Final: B+, VA2010 Intro. to Creative Thinking    : Midterm: A | Final: A,fall 2018,  IR 3140 Unions & Public Policy : Midterm: A | Final: A,  IR 3300 CollectiveBarg & GrievanceProc : Midterm: B | Final: B+,   EL 3600 US Literature I   : Midterm: B+ | Final: B+,  VA2020 Basic Design   : Midterm: A | Final: A,spring 2019,  IR 4320 Labor & Employment Law: Midterm: A | Final: A,  IR 3330 Women : Midterm: B | Final: B+,   VA2030 Drawing   : Midterm: B+ | Final: B+,  VA2045 Introduction to Color   : Midterm: A | Final: A,fall  2019, IR 3415 Labor Economics: Midterm: A | Final: A,    IR 3860 Development of the Modern Corp : Midterm: B | Final: B+,  VA2500 Art History I: 19th Century Art    : Midterm: B+ | Final: B+,  VA3400 Digital Imaging   : Midterm: A | Final: A,spring 2020,  BU 5125  Business Ethics : Midterm: A | Final: A,   BU 5171  Human Resource management : Midterm: B | Final: B+,   HS 4770  Occupational Health : Midterm: B+ | Final: B+,  IR 3120  History:AmericanLaborRelations : Midterm: A | Final: A,fall 2020, IR 3260  Comparative Labor Relations: Midterm: A | Final: A,  IR 3500 Arbitration & Mediation : Midterm: B | Final: B+, IR 4200  Strategic Research/Organizers : Midterm: B+ | Final: B+,  IR 4600 Topics in Labor Studies : Midterm: A | Final: A,606b5915962b7170e065a2ae,Full  Time,700123106,Heall Bride,fdmDpx6cKLYx,4/23/1995,09032 Sugar Circle,,,,,,,0
fbrusby9w@ibm.com,Special Education and Childhood Education (1-6),,,,,,,,,,,,,,,,,,,,,,,,,,,,,,,,,,,,,,,,,,,,,Undergraduate - Senior,fall 2017,  ED3700 Child Development  I: Midterm: B | Final: B,   EL 1000 English Comp I: Exposition  : Midterm: A | Final: B+,   AS 2112 American People I   : Midterm: A | Final: A,  VA3200 Art Tutorials I   : Midterm: A | Final: A,spring 2018,   ED4121 Methods and Materials for Teaching Elementary Science Majors : Midterm: A | Final: A,   EL 2239 Horror Literature  : Midterm: B | Final: B+, VA2030 Drawing   : Midterm: B | Final: B, VA2010 Intro. to Creative Thinking    : Midterm: A | Final: A,fall 2018,  ED4122 Methods and Materials for Teaching Elementary Math Methods : Midterm: A | Final: A,  ED4850 Instructional Design & Delivery for Students with Disabilities : Midterm: B | Final: B+,   EL 3600 US Literature I   : Midterm: B+ | Final: B+,  VA2020 Basic Design   : Midterm: A | Final: A,spring 2019,  ED4300 Assessment and Evidence-based Decision Making in Special Education : Midterm: A | Final: A,  ED4810 Positive Behavior Supports and Interventions for Students with Disabilities  : Midterm: B | Final: B+,   VA2030 Drawing   : Midterm: B+ | Final: B+,  VA2045 Introduction to Color   : Midterm: A | Final: A,fall  2019, PY3420 Learning & Motivation: Midterm: A | Final: A,    PY3610 Brain & Behavior: Midterm: B | Final: B+,  VA2500 Art History I: 19th Century Art    : Midterm: B+ | Final: B+,  VA3400 Digital Imaging   : Midterm: A | Final: A,spring 2020,  ED4890 Effective Practices for Students with Low Incidence Disabilities : Midterm: A | Final: A,   ED5930 Internship: Meeting the Needs of Diverse Learners: Midterm: B | Final: B+,   ED5960 Student Teaching and Seminar : Midterm: B+ | Final: B+,  SY2400 Sociology Through the Arts : Midterm: A | Final: A,fall 2020, SY2550 Social Problems : Midterm: A | Final: A,  SY2600 Social Deviance : Midterm: B | Final: B+, PY2010 Introduction to Psychology   : Midterm: B+ | Final: B+,  PY3110 Research Methods I: (Orientation) : Midterm: A | Final: A,606b5915962b7170e065a2af,Full Time,700394535,Fancie Brusby,cVlSuR,6/5/1998,77870 Oneill Pass,,,,,,,0
aphilippard9x@phoca.cz,Adolescence Education: Chemistry (7-12),,,,,,,,,,,,,,,,,,,,,,,,,,,,,,,,,,,,,,,,,,,,,Undergraduate - Junior,fall 2018, CP 4510 Biochemistry I : Midterm: A | Final: A,   CP 2120 Principles of Chemistry I  : Midterm: A | Final: A,   CP 2121 Principles of Chemistry Lab I   : Midterm: B | Final: B,  CP 4520 Biochemistry Lab   : Midterm: A | Final: A,spring 2019, CP 4515 Biochemistry II : Midterm: A | Final: A,  CP 2130 Principles of Chemistry II   : Midterm: B | Final: B+,  CP 2131 Principles Chemistry Lab II    : Midterm: A | Final: A,   EL 1000 English Comp I: Exposition  : Midterm: A | Final: A,fall 2019,  CP 3300 Organic Chemistry I  : Midterm: A | Final: A,   CP 3302 Organic Chemistry Lab I  : Midterm: B | Final: B+,  EL 2239 Horror Literature    : Midterm: B | Final: B,   VA2010 Intro. to Creative Thinking  : Midterm: A | Final: A,spring 2020,  CP 3310 Organic Chemistry II  : Midterm: A | Final: B,   CP 3312 Organic Chemistry Lab II  : Midterm: B | Final: B+,   EL 3500  Lit Across Cultures I:Analysis   : Midterm: B+ | Final: B+,   HI 2681 Intro to Europe Hist:1350-Present  : Midterm: A | Final: A,fall  2020,  CP 3400 Analytical Chemistry-Lect/Lab  : Midterm: A | Final: A,  BS 2400 Basic Bio Sciences I   : Midterm: B | Final: B+, VA2020 Basic Design     : Midterm: A | Final: A,  VA2030 Drawing   : Midterm: A | Final: A,,,,,,,,,,,606b5915962b7170e065a2b0,Full Time,700965773,Annecorinne Philippard,KKDYJtmZ,5/9/1998,571 Gateway Drive,,,,,,,0
mbreem9z@shop-pro.jp,Spanish Language,,,,,,,,,,,,,,,,,,,,,,,,,,,,,,,,,,,,,,,,,,,,,Undergraduate - Sophomore,fall 2019, ML2100 Intermediate Spanish Conversation I: Midterm: A | Final: A,  EL 1000 English Comp I: Exposition   : Midterm: B | Final: B+,   HI 2681 Intro to Europe Hist:1350-Present   : Midterm: B+ | Final: B+, AS 2112 American People I    : Midterm: A | Final: A,spring 2020,   ML2110 Intermediate Spanish Conversation II: Midterm: A | Final: A,   EL 2239 Horror Literature  : Midterm: B | Final: B+, AS 2122 American People II     : Midterm: B+ | Final: B+, VA2010 Intro. to Creative Thinking    : Midterm: A | Final: A,fall 2020,  ML3100 Advanced Spanish Conversation and Composition : Midterm: A | Final: A,  ML3362 Advanced Spanish Grammar and Composition: Midterm: B | Final: B+,   EL 3600 US Literature I   : Midterm: B+ | Final: B+,  VA2020 Basic Design   : Midterm: A | Final: A,,,,,,,,,,,,,,,,,,,,,606b5915962b7170e065a2b1,Full Time,700953172,Moshe Breem,4nz38Rib2qnX,1/24/1995,2869 Transport Plaza,,,,,,,0
kdemkea0@ucoz.com,English,,,,,,,,,,,,,,,,,,,,,,,,,,,,,,,,,,,,,,,,,,,,,Undergraduate - Senior,fall 2017,   EL 1000 English Comp I: Exposition : Midterm: A | Final: A,  HI 2681 Intro to Europe Hist:1350-Present   : Midterm: B | Final: B+,   VA2020 Basic Design   : Midterm: B+ | Final: B+,  VA2030 Drawing   : Midterm: A | Final: A,spring 2018, EL 2239 Horror Literature   : Midterm: A | Final: A,  AS 2112 American People I   : Midterm: B | Final: B+,    VA2045 Introduction to Color  : Midterm: B+ | Final: B+,    VA2500 Art History I: 19th Century Art : Midterm: A | Final: A,fall 2018, EL 3010  Structure & Grammar of English   : Midterm: A | Final: A,  EL 3500  Lit Across Cultures I:Analysis   : Midterm: B | Final: B+,   AS 2122 American People II   : Midterm: B+ | Final: B+,  VA3200 Art Tutorials I   : Midterm: A | Final: A,spring 2019,  EL 3510  Lit Across Cultures II:Theory  : Midterm: A | Final: A,   EL 3600 US Literature I  : Midterm: B | Final: B+,   VA4200 Art Tutorials II   : Midterm: B+ | Final: B+,   VA2320 Graphic Design I  : Midterm: A | Final: A,fall  2019, EL 4400  Critical Theory   : Midterm: A | Final: A,    EL 3610  US Literature II : Midterm: B | Final: B+, HI 4800  History of India     : Midterm: B+ | Final: B+,  EL 4311 Greek Drama    : Midterm: A | Final: A,spring 2020,  EL 3800 Eng Lit I:Beowulf-18th Century   : Midterm: A | Final: A,   EL 3810  Eng Lit II:Romantics - Present  : Midterm: B | Final: B+,  EL 4510  Modern Drama & Theatre    : Midterm: B+ | Final: B+, VA3100 Visual Culture    : Midterm: A | Final: A,fall 2020, EL 3560  Literatures of Europe:Part I   : Midterm: A | Final: A, EL 3950  Creative Non-Fiction: Midterm: B | Final: B+,   EL 4325 Shakespeare: Selected Plays   : Midterm: B | Final: B,  EL 4402 Sin & Sexuality in Literature   : Midterm: A | Final: A,606b5915962b7170e065a2b2,Part Time,700011219,Kali Demke,U4FFGmilg,1/23/1995,88047 Sutherland Crossing,,,,,,,0
kdyosa1@hhs.gov,Adolescence Education: Chemistry (7-12),,,,,,,,,,,,,,,,,,,,,,,,,,,,,,,,,,,,,,,,,,,,,Graduate,fall 2016, CP 4510 Biochemistry I : Midterm: A | Final: A,   CP 2120 Principles of Chemistry I  : Midterm: B | Final: B+,   CP 2121 Principles of Chemistry Lab I   : Midterm: C+ | Final: C+,  CP 4520 Biochemistry Lab   : Midterm: A | Final: A,spring 2017, CP 4515 Biochemistry II : Midterm: A | Final: A,  CP 2130 Principles of Chemistry II   : Midterm: B | Final: B+,  CP 2131 Principles Chemistry Lab II    : Midterm: C+ | Final: C+,   EL 1000 English Comp I: Exposition  : Midterm: A | Final: A,fall 2017,  CP 3300 Organic Chemistry I  : Midterm: A | Final: A,   CP 3302 Organic Chemistry Lab I  : Midterm: B | Final: B+,  EL 2239 Horror Literature    : Midterm: B | Final: B,   VA2010 Intro. to Creative Thinking  : Midterm: A | Final: A,spring 2018,  CP 3310 Organic Chemistry II  : Midterm: A | Final: A,   CP 3312 Organic Chemistry Lab II  : Midterm: B | Final: B+,   EL 3500  Lit Across Cultures I:Analysis   : Midterm: B | Final: B,   HI 2681 Intro to Europe Hist:1350-Present  : Midterm: A | Final: A,fall  2018,  CP 3400 Analytical Chemistry-Lect/Lab  : Midterm: A | Final: A,  BS 2400 Basic Bio Sciences I   : Midterm: B | Final: B+, VA2020 Basic Design     : Midterm: B | Final: B,  VA2030 Drawing   : Midterm: A | Final: A,spring 2019,  CP 4700 Physical Chemistry I  : Midterm: A | Final: A,   CP 5920 Seminar I  : Midterm: B | Final: B+,    VA2045 Introduction to Color  : Midterm: B | Final: B,   VA2500 Art History I: 19th Century Art  : Midterm: A | Final: A,fall 2019,  CP 5921 Seminar II  : Midterm: A | Final: A,   AS 2112 American People I  : Midterm: B | Final: B+,    VA3100 Visual Culture  : Midterm: B | Final: B,  MA2310 Calculus and Analytic Geometry I   : Midterm: A | Final: A,606b5915962b7170e065a2b3,Full Time,700149341,Kathi Dyos,DpWescRdsFM,2/17/1998,6977 Michigan Point,spring 2020, CP 6590 Topics: Environmental Science   : Midterm: A | Final: A,   CP 6740 Topics in Earth&Space Science    : Midterm: B | Final: B+,    CP 4800 Adv Chemical Methods: Lect/Lab  : Midterm: B | Final: B,    AS 2122 American People II : Midterm: A | Final: A,,0
scodaa3@tripadvisor.com,Mathematics,,,,,,,,,,,,,,,,,,,,,,,,,,,,,,,,,,,,,,,,,,,,,Undergraduate - Freshman,fall 2020,   EL 1000 English Comp I: Exposition : Midterm: A | Final: A,   HI 3080   Asian Cultures  : Midterm: B | Final: B+,   MA2310 Calculus and Analytic Geometry I   : Midterm: B+ | Final: B+,  VA2010 Intro. to Creative Thinking  : Midterm: A | Final: A,,,,,,,,,,,,,,,,,,,,,,,,,,,,,,,606b5915962b7170e065a2b4,Full Time,700972262,Sherlock Coda,WDONn9H8J,4/10/1998,7938 Declaration Road,,,,,,,0
nsyletta2@ameblo.jp,Accounting,,,,,,,,,,,,,,,,,,,,,,,,,,,,,,,,,,,,,,,,,,,,,Undergraduate - Junior,fall 2018, BU 3502Principles of Accounting I: Midterm: A | Final: A,  EL 1000 English Comp I: Exposition   : Midterm: B | Final: B+,   HI 2681 Intro to Europe Hist:1350-Present   : Midterm: B | Final: B, AS 2112 American People I    : Midterm: A | Final: A,spring 2019,   BU 3511Principles of Accounting II : Midterm: A | Final: A,   EL 2239 Horror Literature  : Midterm: B | Final: B+, AS 2122 American People II     : Midterm: B | Final: B, VA2010 Intro. to Creative Thinking    : Midterm: A | Final: A,fall 2019,  BU 4500 Intermediate Accounting I  : Midterm: A | Final: A,  MA 2300 Calculus for Business & Economics : Midterm: B | Final: B+,   EL 3600 US Literature I   : Midterm: B+ | Final: B+,  VA2020 Basic Design   : Midterm: A | Final: A,spring 2020,BU 4510   Intermediate Accounting II : Midterm: A | Final: A,  BU 4570 Federal Income Tax I   : Midterm: B | Final: B+,   VA2030 Drawing   : Midterm: B+ | Final: B+,  VA2045 Introduction to Color   : Midterm: A | Final: A,fall  2020, BU 4590 Cost Accounting : Midterm: A | Final: A,    BU 5505 Essentials-Gov't&Non-ProfAcctg : Midterm: B | Final: B+,  VA2500 Art History I: 19th Century Art    : Midterm: B+ | Final: B+,  VA3400 Digital Imaging   : Midterm: A | Final: A,,,,,,,,,,,606b5915962b7170e065a2b5,Part Time,700317049,Nicola Sylett,gNBlR32FJcmN,11/6/1997,4707 Alpine Trail,,,,,,,0
sdarintona5@edublogs.org,Media and Communications,,,,,,,,,,,,,,,,,,,,,,,,,,,,,,,,,,,,,,,,,,,,,Undergraduate - Junior,fall 2018, AS2020 New Media CE   : Midterm: A | Final: A,   VA2010 Intro. to Creative Thinking  : Midterm: B | Final: B+, HI 2681 Intro to Europe Hist:1350-Present     : Midterm: C+ | Final: B, EL 1000 English Comp I: Exposition    : Midterm: A | Final: A,spring 2019, AS2652 Media Studies   : Midterm: A | Final: A,   VA2020 Basic Design  : Midterm: B | Final: B+,   AS 2112 American People I   : Midterm: B | Final: B, EL 2239 Horror Literature    : Midterm: A | Final: A,fall 2019,  AS2700 The Engaged Eye  : Midterm: A | Final: A,    AS3310 From Citizen to Consumer : Midterm: B | Final: B+, VA2030 Drawing     : Midterm: C+ | Final: B, VA2045 Introduction to Color  : Midterm: A | Final: A,spring 2020,   AS3632 History of U.S. Film : Midterm: A | Final: A,   AS3712 American Film Genres  : Midterm: B | Final: B+, AS 2122 American People II      : Midterm: C+ | Final: B,  VA2500 Art History I: 19th Century Art  : Midterm: A | Final: A,fall  2020, AS3722 History of Mass Media   : Midterm: A | Final: A,   AS3732 Politics of Media  : Midterm: B | Final: B+,  AS3735 Documentary Media Studies    : Midterm: C+ | Final: B,  EL 3010  Structure & Grammar of English  : Midterm: A | Final: A,,,,,,,,,,,606b5915962b7170e065a2b6,Part Time,700432104,Salli Darinton,DujpW1,4/25/1997,2 Michigan Crossing,,,,,,,0
jmckinnaa4@com.com,Industrial and Labor Relations,,,,,,,,,,,,,,,,,,,,,,,,,,,,,,,,,,,,,,,,,,,,,Undergraduate - Senior,fall 2017, PE 2650 Intro to U.S. Politics : Midterm: A | Final: B,  EL 1000 English Comp I: Exposition   : Midterm: B | Final: B+,   HI 2681 Intro to Europe Hist:1350-Present   : Midterm: A | Final: B+, AS 2112 American People I    : Midterm: A | Final: B,spring 2018,   IR 2210 Unions & Management: An Intro : Midterm: A | Final: B,   EL 2239 Horror Literature  : Midterm: B | Final: B+, AS 2122 American People II     : Midterm: B+ | Final: B+, VA2010 Intro. to Creative Thinking    : Midterm: A | Final: A,fall 2018,  IR 3140 Unions & Public Policy : Midterm: A | Final: A,  IR 3300 CollectiveBarg & GrievanceProc : Midterm: B | Final: B+,   EL 3600 US Literature I   : Midterm: B+ | Final: B+,  VA2020 Basic Design   : Midterm: A | Final: A,spring 2019,  IR 4320 Labor & Employment Law: Midterm: A | Final: A,  IR 3330 Women : Midterm: B | Final: B+,   VA2030 Drawing   : Midterm: B+ | Final: B+,  VA2045 Introduction to Color   : Midterm: A | Final: A,fall  2019, IR 3415 Labor Economics: Midterm: A | Final: A,    IR 3860 Development of the Modern Corp : Midterm: B | Final: B+,  VA2500 Art History I: 19th Century Art    : Midterm: B+ | Final: B+,  VA3400 Digital Imaging   : Midterm: A | Final: A,spring 2020,  BU 5125  Business Ethics : Midterm: A | Final: A,   BU 5171  Human Resource management : Midterm: B | Final: B+,   HS 4770  Occupational Health : Midterm: B+ | Final: B+,  IR 3120  History:AmericanLaborRelations : Midterm: A | Final: A,fall 2020, IR 3260  Comparative Labor Relations: Midterm: A | Final: A,  IR 3500 Arbitration & Mediation : Midterm: B | Final: B+, IR 4200 Strategic Research/Organizers : Midterm: B+ | Final: B+,  IR 4600 Topics in Labor Studies : Midterm: A | Final: A,606b5915962b7170e065a2b7,Full Time,700509860,Jocelyn McKinna,0UpZLpkg,7/20/1997,84 Fuller Parkway,,,,,,,0
hdupre9y@house.gov,Adolescence Education: Social Studies (7-12),,,,,,,,,,,,,,,,,,,,,,,,,,,,,,,,,,,,,,,,,,,,,Undergraduate - Senior,fall 2017,   AS 2112 American People I : Midterm: A | Final: A,  EL 1000 English Comp I: Exposition   : Midterm: B | Final: B+,   HI 4308 History Modern Middle East   : Midterm: C+ | Final: B,  VA3200 Art Tutorials I   : Midterm: A | Final: A,spring 2018,  AS 2122 American People II  : Midterm: A | Final: A,   HI 3835 Islamic Cultures  : Midterm: B | Final: B+,   EL 2239 Horror Literature   : Midterm: C+ | Final: B,   VA4200 Art Tutorials II  : Midterm: A | Final: A,fall 2018,  HI 3080   Asian Cultures  : Midterm: A | Final: A,   HI 3110 Latin American Culture  : Midterm: B | Final: B+,   EL 3010  Structure & Grammar of English   : Midterm: C+ | Final: B,  VA5200 Art Tutorials III   : Midterm: A | Final: A,spring 2019,  HI 3091 African Cultures  : Midterm: A | Final: A,  VA2010 Intro. to Creative Thinking   : Midterm: B | Final: B+,   HI 4308 History Modern Middle East   : Midterm: C+ | Final: B,  HI 7500 Questioning Global History   : Midterm: A | Final: A,fall  2019,   VA2020 Basic Design : Midterm: A | Final: A,   HI 3835 Islamic Cultures  : Midterm: B | Final: B+,    HI 6565 Topics in the History of India  : Midterm: C+ | Final: B,  HI 6540 Topics in European History   : Midterm: A | Final: A,spring 2020, HI 3640  African History   : Midterm: A | Final: A,   HI 2681 Intro to Europe Hist:1350-Present  : Midterm: B | Final: B+,  HI 6530 Econ:Theories    : Midterm: C+ | Final: B,   HI 6520 US Constitutional&Polticl Hist  : Midterm: A | Final: A,fall 2020,  ED 6085 Mthd/Mtrls Teach Socl Stds MAT  : Midterm: A | Final: A,    ED 6095 Literacy : Midterm: B | Final: B+,  ED 6903 Student Teaching:Social Stds    : Midterm: B+ | Final: B+,  HI 6510 Topics in US History   : Midterm: A | Final: A,606b5915962b7170e065a2b8,Full Time,700234627,Helenka Dupre,uAAYNPp,5/9/1997,610 Alpine Court,,,,,,,0
ebluchera6@chicagotribune.com,Media and Communications,,,,,,,,,,,,,,,,,,,,,,,,,,,,,,,,,,,,,,,,,,,,,Undergraduate - Junior,fall 2018, AS2020 New Media CE   : Midterm: A | Final: A,   VA2010 Intro. to Creative Thinking  : Midterm: B | Final: B+, HI 2681 Intro to Europe Hist:1350-Present     : Midterm: A | Final: B, EL 1000 English Comp I: Exposition    : Midterm: A | Final: A,spring 2019, AS2652 Media Studies   : Midterm: A | Final: A,   VA2020 Basic Design  : Midterm: B | Final: B+,   AS 2112 American People I   : Midterm: B | Final: B, EL 2239 Horror Literature    : Midterm: A | Final: A,fall 2019,  AS2700 The Engaged Eye  : Midterm: A | Final: A,    AS3310 From Citizen to Consumer : Midterm: B | Final: B+, VA2030 Drawing     : Midterm: A | Final: A, VA2045 Introduction to Color  : Midterm: A | Final: A,spring 2020,   AS3632 History of U.S. Film : Midterm: A | Final: A,   AS3712 American Film Genres  : Midterm: B | Final: B+, AS 2122 American People II      : Midterm: A | Final: B,  VA2500 Art History I: 19th Century Art  : Midterm: A | Final: A,fall  2020, AS3722 History of Mass Media   : Midterm: A | Final: A,   AS3732 Politics of Media  : Midterm: B | Final: B+,  AS3735 Documentary Media Studies    : Midterm: A | Final: B,  EL 3010  Structure & Grammar of English  : Midterm: A | Final: A,,,,,,,,,,,606b5915962b7170e065a2b9,Part Time,700023776,Elisabetta Blucher,U5MX8aIqL,12/4/1995,2 4th Point,,,,,,,0
gsellnera8@slate.com,Visual Arts: Electronic Media,,,,,,,,,,,,,,,,,,,,,,,,,,,,,,,,,,,,,,,,,,,,,Undergraduate - Freshman,fall 2020,   AS 2112 American People I : Midterm: A | Final: A,  EL 1000 English Comp I: Exposition   : Midterm: B | Final: B+,   HI 4308 History Modern Middle East   : Midterm: A | Final: A,  VA3200 Art Tutorials I   : Midterm: A | Final: A,,,,,,,,,,,,,,,,,,,,,,,,,,,,,,,606b5915962b7170e065a2ba,Part Time,700003612,Gwennie Sellner,oqyABv,1/25/1995,42771 Onsgard Drive,,,,,,,0
cplummab@merriam-webster.com,Industrial and Labor Relations,,,,,,,,,,,,,,,,,,,,,,,,,,,,,,,,,,,,,,,,,,,,,Undergraduate - Freshman,fall 2020, PE 2650 Intro to U.S. Politics : Midterm: A | Final: A,  EL 1000 English Comp I: Exposition   : Midterm: B | Final: B+,   HI 2681 Intro to Europe Hist:1350-Present   : Midterm: A | Final: A, AS 2112 American People I    : Midterm: A | Final: B+,,,,,,,,,,,,,,,,,,,,,,,,,,,,,,,606b5915962b7170e065a2bb,Part Time,700067944,Cornie Plumm,rrOir5MSn6y,6/16/1995,4317 Veith Hill,,,,,,,0
dmcgannona7@chron.com,Marketing,,,,,,,,,,,,,,,,,,,,,,,,,,,,,,,,,,,,,,,,,,,,,Graduate,fall 2016, MA2300 Calculus for Business & Economics : Midterm: A | Final: A,  EL 1000 English Comp I: Exposition   : Midterm: B | Final: B+,   HI 2681 Intro to Europe Hist:1350-Present   : Midterm: B+ | Final: B+, AS 2112 American People I    : Midterm: A | Final: A,spring 2017,   BU3600 Principles Business Law : Midterm: A | Final: A,   EL 2239 Horror Literature  : Midterm: B | Final: B+, AS 2122 American People II     : Midterm: B+ | Final: B+, VA2010 Intro. to Creative Thinking    : Midterm: A | Final: A,fall 2017,  BU3800 Marketing: Principles & Concepts  : Midterm: A | Final: A,  BU3905 Business Communication : Midterm: B | Final: B+,   EL 3600 US Literature I   : Midterm: B+ | Final: B+,  VA2020 Basic Design   : Midterm: A | Final: A,spring 2018,  BU4110 Organizational Behavior & Management: Midterm: A | Final: A,  BU4762 Financial Management : Midterm: B | Final: B+,   VA2030 Drawing   : Midterm: B+ | Final: B+,  VA2045 Introduction to Color   : Midterm: A | Final: A,fall  2018, BU5115 Operations Management : Midterm: A | Final: A,    BU5190 Business Strategy & Policy : Midterm: B | Final: B+,  VA2500 Art History I: 19th Century Art    : Midterm: B+ | Final: B+,  VA3400 Digital Imaging   : Midterm: A | Final: A,spring 2019,  BU4800 Marketing Research : Midterm: A | Final: A,   BU4820 International Marketing : Midterm: B | Final: B+,   BU4851 Consumer Behavior : Midterm: B+ | Final: B+,  BU5841 Strategic Marketing : Midterm: A | Final: A,fall 2019, BU5880 Brand Theory & Strategy : Midterm: A | Final: A,  MA2310 Calculus and Analytic Geometry I : Midterm: B | Final: B+, PE 2650 Intro to U.S. Politics : Midterm: B+ | Final: B+,  IR 2210 Unions & Management: An Intro  : Midterm: A | Final: A,606b5915962b7170e065a2bc,Full Time,700031738,Doralia McGannon,cnaStl7U3Z,3/23/1995,37 Del Sol Court,spring 2020, MA2320 Calculus and Analytic Geometry II: Midterm: A | Final: A,   IR 3140 Unions & Public Policy : Midterm: B | Final: B+,   IR 3300 CollectiveBarg & GrievanceProc : Midterm: B+ | Final: B+, IR 4320 Labor & Employment Law  Midterm: A | Final: A,,0
tmattiatoa9@cocolog-nifty.com,Adolescence Education: Social Studies (7-12),,,,,,,,,,,,,,,,,,,,,,,,,,,,,,,,,,,,,,,,,,,,,Undergraduate - Sophomore,fall 2019,   AS 2112 American People I : Midterm: A | Final: A,  EL 1000 English Comp I: Exposition   : Midterm: B | Final: B+,   HI 4308 History Modern Middle East   : Midterm: A | Final: A,  VA3200 Art Tutorials I   : Midterm: A | Final: A,spring 2020,  AS 2122 American People II  : Midterm: A | Final: A,   HI 4308 History Modern Middle East: Midterm: B | Final: B+,   EL 2239 Horror Literature   : Midterm: B | Final: B,   VA4200 Art Tutorials II  : Midterm: A | Final: A,fall 2020,  VA2010 Intro. to Creative Thinking   : Midterm: A | Final: A,   HI 3110 Latin American Culture  : Midterm: B | Final: B+,   EL 3010  Structure & Grammar of English   : Midterm: B | Final: B,  VA5200 Art Tutorials III   : Midterm: A | Final: A,,,,,,,,,,,,,,,,,,,,,606b5915962b7170e065a2bd,Full Time,700536365,Terrie Mattiato,BFEwZcFm,8/5/1996,76288 Melby Pass,,,,,,,0
thullesaa@businessinsider.com,Childhood Education (1-6),,,,,,,,,,,,,,,,,,,,,,,,,,,,,,,,,,,,,,,,,,,,,Undergraduate - Freshman,fall 2018, ED3700 Child Development for Teachers : Midterm: A | Final: A,  EL 1000 English Comp I: Exposition   : Midterm: A | Final: A,   HI 2681 Intro to Europe Hist:1350-Present   : Midterm: B+ | Final: B+, AS 2112 American People I    : Midterm: A | Final: A,,,,,,,,,,,,,,,,,,,,,,,,,,,,,,,606b5915962b7170e065a2be,Full Time,700197112,Timmy Hulles,k5lswU,4/5/1995,02 Messerschmidt Drive,,,,,,,0
ftamblingsonad@marriott.com,Biological Sciences,,,,,,,,,,,,,,,,,,,,,,,,,,,,,,,,,,,,,,,,,,,,,Undergraduate - Sophomore,fall 2019,  VA2010 Intro. to Creative Thinking  : Midterm: A | Final: A, BS4460 Genetics  : Midterm: B | Final: B+,  VA2030 Drawing    : Midterm: A | Final: A,  BS4400 Cell Biology: Midterm: A | Final: A,spring 2020, EL 1000 English Comp I: Exposition   : Midterm: A | Final: A,  VA2020 Basic Design   : Midterm: B | Final: B+,   : Midterm: B+ | Final: B+, BS4440 Evolution: Midterm: A | Final: A,fall 2020,  EL 2239 Horror Literature  : Midterm: A | Final: A,  AS 2112 American People I  : Midterm: B | Final: B+,  BS2490 Environmental Science  : Midterm: B+ | Final: B,  BS3450 Plant Biology : Midterm: A | Final: B,,,,,,,,,,,,,,,,,,,,,606b5915962b7170e065a2bf,Full Time,700511953,Frederik Tamblingson,j42U2kHx,7/24/1997,320 Green Alley,,,,,,,0
cworsallac@topsy.com,Accounting,,,,,,,,,,,,,,,,,,,,,,,,,,,,,,,,,,,,,,,,,,,,,Undergraduate - Senior,fall 2017, BU 3502Principles of Accounting I: Midterm: A | Final: A,  EL 1000 English Comp I: Exposition   : Midterm: B | Final: B+,   HI 2681 Intro to Europe Hist:1350-Present   : Midterm: C+ | Final: B, AS 2112 American People I    : Midterm: A | Final: A,spring 2018,   BU 3511Principles of Accounting II : Midterm: A | Final: A,   EL 2239 Horror Literature  : Midterm: B | Final: B+, AS 2122 American People II     : Midterm: A | Final: A, VA2010 Intro. to Creative Thinking    : Midterm: A | Final: A,fall 2018,  BU 4500 Intermediate Accounting I  : Midterm: A | Final: A,  MA 2300 Calculus for Business & Economics : Midterm: B | Final: B+,   EL 3600 US Literature I   : Midterm: B+ | Final: B+,  VA2020 Basic Design   : Midterm: A | Final: A,spring 2019,BU 4510   Intermediate Accounting II : Midterm: A | Final: A,  BU 4570 Federal Income Tax I   : Midterm: B | Final: B+,   VA2030 Drawing   : Midterm: B+ | Final: B+,  VA2045 Introduction to Color   : Midterm: A | Final: A,fall  2019, BU 4590 Cost Accounting : Midterm: A | Final: A,    BU 5505 Essentials-Gov't&Non-ProfAcctg : Midterm: B | Final: B+,  VA2500 Art History I: 19th Century Art    : Midterm: B+ | Final: B+,  VA3400 Digital Imaging   : Midterm: A | Final: A,spring 2020,  BU 5525 International Accounting: Midterm: A | Final: A,   BU 5540 Advanced Accounting : Midterm: B | Final: B+,   BU 5550 Auditing   : Midterm: B+ | Final: B+,  BU 5520 Financial Accounting Research   : Midterm: A | Final: A,fall 2020, BU 3600  Principles of Business Law : Midterm: A | Final: A,  BU 3605 Intermediate Business Law : Midterm: B | Final: B+, BU 3610 Advanced Business Law    : Midterm: B+ | Final: B+,  BU 3800 Marketing Principles    : Midterm: A | Final: A,606b5915962b7170e065a2c0,Full Time,700859135,Chrystel Worsall,otfnpFvcn,4/21/1996,56 Fair Oaks Crossing,,,,,,,0
abagotae@blogspot.com,Accounting,,,,,,,,,,,,,,,,,,,,,,,,,,,,,,,,,,,,,,,,,,,,,Undergraduate - Junior,fall 2018, BU 3502Principles of Accounting I: Midterm: A | Final: A,  EL 1000 English Comp I: Exposition   : Midterm: B | Final: B+,   HI 2681 Intro to Europe Hist:1350-Present   : Midterm: A| Final: B, AS 2112 American People I    : Midterm: A | Final: A,spring 2019,   BU 3511Principles of Accounting II : Midterm: A | Final: A,   EL 2239 Horror Literature  : Midterm: B | Final: B+, AS 2122 American People II     : Midterm: A | Final: A, VA2010 Intro. to Creative Thinking    : Midterm: A | Final: A,fall 2019,  BU 4500 Intermediate Accounting I  : Midterm: A | Final: A,  MA 2300 Calculus for Business & Economics : Midterm: B | Final: B+,   EL 3600 US Literature I   : Midterm: B+ | Final: B+,  VA2020 Basic Design   : Midterm: A | Final: A,spring 2020,BU 4510   Intermediate Accounting II : Midterm: A | Final: A,  BU 4570 Federal Income Tax I   : Midterm: B | Final: B+,   VA2030 Drawing   : Midterm: B+ | Final: B+,  VA2045 Introduction to Color   : Midterm: A | Final: A,fall  2030, BU 4590 Cost Accounting : Midterm: A | Final: A,    BU 5505 Essentials-Gov't&Non-ProfAcctg : Midterm: B | Final: B+,  VA2500 Art History I: 19th Century Art    : Midterm: B+ | Final: B+,  VA3400 Digital Imaging   : Midterm: A | Final: A,,,,,,,,,,,606b5915962b7170e065a2c1,Full Time,700713227,Alex Bagot,hMgKL7157I,2/25/1996,865 Ridgeview Crossing,,,,,,,0
maxtensaf@dyndns.org,Chemistry,,,,,,,,,,,,,,,,,,,,,,,,,,,,,,,,,,,,,,,,,,,,,Undergraduate - Junior,fall 2017, CP 2121Principles of Chemistry Lab I   : Midterm: A | Final: A,   MA 3160  Linear Algebra  : Midterm: B | Final: B+,  EL 1000 English Comp I: Exposition    : Midterm: C+ | Final: C+,   HI 2681 Intro to Europe Hist:1350-Present  : Midterm: A | Final: A,spring 2018,  CP 2130  Principles of Chemistry II  : Midterm: A | Final: A, EL 2239 Horror Literature    : Midterm: B | Final: B+,   HI 3091 African Cultures   : Midterm: A | Final: A,  VA2020 Basic Design   : Midterm: A | Final: A,fall 2019,  CP 3302  Organic Chemistry Lab I  : Midterm: A | Final: A,  CP 4700  Physical Chemistry I   : Midterm: B | Final: B+,    MA 3330  Calc & Analyt Geometry III    : Midterm: A | Final: A,   CP 3300 Organic Chemistry I  : Midterm: A | Final: A,spring 2020,  CP 4710 Physical Chemistry II  : Midterm: A | Final: A,  CP 4720  Physical Chemistry Lab   : Midterm: B | Final: B+,  EL 3600 US Literature I  : Midterm: A | Final: A,  HI 4800  History of India   : Midterm: A | Final: A,fall  2020, CP 4800 Adv Chemical Methods: Lect/Lab   : Midterm: A | Final: A,  CP 2240  General Physics I   : Midterm: B | Final: B+,  VA2030 Drawing    : Midterm: A | Final: A,  VA2045 Introduction to Color   : Midterm: A | Final: A,,,,,,,,,,,606b5915962b7170e065a2c2,Full Time,700254102,Marketa Axtens,cHZNIdJlZ,3/1/1995,0 Bartelt Crossing,,,,,,,0
tollerearnshawah@t.co,Psychology,,,,,,,,,,,,,,,,,,,,,,,,,,,,,,,,,,,,,,,,,,,,,Undergraduate - Junior,fall 2018, PY2010 Introduction to Psychology: Midterm: A | Final: A,  EL 1000 English Comp I: Exposition   : Midterm: B | Final: B+,   HI 2681 Intro to Europe Hist:1350-Present   : Midterm: C+ | Final: B, AS 2112 American People I    : Midterm: A | Final: A,spring 2019,   PY3110 Research Methods I: (Orientation): Midterm: A | Final: A,   EL 2239 Horror Literature  : Midterm: B | Final: B+, AS 2122 American People II     : Midterm: C+ | Final: B, VA2010 Intro. to Creative Thinking    : Midterm: A | Final: A,fall 2019,  PY3120 Research Methods II: (Statistics)  : Midterm: A | Final: A,  PY4130 Field Experience and Research: Midterm: B | Final: B+,   EL 3600 US Literature I   : Midterm: B+ | Final: B+,  VA2020 Basic Design   : Midterm: A | Final: A,spring 2020,  PY4100 Research Methods III (Advanced Research Skills)  : Midterm: A | Final: A,  PY3410 Cognitive Psychology   : Midterm: B | Final: B+,   VA2030 Drawing   : Midterm: B+ | Final: B+,  VA2045 Introduction to Color   : Midterm: A | Final: A,fall  2020, PY3420 Learning & Motivation: Midterm: A | Final: A,    PY3610 Brain & Behavior: Midterm: B | Final: B+,  VA2500 Art History I: 19th Century Art    : Midterm: B+ | Final: B+,  VA3400 Digital Imaging   : Midterm: A | Final: A,,,,,,,,,,,606b5915962b7170e065a2c3,Part Time,700112426,Tabb Ollerearnshaw,68LHxw,4/25/1998,84 Northland Plaza,,,,,,,0
dmckeggieag@vinaora.com,Accounting,,,,,,,,,,,,,,,,,,,,,,,,,,,,,,,,,,,,,,,,,,,,,Undergraduate - Senior,fall 2017, BU 3502Principles of Accounting I: Midterm: A | Final: A,  EL 1000 English Comp I: Exposition   : Midterm: B | Final: B+,   HI 2681 Intro to Europe Hist:1350-Present   : Midterm: A | Final: B, AS 2112 American People I    : Midterm: A | Final: A,spring 2018,   BU 3511Principles of Accounting II : Midterm: A | Final: A,   EL 2239 Horror Literature  : Midterm: B | Final: B+, AS 2122 American People II     : Midterm: A | Final: A, VA2010 Intro. to Creative Thinking    : Midterm: A | Final: A,fall 2018,  BU 4500 Intermediate Accounting I  : Midterm: A | Final: A,  MA 2300 Calculus for Business & Economics : Midterm: B | Final: B+,   EL 3600 US Literature I   : Midterm: A | Final: A,  VA2020 Basic Design   : Midterm: A | Final: A,spring 2019,BU 4510   Intermediate Accounting II : Midterm: A | Final: A,  BU 4570 Federal Income Tax I   : Midterm: B | Final: B+,   VA2030 Drawing   : Midterm: B+ | Final: B+,  VA2045 Introduction to Color   : Midterm: A | Final: A,fall  2019, BU 4590 Cost Accounting : Midterm: A | Final: A,    BU 5505 Essentials-Gov't&Non-ProfAcctg : Midterm: B | Final: B+,  VA2500 Art History I: 19th Century Art    : Midterm: B+ | Final: B+,  VA3400 Digital Imaging   : Midterm: A | Final: A,spring 2020,  BU 5525 International Accounting: Midterm: A | Final: A,   BU 5540 Advanced Accounting : Midterm: B | Final: B+,   BU 5550 Auditing   : Midterm: B+ | Final: B+,  BU 5520 Financial Accounting Research   : Midterm: A | Final: A,fall 2020, BU 3600  Principles of Business Law : Midterm: A | Final: A,  BU 3605 Intermediate Business Law : Midterm: B | Final: B+, BU 3610 Advanced Business Law    : Midterm: B+ | Final: B+,  BU 3800 Marketing Principles    : Midterm: A | Final: A,606b5915962b7170e065a2c4,Full Time,700548341,Dun McKeggie,bOV1YGNT9iKh,8/2/1996,89370 Hagan Way,,,,,,,0
lgabottiai@netlog.com,Psychology,,,,,,,,,,,,,,,,,,,,,,,,,,,,,,,,,,,,,,,,,,,,,Undergraduate - Freshman,fall 2020, PY2010 Introduction to Psychology: Midterm: A | Final: A,  EL 1000 English Comp I: Exposition   : Midterm: B | Final: B+,   HI 2681 Intro to Europe Hist:1350-Present   : Midterm: C+ | Final: C+, AS 2112 American People I    : Midterm: A | Final: A,,,,,,,,,,,,,,,,,,,,,,,,,,,,,,,606b5915962b7170e065a2c5,Part Time,700972394,Lorene Gabotti,b3MqPXNHja,4/30/1998,765 Montana Center,,,,,,,0
lgoodwellaj@imgur.com,Accounting,,,,,,,,,,,,,,,,,,,,,,,,,,,,,,,,,,,,,,,,,,,,,Undergraduate - Freshman,fall 2020, BU 3502Principles of Accounting I: Midterm: A | Final: A,  EL 1000 English Comp I: Exposition   : Midterm: A | Final: A,,,,,,,,,,,,,,,,,,,,,,,,,,,,,,,,,606b5915962b7170e065a2c6,Part Time,700045807,Lemuel Goodwell,icL1apZPA85j,3/6/1997,5053 Maple Wood Street,,,,,,,0
fhritzkoak@squarespace.com,Accounting,,,,,,,,,,,,,,,,,,,,,,,,,,,,,,,,,,,,,,,,,,,,,Graduate,fall 2016, BU 3502Principles of Accounting I: Midterm: A | Final: A,  EL 1000 English Comp I: Exposition   : Midterm: A | Final: A,   HI 2681 Intro to Europe Hist:1350-Present   : Midterm: A | Final: A, AS 2112 American People I    : Midterm: A | Final: A,spring 2017,   BU 3511Principles of Accounting II : Midterm: A | Final: A,   EL 2239 Horror Literature  : Midterm: A | Final: A, AS 2122 American People II     : Midterm: A | Final: A, VA2010 Intro. to Creative Thinking    : Midterm: A | Final: A,fall 2017,  BU 4500 Intermediate Accounting I  : Midterm: A | Final: A,  MA 2300 Calculus for Business & Economics : Midterm: B | Final: B+,   EL 3600 US Literature I   : Midterm: A | Final: A,  VA2020 Basic Design   : Midterm: A | Final: A,spring 2018,BU 4510   Intermediate Accounting II : Midterm: A | Final: A,  BU 4570 Federal Income Tax I   : Midterm: B | Final: B+,   VA2030 Drawing   : Midterm: A | Final: A,  VA2045 Introduction to Color   : Midterm: A | Final: A,fall  2018, BU 4590 Cost Accounting : Midterm: A | Final: A,    BU 5505 Essentials-Gov't&Non-ProfAcctg : Midterm: B | Final: B+,  VA2500 Art History I: 19th Century Art    : Midterm: B+ | Final: B+,  VA3400 Digital Imaging   : Midterm: A | Final: A,spring 2019,  BU 5525 International Accounting: Midterm: A | Final: A,   BU 5540 Advanced Accounting : Midterm: B | Final: B+,   BU 5550 Auditing   : Midterm: B+ | Final: B+,  BU 5520 Financial Accounting Research   : Midterm: A | Final: A,fall 2019, BU 3600  Principles of Business Law : Midterm: A | Final: A,  BU 3605 Intermediate Business Law : Midterm: B | Final: B+, BU 3610 Advanced Business Law    : Midterm: B+ | Final: B+,  BU 3800 Marketing Principles    : Midterm: A | Final: A,606b5915962b7170e065a2c7,Full Time,700521937,Francisco Hritzko,ZxODUOt0V,1/27/1998,4 Summerview Terrace,spring 2020, “BU 4762 Financial Management I : Midterm: A | Final: A,  BU 5115 Operations Management : Midterm: B | Final: B+,   BU 5190 Business Strategy & Policy : Midterm: B+ | Final: B+, BU 3905 Business Communications: Midterm: A | Final: A,,0
bstroveral@pcworld.com,Accounting,,,,,,,,,,,,,,,,,,,,,,,,,,,,,,,,,,,,,,,,,,,,,Graduate,fall 2016, BU 3502Principles of Accounting I: Midterm: A | Final: A,  EL 1000 English Comp I: Exposition   : Midterm: B | Final: B+,   HI 2681 Intro to Europe Hist:1350-Present   : Midterm: A | Final: A, AS 2112 American People I    : Midterm: A | Final: A,spring 2017,   BU 3511Principles of Accounting II : Midterm: A | Final: A,   EL 2239 Horror Literature  : Midterm: B | Final: B+, AS 2122 American People II     : Midterm: A | Final: A, VA2010 Intro. to Creative Thinking    : Midterm: A | Final: A,fall 2017,  BU 4500 Intermediate Accounting I  : Midterm: A | Final: A,  MA 2300 Calculus for Business & Economics : Midterm: B | Final: B+,   EL 3600 US Literature I   : Midterm: B+ | Final: B+,  VA2020 Basic Design   : Midterm: A | Final: A,spring 2018,BU 4510   Intermediate Accounting II : Midterm: A | Final: A,  BU 4570 Federal Income Tax I   : Midterm: B | Final: B+,   VA2030 Drawing   : Midterm: B+ | Final: B+,  VA2045 Introduction to Color   : Midterm: A | Final: A,fall  2018, BU 4590 Cost Accounting : Midterm: A | Final: A,    BU 5505 Essentials-Gov't&Non-ProfAcctg : Midterm: B | Final: B+,  VA2500 Art History I: 19th Century Art    : Midterm: B+ | Final: B+,  VA3400 Digital Imaging   : Midterm: A | Final: A,spring 2019,  BU 5525 International Accounting: Midterm: A | Final: A,   BU 5540 Advanced Accounting : Midterm: B | Final: B+,   BU 5550 Auditing   : Midterm: B+ | Final: B+,  BU 5520 Financial Accounting Research   : Midterm: A | Final: A,fall 2019, BU 3600  Principles of Business Law : Midterm: A | Final: A,  BU 3605 Intermediate Business Law : Midterm: B | Final: B+, BU 3610 Advanced Business Law    : Midterm: B+ | Final: B+,  BU 3800 Marketing Principles    : Midterm: A | Final: A,606b5915962b7170e065a2c8,Full Time,700986444,Bettina Strover,4V48DVVLiE,7/6/1997,633 Muir Trail,spring 2020, “BU 4762 Financial Management I : Midterm: A | Final: A,  BU 5115 Operations Management : Midterm: B | Final: B+,   BU 5190 Business Strategy & Policy : Midterm: B+ | Final: B+, BU 3905 Business Communications: Midterm: A | Final: A,,0
rkivlinam@netscape.com,Accounting,,,,,,,,,,,,,,,,,,,,,,,,,,,,,,,,,,,,,,,,,,,,,Freshman,fall 2016, BU 3502Principles of Accounting I: Midterm: A | Final: A,  EL 1000 English Comp I: Exposition   : Midterm: B | Final: B+,   HI 2681 Intro to Europe Hist:1350-Present   : Midterm: A | Final: A, AS 2112 American People I    : Midterm: A | Final: A,spring 2017,   BU 3511Principles of Accounting II : Midterm: A | Final: A,   EL 2239 Horror Literature  : Midterm: B | Final: B+, AS 2122 American People II     : Midterm: A | Final: A, VA2010 Intro. to Creative Thinking    : Midterm: A | Final: A,fall 2017,  BU 4500 Intermediate Accounting I  : Midterm: A | Final: A,  MA 2300 Calculus for Business & Economics : Midterm: B | Final: B+,   EL 3600 US Literature I   : Midterm: B+ | Final: B+,  VA2020 Basic Design   : Midterm: A | Final: A,spring 2018,BU 4510   Intermediate Accounting II : Midterm: A | Final: A,  BU 4570 Federal Income Tax I   : Midterm: B | Final: B+,   VA2030 Drawing   : Midterm: B+ | Final: B+,  VA2045 Introduction to Color   : Midterm: A | Final: A,fall  2018, BU 4590 Cost Accounting : Midterm: A | Final: A,    BU 5505 Essentials-Gov't&Non-ProfAcctg : Midterm: B | Final: B+,  VA2500 Art History I: 19th Century Art    : Midterm: B+ | Final: B+,  VA3400 Digital Imaging   : Midterm: A | Final: A,spring 2019,  BU 5525 International Accounting: Midterm: A | Final: A,   BU 5540 Advanced Accounting : Midterm: B | Final: B+,   BU 5550 Auditing   : Midterm: B+ | Final: B+,  BU 5520 Financial Accounting Research   : Midterm: A | Final: A,fall 2019, BU 3600  Principles of Business Law : Midterm: A | Final: A,  BU 3605 Intermediate Business Law : Midterm: B | Final: B+, BU 3610 Advanced Business Law    : Midterm: B+ | Final: B+,  BU 3800 Marketing Principles    : Midterm: A | Final: A,606b5915962b7170e065a2c9,Full Time,700649815,Rosemonde Kivlin,tPCPu6Kj,9/20/1998,751 Anzinger Parkway,spring 2020, “BU 4762 Financial Management I : Midterm: A | Final: A,  BU 5115 Operations Management : Midterm: B | Final: B+,   BU 5190 Business Strategy & Policy : Midterm: B+ | Final: B+, BU 3905 Business Communications: Midterm: A | Final: A,,0
swallbrookap@jigsy.com,Accounting,,,,,,,,,,,,,,,,,,,,,,,,,,,,,,,,,,,,,,,,,,,,,Undergraduate - Freshman,fall 2018, BU 3502Principles of Accounting I: Midterm: A | Final: A,  EL 1000 English Comp I: Exposition   : Midterm: A | Final: A,   HI 2681 Intro to Europe Hist:1350-Present   : Midterm: B| Final: B, AS 2112 American People I    : Midterm: A | Final: A,,,,,,,,,,,,,,,,,,,,,,,,,,,,,,,606b5915962b7170e065a2ca,Part Time,700066421,Sherri Wallbrook,hoI2Lq,3/15/1998,23860 Stone Corner Park,,,,,,,0
mdavauxar@i2i.jp,Chemistry,,,,,,,,,,,,,,,,,,,,,,,,,,,,,,,,,,,,,,,,,,,,,Undergraduate - Freshman,fall 2020, CP 4700  Physical Chemistry I : Midterm: A | Final: B,  EL 1000 English Comp I: Exposition   : Midterm: B | Final: C+,   HI 2681 Intro to Europe Hist:1350-Present   : Midterm: A | Final: A, CP 2121Principles of Chemistry Lab I : Midterm: A | Final: A,,,,,,,,,,,,,,,,,,,,,,,,,,,,,,,606b5915962b7170e065a2cb,Full Time,700374362,Meggie D'Avaux,KnQbsHy6N,10/4/1998,4019 Riverside Center,,,,,,,0
omenloean@wikimedia.org,Accounting,,,,,,,,,,,,,,,,,,,,,,,,,,,,,,,,,,,,,,,,,,,,,Graduate,fall 2016, BU 3502Principles of Accounting I: Midterm: A | Final: A,  EL 1000 English Comp I: Exposition   : Midterm: B | Final: B+,   HI 2681 Intro to Europe Hist:1350-Present   : Midterm: C+ | Final: C+, AS 2112 American People I    : Midterm: A | Final: A,spring 2017,   BU 3511Principles of Accounting II : Midterm: A | Final: A,   EL 2239 Horror Literature  : Midterm: B | Final: B+, AS 2122 American People II     : Midterm: C+ | Final: C+, VA2010 Intro. to Creative Thinking    : Midterm: A | Final: A,fall 2017,  BU 4500 Intermediate Accounting I  : Midterm: A | Final: A,  MA 2300 Calculus for Business & Economics : Midterm: B | Final: B+,   EL 3600 US Literature I   : Midterm: B+ | Final: B+,  VA2020 Basic Design   : Midterm: A | Final: A,spring 2018,BU 4510   Intermediate Accounting II : Midterm: A | Final: A,  BU 4570 Federal Income Tax I   : Midterm: B | Final: B+,   VA2030 Drawing   : Midterm: B+ | Final: B+,  VA2045 Introduction to Color   : Midterm: A | Final: A,fall  2018, BU 4590 Cost Accounting : Midterm: A | Final: A,    BU 5505 Essentials-Gov't&Non-ProfAcctg : Midterm: B | Final: B+,  VA2500 Art History I: 19th Century Art    : Midterm: B+ | Final: B+,  VA3400 Digital Imaging   : Midterm: A | Final: A,spring 2019,  BU 5525 International Accounting: Midterm: A | Final: A,   BU 5540 Advanced Accounting : Midterm: B | Final: B+,   BU 5550 Auditing   : Midterm: B+ | Final: B+,  BU 5520 Financial Accounting Research   : Midterm: A | Final: A,fall 2019, BU 3600  Principles of Business Law : Midterm: A | Final: A,  BU 3605 Intermediate Business Law : Midterm: B | Final: B+, BU 3610 Advanced Business Law    : Midterm: B+ | Final: B+,  BU 3800 Marketing Principles    : Midterm: A | Final: A,606b5915962b7170e065a2cc,Full Time,700494865,Odey Menloe,rHjaDq42L3,3/23/1998,73 Springs Crossing,spring 2020, “BU 4762 Financial Management I : Midterm: A | Final: A,  BU 5115 Operations Management : Midterm: B | Final: B+,   BU 5190 Business Strategy & Policy : Midterm: B+ | Final: B+, BU 3905 Business Communications: Midterm: A | Final: A,,0
bgohnao@ca.gov,Industrial and Labor Relations,,,,,,,,,,,,,,,,,,,,,,,,,,,,,,,,,,,,,,,,,,,,,Graduate,fall 2017, PE 2650 Intro to U.S. Politics : Midterm: A | Final: A,  EL 1000 English Comp I: Exposition   : Midterm: B | Final: B+,   HI 2681 Intro to Europe Hist:1350-Present   : Midterm: B+ | Final: B+, AS 2112 American People I    : Midterm: A | Final: A,spring 2018,   IR 2210 Unions & Management: An Intro : Midterm: A | Final: A,   EL 2239 Horror Literature  : Midterm: B | Final: B+, AS 2122 American People II     : Midterm: B+ | Final: B+, VA2010 Intro. to Creative Thinking    : Midterm: A | Final: A,fall 2018,  IR 3140 Unions & Public Policy : Midterm: A | Final: A,  IR 3300 CollectiveBarg & GrievanceProc : Midterm: B | Final: B+,   EL 3600 US Literature I   : Midterm: B+ | Final: B+,  VA2020 Basic Design   : Midterm: A | Final: A,spring 2019,  IR 4320 Labor & Employment Law: Midterm: A | Final: A,  IR 3330 Women : Midterm: B | Final: B+,   VA2030 Drawing   : Midterm: B+ | Final: B+,  VA2045 Introduction to Color   : Midterm: A | Final: A,fall  2019, IR 3415 Labor Economics: Midterm: A | Final: A,    IR 3860 Development of the Modern Corp : Midterm: B | Final: B+,  VA2500 Art History I: 19th Century Art    : Midterm: B+ | Final: B+,  VA3400 Digital Imaging   : Midterm: A | Final: A,spring 2020,  BU 5125  Business Ethics : Midterm: A | Final: A,   BU 5171  Human Resource management : Midterm: B | Final: B+,   HS 4770  Occupational Health : Midterm: B+ | Final: B+,  IR 3120  History:AmericanLaborRelations : Midterm: A | Final: A,fall 2020, IR 3260  Comparative Labor Relations: Midterm: A | Final: A,  IR 3500 Arbitration & Mediation : Midterm: B | Final: B+, IR 4200  Strategic Research/Organizers : Midterm: B+ | Final: B+,  IR 4600 Topics in Labor Studies : Midterm: A | Final: A,606b5915962b7170e065a2cd,Full Time,700364759,Bent Gohn,iUaZkwuFN4D,1/15/1998,7 Russell Lane,spring 2020, PE 4430  Health Economics : Midterm: A | Final: A, PE 2300 Introduction to Law: Midterm: B | Final: B+,   MA2300 Calculus for Business & Economics : Midterm: B+ | Final: B+, BU3600 Principles Business Law: Midterm: A | Final: A,,0
tescaleaq@cloudflare.com,Adolescence Education: Mathematics (7-12),,,,,,,,,,,,,,,,,,,,,,,,,,,,,,,,,,,,,,,,,,,,,Undergraduate - Senior,fall 2017, MA2310 Calculus and Analytic Geometry I: Midterm: A | Final: A,  EL 1000 English Comp I: Exposition   : Midterm: B | Final: B+,   HI 2681 Intro to Europe Hist:1350-Present   : Midterm: A | Final: A, AS 2112 American People I    : Midterm: A | Final: A,spring 2018,   MA2320 Calculus and Analytic Geometry II: Midterm: A | Final: A,   EL 2239 Horror Literature  : Midterm: B | Final: B+, AS 2122 American People II     : Midterm: A | Final: A, VA2010 Intro. to Creative Thinking    : Midterm: A | Final: A,fall 2018,  MA3030 Discrete Mathematics: Midterm: A | Final: A,  MA3160 Linear Algebra: Midterm: B | Final: B+,   EL 3600 US Literature I   : Midterm: B+ | Final: B+,  VA2020 Basic Design   : Midterm: A | Final: A,spring 2019, MA3210 Intro. To Probability & Statistics: Midterm: A | Final: A, MA3330 Calculus and Analytic Geometry III  : Midterm: B | Final: B+,   VA2030 Drawing   : Midterm: B+ | Final: B+,  VA2045 Introduction to Color   : Midterm: A | Final: A,fall  2019, MA3520 Transition to Advanced Mathematics: Midterm: A | Final: A,    MA4360 Differential Equations : Midterm: B | Final: B+,  VA2500 Art History I: 19th Century Art    : Midterm: B+ | Final: B+,  VA3400 Digital Imaging   : Midterm: A | Final: A,spring 2020,  MA5120 Abstract Algebra I : Midterm: A | Final: A,   MA5320 Advanced Calculus I: Midterm: B | Final: B+,   CS2510 Computer Programming I : Midterm: B+ | Final: B+,  MA4100 Number Theory  : Midterm: A | Final: A,fall 2020, MA4200 Probability : Midterm: A | Final: A,  MA4510 Geometry: Midterm: B | Final: B+, MA4910 Operations Research I   : Midterm: B+ | Final: B+,  MA5230 Mathematical Statistics : Midterm: A | Final: A,606b5915962b7170e065a2ce,Part Time,700672423,Therese Escale,XVAQKjGx8Q,12/16/1995,9612 Gina Alley,,,,,,,0
eschuelckeas@xinhuanet.com,Chemistry,,,,,,,,,,,,,,,,,,,,,,,,,,,,,,,,,,,,,,,,,,,,,Graduate,fall 2016, CP 4700  Physical Chemistry I : Midterm: A | Final: B,  EL 1000 English Comp I: Exposition   : Midterm: B | Final: C+,   HI 2681 Intro to Europe Hist:1350-Present   : Midterm: A | Final: A, CP 2121Principles of Chemistry Lab I : Midterm: A | Final: A,spring 2017,   CP 2130  Principles of Chemistry II : Midterm: A | Final: A,   EL 2239 Horror Literature  : Midterm: B | Final: B+, AS 2122 American People II     : Midterm: B+ | Final: B+, VA2010 Intro. to Creative Thinking    : Midterm: A | Final: A,fall 2017 ,  CP 2240  General Physics I: Midterm: A | Final: A,  CP 2120 Principles of Chemistry I : Midterm: B | Final: B+,CP 4720  Physical Chemistry Lab : Midterm: B+ | Final: C+,  VA2020 Basic Design   : Midterm: A | Final: A,spring 2018,  CP 4710 Physical Chemistry II : Midterm: A | Final: A,   EL 3600 US Literature I   : Midterm: B | Final: B+,   VA2030 Drawing   : Midterm: B+ | Final: B+,  VA2045 Introduction to Color   : Midterm: A | Final: A,fall  2018, CP 4800 Adv Chemical Methods: Lect/Lab : Midterm: A | Final: A,    CP 2240  General Physics I  Midterm: B | Final: B+,  VA2500 Art History I: 19th Century Art    : Midterm: B+ | Final: B+,  VA3400 Digital Imaging   : Midterm: A | Final: A,spring 2019,  CP 2250 General Physics II : Midterm: A | Final: A,   CP 2251 General Physics II Lab : Midterm: B | Final: B+,   CP 3230  Math Methods: Physical Science   : Midterm: B+ | Final: B+,  MA 3160  Linear Algebra   : Midterm: A | Final: A,fall 2019, MA 3330  Calc & Analyt Geometry III : Midterm: A | Final: A, CP 5920 Seminar I: Midterm: B | Final: B+, CP 2120 Principles of Chemistry I   : Midterm: B+ | Final: B+,  CP 3300 Organic Chemistry I  : Midterm: A | Final: A,606b5915962b7170e065a2cf,Full Time,700870147,Erminie Schuelcke,ZT1nH1,10/18/1996,78 Mesta Plaza,spring 2020, CP 2131 Principles Chemistry Lab II : Midterm: A | Final: A,   MA 4360  Differential Equations : Midterm: B | Final: B+,   CP 5921 Seminar II : Midterm: B+ | Final: B+, CP 4520 Biochemistry Lab: Midterm: A | Final: A,,0
uchaudrelleat@cbsnews.com,Adolescence Education: Mathematics (7-12),,,,,,,,,,,,,,,,,,,,,,,,,,,,,,,,,,,,,,,,,,,,,Undergraduate - Senior,fall 2017, MA2310 Calculus and Analytic Geometry I: Midterm: A | Final: A,  EL 1000 English Comp I: Exposition   : Midterm: B | Final: B+,   HI 2681 Intro to Europe Hist:1350-Present   : Midterm: C+ | Final: C+, AS 2112 American People I    : Midterm: A | Final: A,spring 2018,   MA2320 Calculus and Analytic Geometry II: Midterm: A | Final: A,   EL 2239 Horror Literature  : Midterm: B | Final: B+, AS 2122 American People II     : Midterm: C+ | Final: C+, VA2010 Intro. to Creative Thinking    : Midterm: A | Final: A,fall 2018,  MA3030 Discrete Mathematics: Midterm: A | Final: A,  MA3160 Linear Algebra: Midterm: B | Final: B+,   EL 3600 US Literature I   : Midterm: B+ | Final: B+,  VA2020 Basic Design   : Midterm: A | Final: A,spring 2019, MA3210 Intro. To Probability & Statistics: Midterm: A | Final: A, MA3330 Calculus and Analytic Geometry III  : Midterm: B | Final: B+,   VA2030 Drawing   : Midterm: B+ | Final: B+,  VA2045 Introduction to Color   : Midterm: A | Final: A,fall  2019, MA3520 Transition to Advanced Mathematics: Midterm: A | Final: A,    MA4360 Differential Equations : Midterm: B | Final: B+,  VA2500 Art History I: 19th Century Art    : Midterm: B+ | Final: B+,  VA3400 Digital Imaging   : Midterm: A | Final: A,spring 2020,  MA5120 Abstract Algebra I : Midterm: A | Final: A,   MA5320 Advanced Calculus I: Midterm: B | Final: B+,   CS2510 Computer Programming I : Midterm: B+ | Final: B+,  MA4100 Number Theory  : Midterm: A | Final: A,fall 2020, MA4200 Probability : Midterm: A | Final: A,  MA4510 Geometry: Midterm: B | Final: B+, MA4910 Operations Research I   : Midterm: B+ | Final: B+,  MA5230 Mathematical Statistics : Midterm: A | Final: A,606b5915962b7170e065a2d0,Part Time,700190795,Ulick Chaudrelle,Sd9rVHsn0HL,12/7/1997,062 Old Shore Crossing,,,,,,,0
eduffinaw@webeden.co.uk,Criminology,,,,,,,,,,,,,,,,,,,,,,,,,,,,,,,,,,,,,,,,,,,,,Undergraduate - Junior,fall 2018, SY 1500  Intro Sociology: Midterm: A | Final: A,  EL 1000 English Comp I: Exposition   : Midterm: B | Final: B+,   HI 2681 Intro to Europe Hist:1350-Present   : Midterm: C+ | Final: C+, AS 2112 American People I    : Midterm: A | Final: A,spring 2019,   CR 1500 Intro to Criminology : Midterm: A | Final: A,   EL 2239 Horror Literature  : Midterm: B | Final: B+, AS 2122 American People II     : Midterm: C+ | Final: C+, VA2010 Intro. to Creative Thinking    : Midterm: A | Final: A,fall 2019,  CR 2090  Juvenile Delinquency : Midterm: A | Final: A,  CR 3092 Victimology : Midterm: B | Final: B+,   EL 3600 US Literature I   : Midterm: B+ | Final: B+,  VA2020 Basic Design   : Midterm: A | Final: A,spring 2020,  CR 3093  Criminal Justice Admin : Midterm: A | Final: A,  CR 3094 Drugs and Society   : Midterm: B | Final: B+,   VA2030 Drawing   : Midterm: B+ | Final: B+,  VA2045 Introduction to Color   : Midterm: A | Final: A,fall  2020, CR 3117  Policing Bodies : Midterm: A | Final: A,    CR 3200  Crime : Midterm: B | Final: B+,  VA2500 Art History I: 19th Century Art    : Midterm: B+ | Final: B+,  VA3400 Digital Imaging   : Midterm: A | Final: A,,,,,,,,,,,606b5915962b7170e065a2d1,Full Time,700380133,Emlyn Duffin,TPw3eqMtYwz,10/13/1996,39454 Morningstar Drive,,,,,,,0
bdeppeau@webs.com,Biochemistry,,,,,,,,,,,,,,,,,,,,,,,,,,,,,,,,,,,,,,,,,,,,,Undergraduate - Senior,fall 2018,  VA2010 Intro. to Creative Thinking  : Midterm: A | Final: A, CP 2120 Principles of Chemistry I: Midterm: B | Final: B+,  VA2030 Drawing    : Midterm: C+ | Final: C+,  CP 2121 Principles of Chemistry Lab I: Midterm: A | Final: A,spring 2019, EL 1000 English Comp I: Exposition   : Midterm: A | Final: A,  VA2020 Basic Design   : Midterm: B | Final: B+,   CP 2130 Principles of Chemistry II  : Midterm: B+ | Final: B+, CP 2131 Principles Chemistry Lab II: Midterm: A | Final: A,fall 2019,  EL 2239 Horror Literature  : Midterm: A | Final: A,  AS 2112 American People I  : Midterm: B | Final: B+,  CP 3302 Organic Chemistry Lab I    : Midterm: B+ | Final: B+,  CP 3300 Organic Chemistry I   : Midterm: A | Final: A,spring 2020,  CP 3310 Organic Chemistry II: Midterm: A | Final: A,  CP 3312 Organic Chemistry Lab II : Midterm: B | Final: B+,   VA2030 Drawing   : Midterm: B+ | Final: B+,  VA2045 Introduction to Color   : Midterm: A | Final: A,fall  2020, CP 3400 Analytical Chemistry-Lect/Lab : Midterm: A | Final: A,    CP 4700 Physical Chemistry I : Midterm: B | Final: B+,  VA2500 Art History I: 19th Century Art    : Midterm: B+ | Final: B+,  VA3400 Digital Imaging   : Midterm: A | Final: A,spring 2019,  CP 4510 Biochemistry I : Midterm: A | Final: A,   CP 4520 Biochemistry Lab : Midterm: B | Final: B+,   BS 2400 Basic Bio Sciences I : Midterm: B+ | Final: B+,  BS 4400 Cell Biology : Midterm: A | Final: A,fall 2019, CP 4515 Biochemistry II : Midterm: A | Final: A,  BS 2410 Basic Bio Sciences II : Midterm: B | Final: B+, BS 4460 Genetics : Midterm: B+ | Final: B+,  BS 4560 Molecular Biology : Midterm: A | Final: A,606b5915962b7170e065a2d2,Part Time,700379004,Brewster Deppe,6mMgWr,12/14/1996,02 Westerfield Terrace,,,,,,,0
apeasemanay@earthlink.net,Accounting,,,,,,,,,,,,,,,,,,,,,,,,,,,,,,,,,,,,,,,,,,,,,Undergraduate - Freshman,fall 2020,  BU 4500 Intermediate Accounting I  : Midterm: A | Final: A,  EL 1000 English Comp I: Exposition   : Midterm: B | Final: B+,   MA 2300 Calculus for Business & Economics   : Midterm: B+ | Final: B+,  HI 2681 Intro to Europe Hist:1350-Present   : Midterm: A | Final: A,,,,,,,,,,,,,,,,,,,,,,,,,,,,,,,606b5915962b7170e065a2d3,Full Time,700274255,Angelico Peaseman,RXBpfTkjg,2/19/1998,09 Barby Junction,,,,,,,0
mwilkesax@cbslocal.com,Adolescence Education: Mathematics (7-12),,,,,,,,,,,,,,,,,,,,,,,,,,,,,,,,,,,,,,,,,,,,,Undergraduate - Junior,fall 2018, MA2310 Calculus and Analytic Geometry I: Midterm: A | Final: A,  EL 1000 English Comp I: Exposition   : Midterm: B | Final: B+,   HI 2681 Intro to Europe Hist:1350-Present   : Midterm: A | Final: A, AS 2112 American People I    : Midterm: A | Final: A,spring 2019,   MA2320 Calculus and Analytic Geometry II: Midterm: A | Final: A,   EL 2239 Horror Literature  : Midterm: B | Final: B+, AS 2122 American People II     : Midterm: C+ | Final: B+, VA2010 Intro. to Creative Thinking    : Midterm: A | Final: A,fall 2019,  MA3030 Discrete Mathematics: Midterm: A | Final: A,  MA3160 Linear Algebra: Midterm: B | Final: B+,   EL 3600 US Literature I   : Midterm: B+ | Final: B+,  VA2020 Basic Design   : Midterm: A | Final: A,spring 2020, MA3210 Intro. To Probability & Statistics: Midterm: A | Final: A, MA3330 Calculus and Analytic Geometry III  : Midterm: B | Final: B+,   VA2030 Drawing   : Midterm: B+ | Final: B+,  VA2045 Introduction to Color   : Midterm: A | Final: A,fall  2020, MA3520 Transition to Advanced Mathematics: Midterm: A | Final: A,    MA4360 Differential Equations : Midterm: B | Final: B+,  VA2500 Art History I: 19th Century Art    : Midterm: B+ | Final: B+,  VA3400 Digital Imaging   : Midterm: A | Final: A,,,,,,,,,,,606b5915962b7170e065a2d4,Part Time,700406694,Marni Wilkes,uqbN8gIQvP,9/5/1996,866 Cottonwood Point,,,,,,,0
lollisb1@g.co,Computer & Information Science,,,,,,,,,,,,,,,,,,,,,,,,,,,,,,,,,,,,,,,,,,,,,Undergraduate - Sophomore,fall 2019,  VA2010 Intro. to Creative Thinking  : Midterm: A | Final: A, CS 2510 Computer Programming I  : Midterm: B | Final: B+,  VA2030 Drawing    : Midterm: A| Final: A,   AS 2112 American People I  : Midterm: A | Final: A,spring 2020, EL 1000 English Comp I: Exposition   : Midterm: A | Final: A,  VA2020 Basic Design   : Midterm: B | Final: B+,   CS 2511 Computer Programming II     : Midterm: A | Final: A,  CS 3620 Computer Architecture I   : Midterm: A | Final: A,fall 2020,  EL 2239 Horror Literature  : Midterm: A | Final: A,  CS 3810  Data Structures & Algorithms : Midterm: B | Final: B+,  HI 2681 Intro to Europe Hist:1350-Present    : Midterm: A | Final: A,  EL 3800 Eng Lit I:Beowulf-18th Century   : Midterm: A | Final: A,,,,,,,,,,,,,,,,,,,,,606b5915962b7170e065a2d5,Part Time,700249220,Lorne Ollis,3ajZG13g4,2/28/1995,28 Old Shore Crossing,,,,,,,0
mbaumerav@wordpress.com,English,,,,,,,,,,,,,,,,,,,,,,,,,,,,,,,,,,,,,,,,,,,,,Graduate,fall 2016,   EL 1000 English Comp I: Exposition : Midterm: A | Final: A,  HI 2681 Intro to Europe Hist:1350-Present   : Midterm: B | Final: B+,   VA2020 Basic Design   : Midterm: B+ | Final: B+,  VA2030 Drawing   : Midterm: A | Final: A,spring 2017, EL 2239 Horror Literature   : Midterm: A | Final: A,  AS 2112 American People I   : Midterm: B | Final: B+,    VA2045 Introduction to Color  : Midterm: B+ | Final: B+,    VA2500 Art History I: 19th Century Art : Midterm: A | Final: A,fall 2017, EL 3010  Structure & Grammar of English   : Midterm: A | Final: A,  EL 3500  Lit Across Cultures I:Analysis   : Midterm: B | Final: B+,   AS 2122 American People II   : Midterm: B+ | Final: B+,  VA3200 Art Tutorials I   : Midterm: A | Final: A,spring 2018,  EL 3510  Lit Across Cultures II:Theory  : Midterm: A | Final: A,   EL 3600 US Literature I  : Midterm: B | Final: B+,   VA4200 Art Tutorials II   : Midterm: B+ | Final: B+,   VA2320 Graphic Design I  : Midterm: A | Final: A,fall  2018, EL 4400  Critical Theory   : Midterm: A | Final: A,    EL 3610  US Literature II : Midterm: B | Final: B+, HI 4800  History of India     : Midterm: B+ | Final: B+,  EL 4311 Greek Drama    : Midterm: A | Final: A,spring 2019,  EL 3800 Eng Lit I:Beowulf-18th Century   : Midterm: A | Final: A,   EL 3810  Eng Lit II:Romantics - Present  : Midterm: B | Final: B+,  EL 4510  Modern Drama & Theatre    : Midterm: B+ | Final: B+, VA3100 Visual Culture    : Midterm: A | Final: A,fall 2019, EL 3560  Literatures of Europe:Part I   : Midterm: A | Final: A, EL 3950  Creative Non-Fiction: Midterm: B | Final: B+,   EL 4325 Shakespeare: Selected Plays   : Midterm: C+ | Final: C+,  EL 4402 Sin & Sexuality in Literature   : Midterm: A | Final: A,606b5915962b7170e065a2d6,Full Time,700435596,Merv Baumer,LZVBO5NaS,10/16/1996,0 Del Mar Place,spring 2020,  EL 3561 Literatures of Europe:Part II  : Midterm: A | Final: B,   EL 4312 Greek Mythology  : Midterm: B | Final: B-+,     EL 4500 Topics in British/US Lit : Midterm: C+ | Final: B+,  SY 5990  Senior Seminar   : Midterm: A | Final: A,,0
bswanwickaz@instagram.com,Health and Society,,,,,,,,,,,,,,,,,,,,,,,,,,,,,,,,,,,,,,,,,,,,,Undergraduate - Senior,fall 2017, BS 2100 Biology for Non-Science Majors : Midterm: A | Final: A,  EL 1000 English Comp I: Exposition   : Midterm: B | Final: B+,   HI 2681 Intro to Europe Hist:1350-Present   : Midterm: A | Final: A, AS 2112 American People I    : Midterm: A | Final: A,spring 2018,BS 2300  Anatomy&Physiology I Lecture : Midterm: A | Final: A,   EL 2239 Horror Literature  : Midterm: B | Final: B+, AS 2122 American People II     : Midterm: A | Final: A, VA2010 Intro. to Creative Thinking    : Midterm: A | Final: A,fall 2018,  BS 2310  Anatomy&Physiology II Lecture : Midterm: A | Final: A,BS 2410  Basic Bio Sciences II : Midterm: B | Final: B+,   EL 3600 US Literature I   : Midterm: B+ | Final: B+,  VA2020 Basic Design   : Midterm: A | Final: A,spring 2019,  PH 3600  Social Determinants of Health : Midterm: A | Final: A,  PH 3610 Intro.-U.S.Health Care System: Midterm: B | Final: B+,   VA2030 Drawing   : Midterm: B+ | Final: B+,  VA2045 Introduction to Color   : Midterm: A | Final: A,fall  2019, PH 4670 Biostatistics : Midterm: A | Final: A,    PH 4800 Epidemiology : Midterm: B | Final: B+,  VA2500 Art History I: 19th Century Art    : Midterm: B+ | Final: B+,  VA3400 Digital Imaging   : Midterm: A | Final: A,spring 2020,  PH 4900 Community Health Field Placmt : Midterm: A | Final: A,   PH 4450 Human Sexuality : Midterm: B | Final: B+,   PH 3700  Medical Anthropology : Midterm: B+ | Final: B+,  PH 4600  Health Program Planning & Eval  : Midterm: A | Final: A,fall 2020, PH 4610 Women's Health : Midterm: A | Final: A,  PY2340 Community Psychology: Midterm: B | Final: B+, PH 4631  Mental Health    : Midterm: B+ | Final: B+,  PH 4661  Health Education  : Midterm: A | Final: A,606b5915962b7170e065a2d7,Full Time,700164367,Bran Swanwick,gQPuEN,8/11/1995,16 Iowa Alley,,,,,,,0
vmccarlichb0@soup.io,Marketing,,,,,,,,,,,,,,,,,,,,,,,,,,,,,,,,,,,,,,,,,,,,,Graduate,fall 2016, MA2300 Calculus for Business & Economics : Midterm: A | Final: A,  EL 1000 English Comp I: Exposition   : Midterm: B | Final: B+,   HI 2681 Intro to Europe Hist:1350-Present   : Midterm: B+ | Final: B+, AS 2112 American People I    : Midterm: A | Final: A,spring 2017,   BU3600 Principles Business Law : Midterm: A | Final: A,   EL 2239 Horror Literature  : Midterm: B | Final: B+, AS 2122 American People II     : Midterm: B+ | Final: B+, VA2010 Intro. to Creative Thinking    : Midterm: A | Final: A,fall 2017,  BU3800 Marketing: Principles & Concepts  : Midterm: A | Final: A,  BU3905 Business Communication : Midterm: B | Final: B+,   EL 3600 US Literature I   : Midterm: B+ | Final: B+,  VA2020 Basic Design   : Midterm: A | Final: A,spring 2018,  BU4110 Organizational Behavior & Management: Midterm: A | Final: A,  BU4762 Financial Management : Midterm: B | Final: B+,   VA2030 Drawing   : Midterm: B+ | Final: B+,  VA2045 Introduction to Color   : Midterm: A | Final: A,fall  2018, BU5115 Operations Management : Midterm: A | Final: A,    BU5190 Business Strategy & Policy : Midterm: B | Final: B+,  VA2500 Art History I: 19th Century Art    : Midterm: B+ | Final: B+,  VA3400 Digital Imaging   : Midterm: A | Final: A,spring 2019,  BU4800 Marketing Research : Midterm: A | Final: A,   BU4820 International Marketing : Midterm: B | Final: B+,   BU4851 Consumer Behavior : Midterm: B+ | Final: B+,  BU5841 Strategic Marketing : Midterm: A | Final: A,fall 2019, BU5880 Brand Theory & Strategy : Midterm: A | Final: A,  MA2310 Calculus and Analytic Geometry I : Midterm: B | Final: B+, PE 2650 Intro to U.S. Politics : Midterm: B+ | Final: B+,  IR 2210 Unions & Management: An Intro  : Midterm: A | Final: A,606b5915962b7170e065a2d8,Full Time,700018869,Valry McCarlich,eqaw8L3,8/7/1996,5 Cordelia Pass,spring 2020, MA2320 Calculus and Analytic Geometry II: Midterm: A | Final: A,   IR 3140 Unions & Public Policy : Midterm: B | Final: B+,   IR 3300 CollectiveBarg & GrievanceProc : Midterm: B+ | Final: B+, IR 4320 Labor & Employment Law  Midterm: A | Final: A,,0
itoothillb5@hhs.gov,Biochemistry,,,,,,,,,,,,,,,,,,,,,,,,,,,,,,,,,,,,,,,,,,,,,Undergraduate - Sophomore,fall 2019,  VA2010 Intro. to Creative Thinking  : Midterm: A | Final: A, CP 2120 Principles of Chemistry I: Midterm: B | Final: B+,  VA2030 Drawing    : Midterm: A | Final: A,  CP 2121 Principles of Chemistry Lab I: Midterm: A | Final: A,spring 2020, EL 1000 English Comp I: Exposition   : Midterm: A | Final: A,  VA2020 Basic Design   : Midterm: B | Final: B+,   CP 2130 Principles of Chemistry II  : Midterm: B+ | Final: B+, CP 2131 Principles Chemistry Lab II: Midterm: A | Final: A,fall 2020,  EL 2239 Horror Literature  : Midterm: A | Final: A,  AS 2112 American People I  : Midterm: B | Final: B+,  CP 3302 Organic Chemistry Lab I    : Midterm: B+ | Final: B+,  CP 3300 Organic Chemistry I   : Midterm: A | Final: A,,,,,,,,,,,,,,,,,,,,,606b5915962b7170e065a2d9,Full Time,700111914,Isidoro Toothill,0H9yhzcFK4s,7/9/1996,0 Larry Terrace,,,,,,,0
ddavidoffb2@zdnet.com,Politics & Economics & Law,,,,,,,,,,,,,,,,,,,,,,,,,,,,,,,,,,,,,,,,,,,,,Graduate,fall 2016, PE2300 Introduction to Law   : Midterm: A | Final: A,  EL 1000 English Comp I: Exposition   : Midterm: B | Final: B+,   HI 2681 Intro to Europe Hist:1350-Present   : Midterm: C+ | Final: C+, AS 2112 American People I    : Midterm: A | Final: A,spring 2017,   PE2650 Introduction to U.S. Politics : Midterm: A | Final: A,   EL 2239 Horror Literature  : Midterm: B | Final: B+, AS 2122 American People II     : Midterm: A  | Final: A, VA2010 Intro. to Creative Thinking    : Midterm: A | Final: A,fall 2017,  IR2210 Unions and Management: An Introduction  : Midterm: A | Final: A,  PE2220 Introduction to Urban Issues   : Midterm: B | Final: B+,   EL 3600 US Literature I   : Midterm: A | Final: A,  VA2020 Basic Design   : Midterm: A | Final: A,spring 2018,  PE2400 Introduction to Political Economy  : Midterm: A | Final: A,  PE3100 International Relations   : Midterm: B | Final: B+,   VA2030 Drawing   : Midterm: A | Final: A,  VA2045 Introduction to Color   : Midterm: A | Final: A,fall  2018, PE4320 Jurisprudence: Legal Thought   : Midterm: A | Final: A,    PE4470 History of Economic Thought : Midterm: B | Final: B+,  VA2500 Art History I: 19th Century Art    : Midterm: A | Final: A,  VA3400 Digital Imaging   : Midterm: A | Final: A,spring 2019,  PE4620 Political and Social Thought  : Midterm: A | Final: A,   PE4580 Origins of the Capitalist Economy  : Midterm: B | Final: B+,   PE4590 Global Economy in the 20th Century   : Midterm: A | Final: A,  PE 2650 Intro to U.S. Politics   : Midterm: A | Final: A,fall 2019, IR 2210 Unions & Management: An Intro   : Midterm: A | Final: A,  IR 3140 Unions & Public Policy   : Midterm: B | Final: B+, IR 3300 CollectiveBarg & GrievanceProc     : Midterm: C+ | Final: C+,  IR 4320 Labor & Employment Law   : Midterm: A | Final: A,606b5915962b7170e065a2da,Full Time,700146391,Donny Davidoff,EVyjtMx7e5,4/6/1997,3 Miller Circle,spring 2020, BU3600 Principles Business Law   : Midterm: A | Final: A,   IR 3415 Labor Economics  : Midterm: B | Final: B+,   IR 3860 Development of the Modern Corp   : Midterm: C+ | Final: C+, BU 5125  Business Ethics    : Midterm: A | Final: A,,0
rriccioneb4@xing.com,Computer & Information Science,,,,,,,,,,,,,,,,,,,,,,,,,,,,,,,,,,,,,,,,,,,,,Undergraduate - Freshman,fall 2020,  VA2010 Intro. to Creative Thinking  : Midterm: A | Final: A, CS 2510 Computer Programming I  : Midterm: B | Final: B+,  VA2030 Drawing    : Midterm: A| Final: A,   AS 2112 American People I  : Midterm: A | Final: A,,,,,,,,,,,,,,,,,,,,,,,,,,,,,,,606b5915962b7170e065a2db,Full Time,700051805,Rochester Riccione,nPwrnA86lI,11/16/1997,632 Rusk Trail,,,,,,,0
hospillaneb7@ft.com,Special Education and Childhood Education (1-6),,,,,,,,,,,,,,,,,,,,,,,,,,,,,,,,,,,,,,,,,,,,,Undergraduate - Freshman,fall 2020,  ED3700 Child Development : Midterm: A | Final: A,  EL 1000 English Comp I: Exposition   : Midterm: B | Final: B+,ED4121 Methods and Materials for Teaching Elementary Science Majors : East: Midterm:C+ | Final: B+,  HI 2681 Intro to Europe Hist:1350-Present   : Midterm: A | Final: B,,,,,,,,,,,,,,,,,,,,,,,,,,,,,,,606b5915962b7170e065a2dc,Part Time,700990254,Haskell O'Spillane,WczwHnFIE,8/20/1995,98 Farragut Pass,,,,,,,0
khincksb3@fda.gov,Biological Sciences,,,,,,,,,,,,,,,,,,,,,,,,,,,,,,,,,,,,,,,,,,,,,Undergraduate - Freshman,fall 2020,  BS4400 Cell Biology  : Midterm: A | Final: A,   EL 1000 English Comp I: Exposition  : Midterm: A | Final: A,   AS 2112 American People I   : Midterm: A | Final: B,  VA3200 Art Tutorials I   : Midterm: A | Final: A,,,,,,,,,,,,,,,,,,,,,,,,,,,,,,,606b5915962b7170e065a2dd,Full Time,700814638,Keelia Hincks,4tpwOa,8/25/1997,58 Mandrake Street,,,,,,,0
dharrinsonb8@creativecommons.org,Chemistry,,,,,,,,,,,,,,,,,,,,,,,,,,,,,,,,,,,,,,,,,,,,,Undergraduate - Freshman,fall 2016, CP 2121Principles of Chemistry Lab I   : Midterm: A | Final: A,   MA 3160  Linear Algebra  : Midterm: B | Final: B+,  EL 1000 English Comp I: Exposition    : Midterm: C+ | Final: C+,   HI 2681 Intro to Europe Hist:1350-Present  : Midterm: A | Final: A,,,,,,,,,,,,,,,,,,,,,,,,,,,,,,,606b5915962b7170e065a2de,Full Time,700115725,Dilan Harrinson,zRyTS42fwJj,8/26/1998,69530 Anzinger Crossing,,,,,,,0
wgrizardb6@github.io,Adolescence Education: Chemistry (7-12),,,,,,,,,,,,,,,,,,,,,,,,,,,,,,,,,,,,,,,,,,,,,Undergraduate - Junior,fall 2018, CP 4510 Biochemistry I : Midterm: A | Final: A,   CP 2120 Principles of Chemistry I  : Midterm: A | Final: A,   CP 2121 Principles of Chemistry Lab I   : Midterm: A | Final: A,  CP 4520 Biochemistry Lab   : Midterm: A | Final: A,spring 2019, CP 4515 Biochemistry II : Midterm: A | Final: A,  CP 2130 Principles of Chemistry II   : Midterm: B | Final: B+,  CP 2131 Principles Chemistry Lab II    : Midterm: A | Final: A,   EL 1000 English Comp I: Exposition  : Midterm: A | Final: A,fall 2019,  CP 3300 Organic Chemistry I  : Midterm: A | Final: A,   CP 3302 Organic Chemistry Lab I  : Midterm: B | Final: B+,  EL 2239 Horror Literature    : Midterm: C+ | Final: C+,   VA2010 Intro. to Creative Thinking  : Midterm: A | Final: A,spring 2020,  CP 3310 Organic Chemistry II  : Midterm: A | Final: B,   CP 3312 Organic Chemistry Lab II  : Midterm: B | Final: B+,   EL 3500  Lit Across Cultures I:Analysis   : Midterm: A | Final: B+,   HI 2681 Intro to Europe Hist:1350-Present  : Midterm: A | Final: A,fall  2020,  CP 3400 Analytical Chemistry-Lect/Lab  : Midterm: A | Final: A,  BS 2400 Basic Bio Sciences I   : Midterm: B | Final: B+, VA2020 Basic Design     : Midterm: A | Final: A,  VA2030 Drawing   : Midterm: A | Final: A,,,,,,,,,,,606b5915962b7170e065a2df,Part Time,700605751,Walton Grizard,6GNsNF,9/12/1995,02 Namekagon Park,,,,,,,0
ktourmellb9@webmd.com,Philosophy and Religion,,,,,,,,,,,,,,,,,,,,,,,,,,,,,,,,,,,,,,,,,,,,,Undergraduate - Sophomore,fall 2019, HI1010 World Religions: West : Midterm: A | Final: A,  EL 1000 English Comp I: Exposition   : Midterm: B | Final: B+,   HI 2681 Intro to Europe Hist:1350-Present   : Midterm: A | Final: A, AS 2112 American People I    : Midterm: A | Final: A,spring 2020,   HI1020 World Religions: East : Midterm: A | Final: A,   EL 2239 Horror Literature  : Midterm: B | Final: B+, AS 2122 American People II     : Midterm: A | Final: A, VA2010 Intro. to Creative Thinking    : Midterm: A | Final: A,fall 2020,  HI2720 Introduction to Philosophy : Midterm: A | Final: A,  HI2155 Introduction to Comparative Religion : Midterm: B | Final: B+,   EL 3600 US Literature I   : Midterm: B+ | Final: B+,  VA2020 Basic Design   : Midterm: A | Final: A,,,,,,,,,,,,,,,,,,,,,606b5915962b7170e065a2e0,Part Time,700661615,Keeley Tourmell,8b2X3ODnZlck,3/7/1996,73 Stephen Park,,,,,,,0
smaccaghanba@google.nl,History,,,,,,,,,,,,,,,,,,,,,,,,,,,,,,,,,,,,,,,,,,,,,Undergraduate - Senior,fall 2017,  EL 1000 English Comp I: Exposition  : Midterm: A | Final: A,   HI 2681 Intro to Europe Hist:1350-Present  : Midterm: B | Final: B+,   HI 3080   Asian Cultures: Midterm: C+ | Final: C+,  AS 2112 American People I   : Midterm: A | Final: A,spring 2018,  EL 2239 Horror Literature  : Midterm: A | Final: A,  AS 2122 American People II  : Midterm: B | Final: B+,  HI 3091 African Cultures    : Midterm: C+ | Final: C+,   VA4460 Digital Animation  : Midterm: A | Final: A,fall 2018, EL 3810  Eng Lit II:Romantics - Present: Midterm: A | Final: A,  HI 3110 Latin American Culture : Midterm: B | Final: B+,  HI 3640  African History    : Midterm: C+ | Final: C+,  VA2045 Introduction to Color    : Midterm: A | Final: A,spring 2019, HI 3835 Islamic Cultures   : Midterm: A | Final: A,   HI 4308 History Modern Middle East  : Midterm: B | Final: B+,   HI 4632 Japanese History Through Literature   : Midterm: C+ | Final: C+,  VA2500 Art History I: 19th Century Art   : Midterm: A | Final: A,fall  2019, HI 4800  History of India   : Midterm: A | Final: A,   HI 4900 Modern China-Study Abroad  : Midterm: B | Final: B+,  VA2045 Introduction to Color    : Midterm: C+ | Final: C+,   VA2020 Basic Design  : Midterm: A | Final: A,spring 2020,  HI 4905 Chinese Civilization  : Midterm: A | Final: A,  PE 4690 Politics of Lat Amer/Caribbean   : Midterm: B | Final: B+,    HI 4001 19th Century  : Midterm: C+ | Final: C+, VA2010 Intro. to Creative Thinking    : Midterm: A | Final: A,fall 2020,  HI 4011  20th Century  : Midterm: A | Final: A,  HI 4700  Modern Global Environments   : Midterm: B | Final: B+,  VA3100 Visual Culture    : Midterm: C+ | Final: C+,  MA3160 Linear Algebra   : Midterm: A | Final: A,606b5915962b7170e065a2e1,Full Time,700482323,Shaylah MacCaghan,IwZ3E3,10/13/1995,97254 Blackbird Court,,,,,,,0
rgrigorinibb@opera.com,Adolescence Education: Social Studies (7-12),,,,,,,,,,,,,,,,,,,,,,,,,,,,,,,,,,,,,,,,,,,,,Undergraduate - Junior,fall 2018,   AS 2112 American People I : Midterm: A | Final: A,  EL 1000 English Comp I: Exposition   : Midterm: B | Final: B+,   HI 4308 History Modern Middle East   : Midterm: C+ | Final: C+,  VA3200 Art Tutorials I   : Midterm: A | Final: A,spring 2019,  AS 2122 American People II  : Midterm: A | Final: A,   HI 3835 Islamic Cultures  : Midterm: B | Final: B+,   EL 2239 Horror Literature   : Midterm: B | Final: B,   VA4200 Art Tutorials II  : Midterm: A | Final: A,fall 2019,  HI 3080   Asian Cultures  : Midterm: A | Final: A,   HI 3110 Latin American Culture  : Midterm: B | Final: B+,   EL 3010  Structure & Grammar of English   : Midterm: B | Final: B,  VA5200 Art Tutorials III   : Midterm: A | Final: A,spring 2020,  HI 3091 African Cultures  : Midterm: A | Final: A,  VA2010 Intro. to Creative Thinking   : Midterm: B | Final: B+,   HI 4308 History Modern Middle East   : Midterm: B | Final: B,  HI 7500 Questioning Global History   : Midterm: A | Final: A,fall  2020,   VA2020 Basic Design : Midterm: A | Final: A,   HI 3835 Islamic Cultures  : Midterm: B | Final: B+,    HI 6565 Topics in the History of India  : Midterm: B+ | Final: B+,  HI 6540 Topics in European History   : Midterm: A | Final: A,,,,,,,,,,,606b5915962b7170e065a2e2,Full Time,700478381,Rosella Grigorini,aNma6b,12/19/1998,68057 Elka Way,,,,,,,0
ldaglishbc@about.com,Philosophy and Religion,,,,,,,,,,,,,,,,,,,,,,,,,,,,,,,,,,,,,,,,,,,,,Undergraduate - Junior,fall 2018, HI1010 World Religions: West : Midterm: A | Final: A,  EL 1000 English Comp I: Exposition   : Midterm: B | Final: B+,   HI 2681 Intro to Europe Hist:1350-Present   : Midterm: A | Final: A, AS 2112 American People I    : Midterm: A | Final: A,spring 2019,   HI1020 World Religions: East : Midterm: A | Final: A,   EL 2239 Horror Literature  : Midterm: B | Final: B+, AS 2122 American People II     : Midterm: A | Final: A, VA2010 Intro. to Creative Thinking    : Midterm: A | Final: A,fall 2019,  HI2720 Introduction to Philosophy : Midterm: A | Final: A,  HI2155 Introduction to Comparative Religion : Midterm: B | Final: B+,   EL 3600 US Literature I   : Midterm: B+ | Final: B+,  VA2020 Basic Design   : Midterm: A | Final: A,spring 2020,  HI2700 Introduction to Logic: Midterm: A | Final: A,  HI3011 Foundations of Judeo-Christian Tradition : Midterm: B | Final: B+,   VA2030 Drawing   : Midterm: B+ | Final: B+,  VA2045 Introduction to Color   : Midterm: A | Final: A,fall  2020, HI3080 Asian Cultures : Midterm: A | Final: A,    HI3091 African Cultures : Midterm: B | Final: B+,  VA2500 Art History I: 19th Century Art    : Midterm: B+ | Final: B+,  VA3400 Digital Imaging   : Midterm: A | Final: A,,,,,,,,,,,606b5915962b7170e065a2e3,Part Time,700926618,Lyon Daglish,L6Fm1oNAF1O,2/12/1996,9 East Circle,,,,,,,0
bpiggensbe@eventbrite.com,Chemistry,,,,,,,,,,,,,,,,,,,,,,,,,,,,,,,,,,,,,,,,,,,,,Undergraduate - Freshman,fall 2020, CP 4700  Physical Chemistry I : Midterm: A | Final: A,  EL 1000 English Comp I: Exposition   : Midterm: B | Final: B+,   HI 2681 Intro to Europe Hist:1350-Present   : Midterm: A | Final: A, CP 2121Principles of Chemistry Lab I : Midterm: A | Final: A,,,,,,,,,,,,,,,,,,,,,,,,,,,,,,,606b5915962b7170e065a2e4,Part Time,700081328,Brinna Piggens,ItL7YdzB,6/18/1997,44876 Arkansas Avenue,,,,,,,0
jsweetzerbd@discovery.com,Computer & Information Science,,,,,,,,,,,,,,,,,,,,,,,,,,,,,,,,,,,,,,,,,,,,,Undergraduate - Freshman,fall 2020, CS 2510 Computer Programming I : Midterm: A | Final: A,  EL 1000 English Comp I: Exposition   : Midterm: B | Final: C+,   HI 2681 Intro to Europe Hist:1350-Present   : Midterm: B+ | Final: C, AS 2112 American People I    : Midterm: A | Final: A,,,,,,,,,,,,,,,,,,,,,,,,,,,,,,,606b5915962b7170e065a2e5,Full Time,700083965,Janelle Sweetzer,8bqSRZOzy,3/28/1998,25 6th Lane,,,,,,,0
brossiterbf@digg.com,Business Administration,,,,,,,,,,,,,,,,,,,,,,,,,,,,,,,,,,,,,,,,,,,,,Undergraduate - Freshman,fall 2020, BU 3010 Information Systems for Managers   : Midterm: A | Final: A,  EL 1000 English Comp I: Exposition   : Midterm: B | Final: B+,   HI 2681 Intro to Europe Hist:1350-Present   : Midterm: A | Final: A , VA2020 Basic Design    : Midterm: A | Final: A,,,,,,,,,,,,,,,,,,,,,,,,,,,,,,,606b5915962b7170e065a2e6,Part Time,700174182,Bobby Rossiter,22hyfyBze20b,3/6/1998,66 Namekagon Alley,,,,,,,0
gnormanellbi@goo.ne.jp,Sociology,,,,,,,,,,,,,,,,,,,,,,,,,,,,,,,,,,,,,,,,,,,,,Undergraduate - Freshman,fall 2018, SY2400 Sociology Through the Arts : Midterm: A | Final: A,  EL 1000 English Comp I: Exposition   : Midterm: A | Final: A,   VA2010 Intro. to Creative Thinking    : Midterm: A | Final: A, AS 2112 American People I    : Midterm: A | Final: A,,,,,,,,,,,,,,,,,,,,,,,,,,,,,,,606b5915962b7170e065a2e7,Full Time,700398009,Graham Normanell,2wqJycEV5FSf,7/26/1995,68462 Holy Cross Lane,,,,,,,0
smccreadybj@devhub.com,Media and Communications,,,,,,,,,,,,,,,,,,,,,,,,,,,,,,,,,,,,,,,,,,,,,Undergraduate - Sophomore,fall 2019, AS2020 New Media CE   : Midterm: A | Final: A,   VA2010 Intro. to Creative Thinking  : Midterm: B | Final: B+, HI 2681 Intro to Europe Hist:1350-Present     : Midterm: B+ | Final: B+, EL 1000 English Comp I: Exposition    : Midterm: A | Final: A,spring 2020, AS2652 Media Studies   : Midterm: A | Final: A,   VA2020 Basic Design  : Midterm: B | Final: B+,   AS 2112 American People I   : Midterm: B+ | Final: B+, EL 2239 Horror Literature    : Midterm: A | Final: A,fall 2020,  AS2700 The Engaged Eye  : Midterm: A | Final: A,    AS3310 From Citizen to Consumer : Midterm: B | Final: B+, VA2030 Drawing     : Midterm: B+ | Final: B+,  AS 2122 American People II   : Midterm: A | Final: A,,,,,,,,,,,,,,,,,,,,,606b5915962b7170e065a2e8,Part Time,700408874,Sherri McCready,DTAUvh,9/18/1997,424 Corry Crossing,,,,,,,0
losherrinbg@nhs.uk,Criminology,,,,,,,,,,,,,,,,,,,,,,,,,,,,,,,,,,,,,,,,,,,,,Graduate,fall 2016, SY 1500  Intro Sociology: Midterm: A | Final: A,  EL 1000 English Comp I: Exposition   : Midterm: B | Final: B+,   HI 2681 Intro to Europe Hist:1350-Present   : Midterm: C+ | Final: C+, AS 2112 American People I    : Midterm: A | Final: A,spring 2017,   CR 1500 Intro to Criminology : Midterm: A | Final: A,   EL 2239 Horror Literature  : Midterm: B | Final: B+, AS 2122 American People II     : Midterm: C+ | Final: C+, VA2010 Intro. to Creative Thinking    : Midterm: A | Final: A,fall 2017,  CR 2090  Juvenile Delinquency : Midterm: A | Final: A,  CR 3092 Victimology : Midterm: B | Final: B+,   EL 3600 US Literature I   : Midterm: B+ | Final: B+,  VA2020 Basic Design   : Midterm: A | Final: A,spring 2018,  CR 3093  Criminal Justice Admin : Midterm: A | Final: A,  CR 3094 Drugs and Society   : Midterm: B | Final: B+,   VA2030 Drawing   : Midterm: B+ | Final: B+,  VA2045 Introduction to Color   : Midterm: A | Final: A,fall  2018, CR 3117  Policing Bodies : Midterm: A | Final: A,    CR 3200  Crime : Midterm: B | Final: B+,  VA2500 Art History I: 19th Century Art    : Midterm: B+ | Final: B+,  VA3400 Digital Imaging   : Midterm: A | Final: A,spring 2019,  CR 4000 Gender : Midterm: A | Final: A,   CR 4091 Punishment & Corrections : Midterm: B | Final: B+,   CR 4099 Sociology of Violence : Midterm: B+ | Final: B+,  CR 4999 Issues in Criminology : Midterm: A | Final: A,fall 2019, SY 2600  Social Deviance : Midterm: A | Final: A,  SY 4810 Law & Justice : Midterm: B | Final: B+, SY 4520 Research Methods I  : Midterm: B+ | Final: B+,  SY 4530 Sociological Theory I : Midterm: A | Final: A,606b5915962b7170e065a2e9,Full Time,700002450,Lorrayne O'Sherrin,3R9W6mfvxQ3m,10/17/1996,749 Lakewood Gardens Hill,spring 2020, SY 4570 Research Methods II : Midterm: A | Final: A,   CR 4550 Theories of Crime : Midterm: B | Final: B+,   PY2010 Introduction to Psychology : Midterm: B+ | Final: B+, PY3620 Drugs & Behavior : Midterm: A | Final: A,,0
eheppnerbh@squarespace.com,Adolescence Education: Mathematics (7-12),,,,,,,,,,,,,,,,,,,,,,,,,,,,,,,,,,,,,,,,,,,,,Undergraduate - Senior,fall 2017, MA2310 Calculus and Analytic Geometry I: Midterm: A | Final: A,  EL 1000 English Comp I: Exposition   : Midterm: B | Final: B+,   HI 2681 Intro to Europe Hist:1350-Present   : Midterm: A | Final: A, AS 2112 American People I    : Midterm: A | Final: A,spring 2018,   MA2320 Calculus and Analytic Geometry II: Midterm: A | Final: A,   EL 2239 Horror Literature  : Midterm: B | Final: B+, AS 2122 American People II     : Midterm: C+ | Final: C+, VA2010 Intro. to Creative Thinking    : Midterm: A | Final: A,fall 2018,  MA3030 Discrete Mathematics: Midterm: A | Final: A,  MA3160 Linear Algebra: Midterm: B | Final: B+,   EL 3600 US Literature I   : Midterm: B+ | Final: B+,  VA2020 Basic Design   : Midterm: A | Final: A,spring 2019, MA3210 Intro. To Probability & Statistics: Midterm: A | Final: A, MA3330 Calculus and Analytic Geometry III  : Midterm: B | Final: B+,   VA2030 Drawing   : Midterm: B+ | Final: B+,  VA2045 Introduction to Color   : Midterm: A | Final: A,fall  2019, MA3520 Transition to Advanced Mathematics: Midterm: A | Final: A,    MA4360 Differential Equations : Midterm: B | Final: B+,  VA2500 Art History I: 19th Century Art    : Midterm: B+ | Final: B+,  VA3400 Digital Imaging   : Midterm: A | Final: A,spring 2020,  MA5120 Abstract Algebra I : Midterm: A | Final: B,   MA5320 Advanced Calculus I: Midterm: B | Final: B+,   CS2510 Computer Programming I : Midterm: B+ | Final: B+,  MA4100 Number Theory  : Midterm: A | Final: A,fall 2020, MA4200 Probability : Midterm: A | Final: A,  MA4510 Geometry: Midterm: B | Final: B+, MA4910 Operations Research I   : Midterm: B+ | Final: B+,  MA5230 Mathematical Statistics : Midterm: A | Final: A,606b5915962b7170e065a2ea,Part Time,700747242,Elli Heppner,cROemJDI,4/9/1995,8 Redwing Drive,,,,,,,0
nelgeebm@wikia.com,Finance,,,,,,,,,,,,,,,,,,,,,,,,,,,,,,,,,,,,,,,,,,,,,Undergraduate - Freshman,fall 2020,  VA2020 Basic Design   : Midterm: A | Final: A,   EL 1000 English Comp I: Exposition  : Midterm: A | Final: A,   AS 2112 American People I   : Midterm: A | Final: A,  VA3200 Art Tutorials I   : Midterm: A | Final: A,,,,,,,,,,,,,,,,,,,,,,,,,,,,,,,606b5915962b7170e065a2eb,Full Time,700943289,Nikki Elgee,OnaaPq,1/4/1998,966 Kensington Hill,,,,,,,0
eastbn@kickstarter.com,Biological Sciences,,,,,,,,,,,,,,,,,,,,,,,,,,,,,,,,,,,,,,,,,,,,,Undergraduate - Freshman,fall 2020,  BS4400 Cell Biology  : Midterm: A | Final: A,   EL 1000 English Comp I: Exposition  : Midterm: A | Final: A,   AS 2112 American People I   : Midterm: A | Final: A,  VA3200 Art Tutorials I   : Midterm: A | Final: A,,,,,,,,,,,,,,,,,,,,,,,,,,,,,,,606b5915962b7170e065a2ec,Part Time,700777375,Edyth Ast,p9WdGfRJ,3/16/1998,12 Ridgeway Terrace,,,,,,,0
ymulliganbo@myspace.com,Computer & Information Science,,,,,,,,,,,,,,,,,,,,,,,,,,,,,,,,,,,,,,,,,,,,,Undergraduate - Freshman,fall 2020, CS 2510 Computer Programming I : Midterm: A | Final: C,  EL 1000 English Comp I: Exposition   : Midterm: B | Final: C+,   HI 2681 Intro to Europe Hist:1350-Present   : Midterm: B+ | Final: C+, AS 2112 American People I    : Midterm: A | Final: C,,,,,,,,,,,,,,,,,,,,,,,,,,,,,,,606b5915962b7170e065a2ed,Full Time,700401400,Ysabel Mulligan,On8tf6B4P2,2/5/1997,496 Namekagon Pass,,,,,,,0
ojakubovitchbl@youtube.com,Management Information Systems,,,,,,,,,,,,,,,,,,,,,,,,,,,,,,,,,,,,,,,,,,,,,Undergraduate - Senior,fall 2017,CS 2510 Computer Programming I : Midterm: A | Final: A,EL 1000 English Comp I: Exposition: Midterm: B | Final: B+, MA2000 Applied Statistics : Midterm: C+ | Final: C+, VA2010 Intro. to Creative Thinking : Midterm: A | Final: A,spring 2018,CS 2511 Computer Programming II: Midterm: B | Final: B-,EL 2239 Horror Literature: Midterm: A | Final: A-, HI 2681 Intro to Europe Hist:1350-Present: Midterm: A | Final: A, CS 3611 Advanced C#: Midterm: A | Final: A,fall 2018, BU 3800 Marketing: Principles&Concepts: Midterm: A | Final: A, CS 3620 Computer Architecture I: Midterm: B | Final: B-, CS 3810  Data Structures & Algorithms: Midterm: A | Final: B+, VA2030 Drawing: Midterm: A | Final: A,spring 2019, EL 3010  Structure & Grammar of English : Midterm: A | Final: A,   VA2500 Art History I: 19th Century Art  : Midterm: B | Final: C+,    CS 3911 C++in Object Oriented Design  : Midterm: A | Final: A,  CS 4100 Technical Communications   : Midterm: A | Final: A,fall  2019,   VA3100 Visual Culture : Midterm: A | Final: A,   AS 2112 American People I  : Midterm: B | Final: B+,   CS 4501 Software Engineering   : Midterm: A+ | Final: C+,   CS 4550 Database Management Systems  : Midterm: A | Final: A,spring 2020,   AS 2122 American People II : Midterm: A | Final: A,   VA3400 Digital Imaging  : Midterm: B | Final: B+,    CS 4720 Internet & Web Tech  : Midterm: b+ | Final: B+,     : Midterm: A | Final: A,fall 2020,  VA2320 Graphic Design I  : Midterm: A | Final: A,  HI 3091 African Cultures   : Midterm: B | Final: B+,     CS 5710 Computer Networks : Midterm: A | Final: A,  BU4110 Organizational Behavior & Management   : Midterm: A | Final: A,606b5915962b7170e065a2ee,Full Time,700804802,Ofelia Jakubovitch,c5a6SeZ,2/11/1996,002 Katie Center,,,,,,,0
sallikerbp@hibu.com,Computer & Information Science,,,,,,,,,,,,,,,,,,,,,,,,,,,,,,,,,,,,,,,,,,,,,Undergraduate - Sophomore,fall 2019,  VA2010 Intro. to Creative Thinking  : Midterm: A | Final: A, CS 2510 Computer Programming I  : Midterm: B | Final: B+,  VA2030 Drawing    : Midterm: A| Final: A,   AS 2112 American People I  : Midterm: A | Final: A,spring 2020, EL 1000 English Comp I: Exposition   : Midterm: A | Final: A,  VA2020 Basic Design   : Midterm: B | Final: B+,   CS 2511 Computer Programming II     : Midterm: A | Final: A,  CS 3620 Computer Architecture I   : Midterm: A | Final: A,fall 2020,  EL 2239 Horror Literature  : Midterm: A | Final: A,  CS 3810  Data Structures & Algorithms : Midterm: B | Final: B+,  HI 2681 Intro to Europe Hist:1350-Present    : Midterm: A | Final: A,  EL 3800 Eng Lit I:Beowulf-18th Century   : Midterm: A | Final: A,,,,,,,,,,,,,,,,,,,,,606b5915962b7170e065a2ef,Part Time,700539939,Seka Alliker,XOolzj,4/8/1995,0881 Johnson Pass,,,,,,,0
vboultwoodbk@youtu.be,Chemistry,,,,,,,,,,,,,,,,,,,,,,,,,,,,,,,,,,,,,,,,,,,,,Undergraduate - Sophomore,fall 2019, CP 4700  Physical Chemistry I : Midterm: A | Final: B,  EL 1000 English Comp I: Exposition   : Midterm: B | Final: C+,   HI 2681 Intro to Europe Hist:1350-Present   : Midterm: A | Final: A, CP 2121Principles of Chemistry Lab I : Midterm: A | Final: A,spring 2020,   CP 2130  Principles of Chemistry II : Midterm: A | Final: A,   EL 2239 Horror Literature  : Midterm: B | Final: B+, AS 2122 American People II     : Midterm: B+ | Final: B+, VA2010 Intro. to Creative Thinking    : Midterm: A | Final: A,fall 2020,  CP 2240  General Physics I: Midterm: A | Final: A,  CP 2120 Principles of Chemistry I : Midterm: B | Final: B+,   EL 3600 US Literature I   : Midterm: B+ | Final: C+,  VA2020 Basic Design   : Midterm: A | Final: A,,,,,,,,,,,,,,,,,,,,,606b5915962b7170e065a2f0,Full Time,700849524,Vikky Boultwood,F1MVrxhN,7/20/1997,9162 Merchant Center,,,,,,,0
pleathembq@elegantthemes.com,Politics & Economics & Law,,,,,,,,,,,,,,,,,,,,,,,,,,,,,,,,,,,,,,,,,,,,,Graduate,fall 2016, PE2300 Introduction to Law   : Midterm: A | Final: A,  EL 1000 English Comp I: Exposition   : Midterm: B | Final: B+,   HI 2681 Intro to Europe Hist:1350-Present   : Midterm: C+ | Final: B+, AS 2112 American People I    : Midterm: A | Final: A,spring 2017,   PE2650 Introduction to U.S. Politics : Midterm: A | Final: A,   EL 2239 Horror Literature  : Midterm: B | Final: B+, AS 2122 American People II     : Midterm: C+ | Final: B, VA2010 Intro. to Creative Thinking    : Midterm: A | Final: A,fall 2017,  IR2210 Unions and Management: An Introduction  : Midterm: A | Final: A,  PE2220 Introduction to Urban Issues   : Midterm: B | Final: B+,   EL 3600 US Literature I   : Midterm: C+ | Final: B,  VA2020 Basic Design   : Midterm: A | Final: A,spring 2018,  PE2400 Introduction to Political Economy  : Midterm: A | Final: A,  PE3100 International Relations   : Midterm: B | Final: B+,   VA2030 Drawing   : Midterm: A | Final: A,  VA2045 Introduction to Color   : Midterm: A | Final: A,fall  2018, PE4320 Jurisprudence: Legal Thought   : Midterm: A | Final: A,    PE4470 History of Economic Thought : Midterm: B | Final: B+,  VA2500 Art History I: 19th Century Art    : Midterm: A | Final: A,  VA3400 Digital Imaging   : Midterm: A | Final: A,spring 2019,  PE4620 Political and Social Thought  : Midterm: A | Final: A,   PE4580 Origins of the Capitalist Economy  : Midterm: B | Final: B+,   PE4590 Global Economy in the 20th Century   : Midterm: A | Final: A,  PE 2650 Intro to U.S. Politics   : Midterm: A | Final: A,fall 2019, IR 2210 Unions & Management: An Intro   : Midterm: A | Final: A,  IR 3140 Unions & Public Policy   : Midterm: B | Final: B+, IR 3300 CollectiveBarg & GrievanceProc     : Midterm: C+ | Final: B,  IR 4320 Labor & Employment Law   : Midterm: A | Final: A,606b5915962b7170e065a2f1,Full Time,700282069,Prescott Leathem,uyyTFKz0Q9x,5/14/1995,9 Arapahoe Junction,spring 2020, BU3600 Principles Business Law   : Midterm: A | Final: A,   IR 3415 Labor Economics  : Midterm: B | Final: B+,   IR 3860 Development of the Modern Corp   : Midterm: A | Final: A, BU 5125  Business Ethics    : Midterm: A | Final: A,,0
tlaurancebr@mozilla.org,English,,,,,,,,,,,,,,,,,,,,,,,,,,,,,,,,,,,,,,,,,,,,,Undergraduate - Junior,fall 2018,   EL 1000 English Comp I: Exposition : Midterm: A | Final: A,  HI 2681 Intro to Europe Hist:1350-Present   : Midterm: B | Final: B+,   VA2020 Basic Design   : Midterm: B+ | Final: B+,  VA2030 Drawing   : Midterm: A | Final: A,spring 2019, EL 2239 Horror Literature   : Midterm: A | Final: A,  AS 2112 American People I   : Midterm: B | Final: B+,    VA2045 Introduction to Color  : Midterm: B+ | Final: B+,    VA2500 Art History I: 19th Century Art : Midterm: A | Final: A,fall 2019, EL 3010  Structure & Grammar of English   : Midterm: A | Final: A,  EL 3500  Lit Across Cultures I:Analysis   : Midterm: B | Final: B+,   AS 2122 American People II   : Midterm: B+ | Final: B+,  VA3200 Art Tutorials I   : Midterm: A | Final: A,spring 2020,  EL 3510  Lit Across Cultures II:Theory  : Midterm: A | Final: A,   EL 3600 US Literature I  : Midterm: B | Final: B+,   VA4200 Art Tutorials II   : Midterm: B+ | Final: B+,   VA2320 Graphic Design I  : Midterm: A | Final: A,fall  2020, EL 4400  Critical Theory   : Midterm: A | Final: A,    EL 3610  US Literature II : Midterm: B | Final: B+, HI 4800  History of India     : Midterm: B+ | Final: B+,  EL 4311 Greek Drama    : Midterm: A | Final: A,,,,,,,,,,,606b5915962b7170e065a2f2,Part Time,700399039,Thurston Laurance,UBh9N7tXmb,3/5/1996,3 Lindbergh Lane,,,,,,,0
blynnettbt@nationalgeographic.com,Business Administration,,,,,,,,,,,,,,,,,,,,,,,,,,,,,,,,,,,,,,,,,,,,,Undergraduate - Sophomore,fall 2018, BU 3010 Information Systems for Managers   : Midterm: A | Final: A,   BU 3502 Principles of Accounting I  : Midterm: B | Final: B+,   EL 1000 English Comp I: Exposition   : Midterm: A | Final: A,   AS 2112 American People I  : Midterm: A | Final: A,spring 2019,  MA 2300 Calc/Business & Economics  : Midterm: A | Final: A,   BU3600 Principles Business Law  : Midterm: B | Final: B+,   AS 2122 American People II   : Midterm: A | Final: A,   BU 3800 Marketing: Principles&Concepts  : Midterm: A | Final: A,fall 2019, BU 4110 Organizational Behavior & Mgmt   : Midterm: A | Final: A, BU 4120  Global Business    : Midterm: B | Final: B-,  EL 2239 Horror Literature    : Midterm: A | Final: A,  HI 2681 Intro to Europe Hist:1350-Present   : Midterm: A | Final: B,,,,,,,,,,,,,,,,,,,,,606b5915962b7170e065a2f3,Part Time,700047732,Brett Lynnett,6ED8EAuMs1,8/30/1995,7 Thierer Hill,,,,,,,0
mscallanbs@chron.com,Sociology,,,,,,,,,,,,,,,,,,,,,,,,,,,,,,,,,,,,,,,,,,,,,Graduate,fall 2016, SY2400 Sociology Through the Arts : Midterm: A | Final: A,  EL 1000 English Comp I: Exposition   : Midterm: B | Final: B+,   HI 2681 Intro to Europe Hist:1350-Present   : Midterm: C+ | Final: C+, AS 2112 American People I    : Midterm: A | Final: A,spring 2017,   SY2550 Social Problems: Midterm: A | Final: A,   EL 2239 Horror Literature  : Midterm: B | Final: B+, AS 2122 American People II     : Midterm: C+ | Final: C+, VA2010 Intro. to Creative Thinking    : Midterm: A | Final: A,fall 2017,  SY2600 Social Deviance: Midterm: A | Final: A,  SY2800 Race : Midterm: B | Final: B+,   EL 3600 US Literature I   : Midterm: B+ | Final: B+,  VA2020 Basic Design   : Midterm: A | Final: A,spring 2018, SY3160 Sociology of Culture: Midterm: A | Final: A,  SY3280 Social Inequality: Midterm: B | Final: B+,   VA2030 Drawing   : Midterm: B+ | Final: B+,  VA2045 Introduction to Color   : Midterm: A | Final: A,fall  2018, SY3630 Political Sociology : Midterm: A | Final: A,    SY3700 Family and Society : Midterm: B | Final: B+,  VA2500 Art History I: 19th Century Art    : Midterm: B+ | Final: B+,  VA3400 Digital Imaging   : Midterm: A | Final: A,spring 2019,  SY3750 Medical Sociology : Midterm: A | Final: A,   SY3800 Race and Ethnicity: Midterm: B | Final: B+,   SY3900 Social Movements : Midterm: B+ | Final: B+,  SY3910 Sociology of Work : Midterm: A | Final: A,fall 2019, SY4260 Social Work: Theory and Practice : Midterm: A | Final: A,  SY4270 Internship in Social Work : Midterm: B | Final: B+, Sociology and Criminology : Midterm: B+ | Final: B+,SY4400 Social Psychology   : Midterm: A | Final: A,606b5915962b7170e065a2f4,Full Time,700601896,Marty Scallan,dN0NkPKHKW,6/13/1997,70 Pine View Park,spring 2020, SY4500 Global Sociology : Midterm: A | Final: A,   SY4600 Social Programs : Midterm: B | Final: B+,   SY4810 Law and Justice : Midterm: B+ | Final: B+, SY4830 Gender and Society: Midterm: A | Final: A,,0
snundbw@google.de,Childhood Education (1-6),,,,,,,,,,,,,,,,,,,,,,,,,,,,,,,,,,,,,,,,,,,,,Undergraduate - Freshman,fall 2020, ED3700 Child Development for Teachers : Midterm: A | Final: A,  EL 1000 English Comp I: Exposition   : Midterm: B | Final: B+,   HI 2681 Intro to Europe Hist:1350-Present   : Midterm: B+ | Final: B+, AS 2112 American People I    : Midterm: A | Final: A,,,,,,,,,,,,,,,,,,,,,,,,,,,,,,,606b5915962b7170e065a2f5,Part Time,700319022,Sylvester Nund,75o3j23mJdO,1/23/1997,758 Lakewood Gardens Way,,,,,,,0
gburmanbu@hc360.com,Adolescence Education: Mathematics (7-12),,,,,,,,,,,,,,,,,,,,,,,,,,,,,,,,,,,,,,,,,,,,,Undergraduate - Senior,fall 2017, MA2310 Calculus and Analytic Geometry I: Midterm: A | Final: A,  EL 1000 English Comp I: Exposition   : Midterm: B | Final: B+,   HI 2681 Intro to Europe Hist:1350-Present   : Midterm: C+ | Final: C+, AS 2112 American People I    : Midterm: A | Final: A,spring 2018,   MA2320 Calculus and Analytic Geometry II: Midterm: A | Final: A,   EL 2239 Horror Literature  : Midterm: B | Final: B+, AS 2122 American People II     : Midterm: C+ | Final: C+, VA2010 Intro. to Creative Thinking    : Midterm: A | Final: A,fall 2018,  MA3030 Discrete Mathematics: Midterm: A | Final: A,  MA3160 Linear Algebra: Midterm: B | Final: B+,   EL 3600 US Literature I   : Midterm: B+ | Final: B+,  VA2020 Basic Design   : Midterm: A | Final: A,spring 2019, MA3210 Intro. To Probability & Statistics: Midterm: A | Final: A, MA3330 Calculus and Analytic Geometry III  : Midterm: B | Final: B+,   VA2030 Drawing   : Midterm: B+ | Final: B+,  VA2045 Introduction to Color   : Midterm: A | Final: A,fall  2019, MA3520 Transition to Advanced Mathematics: Midterm: A | Final: A,    MA4360 Differential Equations : Midterm: B | Final: B+,  VA2500 Art History I: 19th Century Art    : Midterm: B+ | Final: B+,  VA3400 Digital Imaging   : Midterm: A | Final: A,spring 2020,  MA5120 Abstract Algebra I : Midterm: A | Final: A,   MA5320 Advanced Calculus I: Midterm: B | Final: B+,   CS2510 Computer Programming I : Midterm: B+ | Final: B+,  MA4100 Number Theory  : Midterm: A | Final: A,fall 2020, MA4200 Probability : Midterm: A | Final: A,  MA4510 Geometry: Midterm: B | Final: B+, MA4910 Operations Research I   : Midterm: B+ | Final: B+,  MA5230 Mathematical Statistics : Midterm: A | Final: A,606b5915962b7170e065a2f6,Part Time,700144346,Garnette Burman,dVCB6M,1/1/1995,0134 Ronald Regan Avenue,,,,,,,0
bfroomebv@google.com,Accounting,,,,,,,,,,,,,,,,,,,,,,,,,,,,,,,,,,,,,,,,,,,,,Undergraduate - Sophomore,fall 2019, BU 3502Principles of Accounting I : Midterm: A | Final: A,  EL 1000 English Comp I: Exposition   : Midterm: B | Final: B+,   HI 2681 Intro to Europe Hist:1350-Present   : Midterm: B+ | Final: B+, AS 2112 American People I    : Midterm: A | Final: A,spring 2020,BU 3511Principles of Accounting II : Midterm: A | Final: A,   EL 2239 Horror Literature  : Midterm: B | Final: B+, AS 2122 American People II     : Midterm: B+ | Final: B+, VA2010 Intro. to Creative Thinking    : Midterm: A | Final: A,fall 2020,BU 4500 Intermediate Accounting I : Midterm: A | Final: A,  MA 2300 Calculus for Business & Economics : Midterm: B | Final: B+,   EL 3600 US Literature I   : Midterm: B+ | Final: B+,  VA2020 Basic Design   : Midterm: A | Final: A,,,,,,,,,,,,,,,,,,,,,606b5915962b7170e065a2f7,Full Time,700907479,Billy Froome,cXc5qrTgPd,6/6/1997,144 Dovetail Pass,,,,,,,0
jdietschebx@ameblo.jp,Marketing,,,,,,,,,,,,,,,,,,,,,,,,,,,,,,,,,,,,,,,,,,,,,Undergraduate - Sophomore,fall 2019, MA2300 Calculus for Business & Economics : Midterm: A | Final: A,  EL 1000 English Comp I: Exposition   : Midterm: B | Final: B+,   HI 2681 Intro to Europe Hist:1350-Present   : Midterm: B+ | Final: B+, AS 2112 American People I    : Midterm: A | Final: A,spring 2020,   BU3600 Principles Business Law : Midterm: A | Final: A,   EL 2239 Horror Literature  : Midterm: B | Final: B+, AS 2122 American People II     : Midterm: B+ | Final: B+, VA2010 Intro. to Creative Thinking    : Midterm: A | Final: A,fall 2020,  BU3800 Marketing: Principles & Concepts  : Midterm: A | Final: A,  BU3905 Business Communication : Midterm: B | Final: B+,   EL 3600 US Literature I   : Midterm: B+ | Final: B+,  VA2020 Basic Design   : Midterm: A | Final: A,,,,,,,,,,,,,,,,,,,,,606b5915962b7170e065a2f8,Part Time,700911355,Judy Dietsche,Nu6SqHMb,10/8/1996,596 Norway Maple Park,,,,,,,0
fbrowellby@ask.com,Psychology,,,,,,,,,,,,,,,,,,,,,,,,,,,,,,,,,,,,,,,,,,,,,Undergraduate - Sophomore,fall 2019, PY2010 Introduction to Psychology: Midterm: A | Final: A,  EL 1000 English Comp I: Exposition   : Midterm: B | Final: B+,   HI 2681 Intro to Europe Hist:1350-Present   : Midterm: B | Final: B, AS 2112 American People I    : Midterm: A | Final: A,spring 2020,   PY3110 Research Methods I: (Orientation): Midterm: A | Final: A,   EL 2239 Horror Literature  : Midterm: B | Final: B+, AS 2122 American People II     : Midterm: B | Final: B, VA2010 Intro. to Creative Thinking    : Midterm: A | Final: A,fall 2020,  PY3120 Research Methods II: (Statistics)  : Midterm: A | Final: A,  PY4130 Field Experience and Research: Midterm: B | Final: B+,   EL 3600 US Literature I   : Midterm: B+ | Final: B+,  VA2020 Basic Design   : Midterm: A | Final: A,,,,,,,,,,,,,,,,,,,,,606b5915962b7170e065a2f9,Part Time,700700544,Fifine Browell,P74kn3ff06r,9/17/1997,1562 Bay Hill,,,,,,,0
cbalassac0@npr.org,Computer & Information Science,,,,,,,,,,,,,,,,,,,,,,,,,,,,,,,,,,,,,,,,,,,,,Undergraduate - Sophomore,fall 2019,  VA2010 Intro. to Creative Thinking  : Midterm: A | Final: A, CS 2510 Computer Programming I  : Midterm: B | Final: B+,  VA2030 Drawing    : Midterm: B | Final: B,   AS 2112 American People I  : Midterm: A | Final: A,spring 2020, EL 1000 English Comp I: Exposition   : Midterm: A | Final: A,  VA2020 Basic Design   : Midterm: B | Final: B+,   CS 2511 Computer Programming II     : Midterm: A | Final: A,  CS 3620 Computer Architecture I   : Midterm: A | Final: A,fall 2020,  EL 2239 Horror Literature  : Midterm: A | Final: A,  CS 3810  Data Structures & Algorithms : Midterm: B | Final: B+,  HI 2681 Intro to Europe Hist:1350-Present    : Midterm: A | Final: A,  EL 3800 Eng Lit I:Beowulf-18th Century   : Midterm: A | Final: A,,,,,,,,,,,,,,,,,,,,,606b5915962b7170e065a2fa,Part Time,700081128,Chloette Balassa,YQYDUJ7DbC,5/13/1996,66 Ohio Point,,,,,,,0
mmorrissc2@1688.com,Media and Communications,,,,,,,,,,,,,,,,,,,,,,,,,,,,,,,,,,,,,,,,,,,,,Undergraduate - Junior,fall 2018, AS2020 New Media CE    : Midterm: A | Final: A,  EL 1000 English Comp I: Exposition   : Midterm: B | Final: B+,  VA2320 Graphic Design I    : Midterm: A| Final: A,   HI 3110 Latin American Culture  : Midterm: A | Final: A,spring 2019,  AS2652 Media Studies  : Midterm: A | Final: A,    AS2700 The Engaged Eye : Midterm: B | Final: A,   EL 2239 Horror Literature   : Midterm: A | Final: A,   HI 4632 Japanese History Through Literature  : Midterm: A | Final: A,fall 2019,  AS3310 From Citizen to Consumer  : Midterm: A | Final: A,   AS3632 History of U.S. Film  : Midterm: B | Final: B+,   EL 3800 Eng Lit I:Beowulf-18th Century   : Midterm: A | Final: A, HI 4800  History of India    : Midterm: A | Final: A,spring 2020,  AS3712 American Film Genres  : Midterm: A | Final: A,    AS3722 History of Mass Media : Midterm: B | Final: B+,  AS3732 Politics of Media    : Midterm: B+ | Final: B+,    VA2010 Intro. to Creative Thinking : Midterm: A | Final: A,fall  2020,  AS3735 Documentary Media Studies  : Midterm: A | Final: A,  AS3742 Myths and Images in Film   : Midterm: B | Final: B+,  AS3745 Feminine and Masculine in Film    : Midterm: A| Final: A,   VA3200 Art Tutorials I  : Midterm: A | Final: A,,,,,,,,,,,606b5915962b7170e065a2fb,Part Time,700152268,Mic Morriss,V6GGX6cTlJfw,7/14/1997,89636 Bluestem Road,,,,,,,0
gpherpsc1@nationalgeographic.com,Psychology,,,,,,,,,,,,,,,,,,,,,,,,,,,,,,,,,,,,,,,,,,,,,Graduate,fall 2016, PY2010 Introduction to Psychology: Midterm: A | Final: A,  EL 1000 English Comp I: Exposition   : Midterm: B | Final: B+,   HI 2681 Intro to Europe Hist:1350-Present   : Midterm: A | Final: A, AS 2112 American People I    : Midterm: A | Final: A,spring 2017,   PY3110 Research Methods I: (Orientation): Midterm: A | Final: A,   EL 2239 Horror Literature  : Midterm: B | Final: B+, AS 2122 American People II     : Midterm: B | Final: B, VA2010 Intro. to Creative Thinking    : Midterm: A | Final: A,fall 2017,  PY3120 Research Methods II: (Statistics)  : Midterm: A | Final: A,  PY4130 Field Experience and Research: Midterm: B | Final: B+,   EL 3600 US Literature I   : Midterm: B+ | Final: B+,  VA2020 Basic Design   : Midterm: A | Final: A,spring 2018,  PY4100 Research Methods III (Advanced Research Skills)  : Midterm: A | Final: A,  PY3410 Cognitive Psychology   : Midterm: B | Final: B+,   VA2030 Drawing   : Midterm: B+ | Final: B+,  VA2045 Introduction to Color   : Midterm: A | Final: A,fall  2018, PY3420 Learning & Motivation: Midterm: A | Final: A,    PY3610 Brain & Behavior: Midterm: B | Final: B+,  VA2500 Art History I: 19th Century Art    : Midterm: B+ | Final: B+,  VA3400 Digital Imaging   : Midterm: A | Final: A,spring 2019,  PY3620 Drugs & Behavior: Midterm: A | Final: A,   PY3215 Foundations of Child Development : Midterm: B | Final: B+,   PY3310 Abnormal Human Behavior   : Midterm: B+ | Final: B+,  PY3311 Theories of Personality   : Midterm: A | Final: A,fall 2019, PY3510 Social Psychology : Midterm: A | Final: A,  PY2340 Community Psychology: Midterm: B | Final: B+, PY2530 Psychology of Prejudice     : Midterm: B+ | Final: B+,  PY2720 Psychology of Gender   : Midterm: A | Final: A,606b5915962b7170e065a2fc,Full Time,700447862,Grier Pherps,BOeeqSi2FT,3/21/1995,2 Debra Road,spring 2020, PY3710 Psychology & Social Justice   : Midterm: A | Final: A,   PH 3600  Social Determinants of Health  : Midterm: B | Final: B+,   PH 3610 Intro.-U.S.Health Care System: Midterm: B+ | Final: B+, PH 5900 Research Methods: Midterm: A | Final: A,,0
fhucklesbyc3@tripod.com,Adolescence Education: Chemistry (7-12),,,,,,,,,,,,,,,,,,,,,,,,,,,,,,,,,,,,,,,,,,,,,Undergraduate - Sophomore,fall 2019, CP 4510 Biochemistry I : Midterm: A | Final: A,   CP 2120 Principles of Chemistry I  : Midterm: A | Final: A,   CP 2121 Principles of Chemistry Lab I   : Midterm: A | Final: A,  CP 4520 Biochemistry Lab   : Midterm: A | Final: A,spring 2020, EL 3500  Lit Across Cultures I:Analysis   : Midterm: A | Final: A,  VA2500 Art History I: 19th Century Art: Midterm: B | Final: B+,  VA2010 Intro. to Creative Thinking : Midterm: A | Final: A,   EL 1000 English Comp I: Exposition  : Midterm: A | Final: A,fall 2020,  CP 3300 Organic Chemistry I  : Midterm: A | Final: A,   CP 3302 Organic Chemistry Lab I  : Midterm: B | Final: B+,  EL 2239 Horror Literature    : Midterm: A | Final: A,   BS 2400 Basic Bio Sciences I   : Midterm: A | Final: A,,,,,,,,,,,,,,,,,,,,,606b5915962b7170e065a2fd,Part Time,700917458,Fleming Hucklesby,sq0Nxp5Y,12/17/1996,7672 Cardinal Pass,,,,,,,0
celphc4@umn.edu,Media and Communications,,,,,,,,,,,,,,,,,,,,,,,,,,,,,,,,,,,,,,,,,,,,,Undergraduate - Freshman,fall 2020,  VA2010 Intro. to Creative Thinking  : Midterm: A | Final: A, BS4460 Genetics  : Midterm: B | Final: B+, EL 1000 English Comp I: Exposition    : Midterm: C+ | Final: C+,  VA3400 Digital Imaging     : Midterm: A | Final: A,,,,,,,,,,,,,,,,,,,,,,,,,,,,,,,606b5915962b7170e065a2fe,Full Time,700965769,Cleo Elph,fckxjxyl,6/1/1995,31103 Havey Parkway,,,,,,,0
kcarcassc5@indiatimes.com,Biological Sciences,,,,,,,,,,,,,,,,,,,,,,,,,,,,,,,,,,,,,,,,,,,,,Undergraduate - Sophomore,fall 2019,  VA2010 Intro. to Creative Thinking  : Midterm: A | Final: A, BS4460 Genetics  : Midterm: B | Final: B+, EL 1000 English Comp I: Exposition    : Midterm: C+ | Final: C+,  BS4400 Cell Biology: Midterm: A | Final: A,spring 2020, VA2030 Drawing    : Midterm: A | Final: A,  VA2020 Basic Design   : Midterm: B | Final: B+, VA3400 Digital Imaging     : Midterm: B+ | Final: B+, BS4440 Evolution: Midterm: A | Final: A,fall 2020,  EL 2239 Horror Literature  : Midterm: A | Final: A,  AS 2112 American People I  : Midterm: B | Final: B+,  BS2490 Environmental Science  : Midterm: B+ | Final: B,  BS3450 Plant Biology : Midterm: A | Final: B,,,,,,,,,,,,,,,,,,,,,606b5915962b7170e065a2ff,Part Time,700298850,Karlyn Carcass,g4VyYAMO0g,4/8/1995,8 Northport Pass,,,,,,,0
aloomisc8@facebook.com,Chemistry,,,,,,,,,,,,,,,,,,,,,,,,,,,,,,,,,,,,,,,,,,,,,Undergraduate - Freshman,fall 2018, VA2500 Art History I: 19th Century Art  : Midterm: A | Final: A,  EL 1000 English Comp I: Exposition   : Midterm: B | Final: B+,   VA2030 Drawing   : Midterm: A | Final: A, AS 2112 American People I    : Midterm: A | Final: A,,,,,,,,,,,,,,,,,,,,,,,,,,,,,,,606b5915962b7170e065a300,Full Time,700830690,Alexis Loomis,9D862T9Al,1/17/1997,2 Corry Parkway,,,,,,,0
gblenkinsoppc7@techcrunch.com,English,,,,,,,,,,,,,,,,,,,,,,,,,,,,,,,,,,,,,,,,,,,,,Undergraduate - Senior,fall 2018,   EL 1000 English Comp I: Exposition : Midterm: A | Final: A,  HI 2681 Intro to Europe Hist:1350-Present   : Midterm: B | Final: B+,VA2045 Introduction to Color : Midterm: B+ | Final: B+,  VA2030 Drawing   : Midterm: A | Final: A,spring 2019, EL 2239 Horror Literature   : Midterm: A | Final: A,  AS 2112 American People I   : Midterm: B | Final: B+,VA2020 Basic Design   : Midterm: B+ | Final: B+,    VA2500 Art History I: 19th Century Art : Midterm: A | Final: A,fall 2019, EL 3010  Structure & Grammar of English   : Midterm: A | Final: A,  EL 3500  Lit Across Cultures I:Analysis   : Midterm: B | Final: B+,   AS 2122 American People II   : Midterm: B+ | Final: B+,  VA3200 Art Tutorials I   : Midterm: A | Final: A,spring 2019,  EL 3510  Lit Across Cultures II:Theory  : Midterm: A | Final: A,   EL 3600 US Literature I  : Midterm: B | Final: B+,   VA4200 Art Tutorials II   : Midterm: B+ | Final: B+,   VA2320 Graphic Design I  : Midterm: A | Final: A,fall  2019, EL 4400  Critical Theory   : Midterm: A | Final: A,    EL 3610  US Literature II : Midterm: B | Final: B+, HI 4800  History of India     : Midterm: B+ | Final: B+,  EL 4311 Greek Drama    : Midterm: A | Final: A,spring 2020,  EL 3800 Eng Lit I:Beowulf-18th Century   : Midterm: A | Final: A,   EL 3810  Eng Lit II:Romantics - Present  : Midterm: B | Final: B+,  EL 4510  Modern Drama & Theatre    : Midterm: B+ | Final: B+, VA3100 Visual Culture    : Midterm: A | Final: A,fall 2020, EL 3560  Literatures of Europe:Part I   : Midterm: A | Final: A, EL 3950  Creative Non-Fiction: Midterm: B | Final: B+,   EL 4325 Shakespeare: Selected Plays   : Midterm: A | Final: A,  EL 4402 Sin & Sexuality in Literature   : Midterm: A | Final: A,606b5915962b7170e065a301,Part Time,700591544,Garey Blenkinsopp,nmmXaK9A,6/19/1997,34776 Lindbergh Center,,,,,,,0
gbrauntonc6@miibeian.gov.cn,Adolescence Education: Mathematics (7-12),,,,,,,,,,,,,,,,,,,,,,,,,,,,,,,,,,,,,,,,,,,,,Graduate,fall 2016, MA2310 Calculus and Analytic Geometry I: Midterm: A | Final: A,  EL 1000 English Comp I: Exposition   : Midterm: B | Final: B+,   HI 2681 Intro to Europe Hist:1350-Present   : Midterm: C+ | Final: C+, AS 2112 American People I    : Midterm: A | Final: A,spring 2017,   MA2320 Calculus and Analytic Geometry II: Midterm: A | Final: A,   EL 2239 Horror Literature  : Midterm: B | Final: B+, AS 2122 American People II     : Midterm: C+ | Final: C+, VA2010 Intro. to Creative Thinking    : Midterm: A | Final: A,fall 2017,  MA3030 Discrete Mathematics: Midterm: A | Final: A,  MA3160 Linear Algebra: Midterm: B | Final: B+,   EL 3600 US Literature I   : Midterm: B+ | Final: B+,  VA2020 Basic Design   : Midterm: A | Final: A,spring 2018, MA3210 Intro. To Probability & Statistics: Midterm: A | Final: A, MA3330 Calculus and Analytic Geometry III  : Midterm: B | Final: B+,   VA2030 Drawing   : Midterm: B+ | Final: B+,  VA2045 Introduction to Color   : Midterm: A | Final: A,fall  2018, MA3520 Transition to Advanced Mathematics: Midterm: A | Final: A,    MA4360 Differential Equations : Midterm: B | Final: B+,  VA2500 Art History I: 19th Century Art    : Midterm: B+ | Final: B+,  VA3400 Digital Imaging   : Midterm: A | Final: A,spring 2019,  MA5120 Abstract Algebra I : Midterm: A | Final: A,   MA5320 Advanced Calculus I: Midterm: B | Final: B+,   CS2510 Computer Programming I : Midterm: B+ | Final: B+,  MA4100 Number Theory  : Midterm: A | Final: A,fall 2019, MA4200 Probability : Midterm: A | Final: A,  MA4510 Geometry: Midterm: B | Final: B+, MA4910 Operations Research I   : Midterm: B+ | Final: B+,  MA5230 Mathematical Statistics : Midterm: A | Final: A,606b5915962b7170e065a302,Full Time,700033271,Gasper Braunton,nW7jktV,10/27/1995,99312 Grayhawk Avenue,spring 2020, MA4920 Operations Research II: Midterm: A | Final: A,   MA5380 Complex Analysis : Midterm: B | Final: B+,   MA5510 Topology : Midterm: B+ | Final: B+, CS2511 Computer Programming II Midterm: A | Final: A,,0
jparksca@bloglines.com,Sociology,,,,,,,,,,,,,,,,,,,,,,,,,,,,,,,,,,,,,,,,,,,,,Undergraduate - Junior,fall 2018, SY2400 Sociology Through the Arts : Midterm: A | Final: A,  EL 1000 English Comp I: Exposition   : Midterm: B | Final: B+,   VA2030 Drawing   : Midterm: A | Final: A, AS 2112 American People I    : Midterm: A | Final: A,spring 2019,   SY2550 Social Problems: Midterm: A | Final: A,   EL 2239 Horror Literature  : Midterm: B | Final: B+, AS 2122 American People II     : Midterm: B | Final: B, VA2010 Intro. to Creative Thinking    : Midterm: A | Final: A,fall 2019,  SY2600 Social Deviance: Midterm: A | Final: A,  SY2800 Race : Midterm: B | Final: B+,   EL 3600 US Literature I   : Midterm: B+ | Final: B+,  VA2020 Basic Design   : Midterm: A | Final: A,spring 2020, SY3160 Sociology of Culture: Midterm: A | Final: A,  SY3280 Social Inequality: Midterm: B | Final: B+,  HI 2681 Intro to Europe Hist:1350-Present  : Midterm: B+ | Final: B+,  VA2045 Introduction to Color   : Midterm: A | Final: A,fall  2020, SY3630 Political Sociology : Midterm: A | Final: A,    SY3700 Family and Society : Midterm: B | Final: B+,  VA2500 Art History I: 19th Century Art    : Midterm: B+ | Final: B+,  VA3400 Digital Imaging   : Midterm: A | Final: A,,,,,,,,,,,606b5915962b7170e065a303,Part Time,700927180,Jan Parks,eQ9wJ4KO73Ub,7/30/1995,219 Spohn Center,,,,,,,0
ddilgarnocb@naver.com,Management Information Systems,,,,,,,,,,,,,,,,,,,,,,,,,,,,,,,,,,,,,,,,,,,,,Undergraduate - Senior,fall 2017,CS 2510 Computer Programming I : Midterm: A | Final: A,EL 1000 English Comp I: Exposition: Midterm: B | Final: C+, MA2000 Applied Statistics : Midterm: A | Final: B, VA2010 Intro. to Creative Thinking : Midterm: A | Final: B,spring 2018,CS 2511 Computer Programming II: Midterm: B | Final: B-,EL 2239 Horror Literature: Midterm: A | Final: A, HI 2681 Intro to Europe Hist:1350-Present: Midterm: A | Final: A, CS 3611 Advanced C#: Midterm: A | Final: A,fall 2018, BU 3800 Marketing: Principles&Concepts: Midterm: A | Final: A, CS 3620 Computer Architecture I: Midterm: B | Final: B-, CS 3810  Data Structures & Algorithms: Midterm: A | Final: B+, VA2030 Drawing: Midterm: A | Final: B,spring 2019, EL 3010  Structure & Grammar of English : Midterm: A | Final: A,   VA2500 Art History I: 19th Century Art  : Midterm: B | Final: B+,    CS 3911 C++in Object Oriented Design  : Midterm:  A | Final: B,  CS 4100 Technical Communications   : Midterm: A | Final: B+,fall  2019,   VA3100 Visual Culture : Midterm: A | Final: B-,   AS 2112 American People I  : Midterm: B | Final: B+,   CS 4501 Software Engineering   : Midterm: A+ | Final: B+,   CS 4550 Database Management Systems  : Midterm: A | Final: A,spring 2020,   AS 2122 American People II : Midterm: A | Final: A,   VA3400 Digital Imaging  : Midterm: B | Final: B+,    CS 4720 Internet & Web Tech  : Midterm: B+ | Final: B+,     : Midterm: A | Final: A-,fall 2020,  VA2320 Graphic Design I  : Midterm: A | Final: A,  HI 3091 African Cultures   : Midterm: B | Final: B+,     CS 5710 Computer Networks : Midterm: B+ | Final: B,  BU4110 Organizational Behavior & Management   : Midterm: A | Final: A,606b5915962b7170e065a304,Full Time,700732792,Dyanna Dilgarno,NJU2gb3,11/26/1995,9570 Killdeer Hill,,,,,,,0
psalvadorcc@gizmodo.com,Computer & Information Science,,,,,,,,,,,,,,,,,,,,,,,,,,,,,,,,,,,,,,,,,,,,,Undergraduate - Sophomore,fall 2019,  VA2010 Intro. to Creative Thinking  : Midterm: A | Final: A, CS 2510 Computer Programming I  : Midterm: B | Final: B+,  VA2030 Drawing    : Midterm: A | Final: A,   AS 2112 American People I  : Midterm: A | Final: A,spring 2020, EL 1000 English Comp I: Exposition   : Midterm: A | Final: A,  EL 2239 Horror Literature    : Midterm: B | Final: B+,   CS 2511 Computer Programming II     : Midterm: A | Final: A,  CS 3620 Computer Architecture I   : Midterm: A | Final: A,fall 2020, VA2020 Basic Design  : Midterm: A | Final: A,  CS 3810  Data Structures & Algorithms : Midterm: B | Final: B+,  HI 2681 Intro to Europe Hist:1350-Present    : Midterm: B | Final: B,  EL 3800 Eng Lit I:Beowulf-18th Century   : Midterm: A | Final: A,,,,,,,,,,,,,,,,,,,,,606b5915962b7170e065a305,Full Time,700138888,Piper Salvador,BGlJYKpiz0a8,1/14/1997,776 8th Trail,,,,,,,0
ycorderoce@over-blog.com,Biological Sciences,,,,,,,,,,,,,,,,,,,,,,,,,,,,,,,,,,,,,,,,,,,,,Undergraduate - Freshman,fall 2018, VA2020 Basic Design   : Midterm: A | Final: A,  EL 1000 English Comp I: Exposition   : Midterm: B | Final: B+,   HI 2681 Intro to Europe Hist:1350-Present   : Midterm: B+ | Final: B+, AS 2112 American People I    : Midterm: A | Final: A,,,,,,,,,,,,,,,,,,,,,,,,,,,,,,,606b5915962b7170e065a306,Full Time,700182731,Yalonda Cordero,1w1PM6mAu,8/12/1996,52 Elmside Trail,,,,,,,0
rreadercd@amazon.de,Marketing,,,,,,,,,,,,,,,,,,,,,,,,,,,,,,,,,,,,,,,,,,,,,Undergraduate - Sophomore,fall 2019, VA2010 Intro. to Creative Thinking    : Midterm: A | Final: A,  EL 1000 English Comp I: Exposition   : Midterm: B | Final: B+,   HI 2681 Intro to Europe Hist:1350-Present   : Midterm: B+ | Final: B+, AS 2112 American People I    : Midterm: A | Final: A,spring 2020,   BU3600 Principles Business Law : Midterm: A | Final: A,   EL 2239 Horror Literature  : Midterm: B | Final: B+, AS 2122 American People II     : Midterm: B+ | Final: B+, MA2300 Calculus for Business & Economics: Midterm: A | Final: A,fall 2020,  BU3800 Marketing: Principles & Concepts  : Midterm: A | Final: A,  BU3905 Business Communication : Midterm: B | Final: B+,   EL 3600 US Literature I   : Midterm: B+ | Final: B+,  VA2020 Basic Design   : Midterm: A | Final: A,,,,,,,,,,,,,,,,,,,,,606b5915962b7170e065a307,Full Time,700332073,Regen Reader,4Mt04s3gsi,8/21/1995,69587 Claremont Way,,,,,,,0
ukilbancf@blogger.com,Childhood Education (1-6),,,,,,,,,,,,,,,,,,,,,,,,,,,,,,,,,,,,,,,,,,,,,Undergraduate - Junior,fall 2018, ED3700 Child Development for Teachers : Midterm: A | Final: A,  EL 1000 English Comp I: Exposition   : Midterm: B | Final: B+,   HI 2681 Intro to Europe Hist:1350-Present   : Midterm: B+ | Final: B+, AS 2112 American People I    : Midterm: A | Final: A,spring 2019,   ED3820 Foundations of Special Education : Midterm: A | Final: A,   EL 2239 Horror Literature  : Midterm: B | Final: B+, AS 2122 American People II     : Midterm: B | Final: B, VA2010 Intro. to Creative Thinking    : Midterm: A | Final: A,fall 2019,  ED3950 Creating Schools for a Just Society : Midterm: A | Final: A,  ED4050 Innovative Instructional Design and Assessment : Midterm: B | Final: B+,   EL 3600 US Literature I   : Midterm: B+ | Final: B+,  VA2020 Basic Design   : Midterm: A | Final: A,spring 2020,  ED4121 Methods & Materials of Teaching Elementary Science Methods: Midterm: A | Final: A,  ED4200 Literacy for All Students   : Midterm: B | Final: B+,   VA2030 Drawing   : Midterm: B+ | Final: B+,  ED4122 Methods & Materials of Teaching Elementary Math Methods  : Midterm: A | Final: A,fall  2020, ED4220 Language Arts in the Context of Childhood Education : Midterm: A | Final: A,    PY3610 Brain & Behavior: Midterm: B | Final: B+,  VA2500 Art History I: 19th Century Art    : Midterm: B+ | Final: B+,  VA2045 Introduction to Color : Midterm: A | Final: A,,,,,,,,,,,606b5915962b7170e065a308,Full Time,700271010,Ursola Kilban,W5k7AQpG,7/6/1997,921 Transport Plaza,,,,,,,0
giglesiazc9@hexun.com,Adolescence Education: Biology (7-12),,,,,,,,,,,,,,,,,,,,,,,,,,,,,,,,,,,,,,,,,,,,,Undergraduate - Freshman,fall 2018, VA2500 Art History I: 19th Century Art  : Midterm: A | Final: A,  EL 1000 English Comp I: Exposition   : Midterm: B | Final: B+,   VA2030 Drawing   : Midterm: A | Final: A, AS 2112 American People I    : Midterm: A | Final: A,,,,,,,,,,,,,,,,,,,,,,,,,,,,,,,606b5915962b7170e065a309,Part Time,700630353,Giorgi Iglesiaz,h3p0zJ,2/10/1995,3 Erie Center,,,,,,,0
wthickingcg@sourceforge.net,Sociology,,,,,,,,,,,,,,,,,,,,,,,,,,,,,,,,,,,,,,,,,,,,,Undergraduate - Sophomore,fall 2019, SY2400 Sociology Through the Arts   : Midterm: A | Final: A,  VA2020 Basic Design   : Midterm: B | Final: B+, EL 1000 English Comp I: Exposition      : Midterm: C+ | Final: C+, SY2800 Race: Midterm: A | Final: A,spring 2020,   SY2550 Social Problems : Midterm: A | Final: A,   SY2600 Social Deviance  : Midterm: B | Final: B+,    VA2030 Drawing  : Midterm: C+ | Final: B+,   EL 2239 Horror Literature  : Midterm: A | Final: A,fall 2020,  HI 2681 Intro to Europe Hist:1350-Present    : Midterm: A | Final: A,  SY3160 Sociology of Culture   : Midterm: B | Final: B+,   VA2045 Introduction to Color   : Midterm: C+ | Final: B+,  EL 3560  Literatures of Europe:Part I   : Midterm: A | Final: B,,,,,,,,,,,,,,,,,,,,,606b5915962b7170e065a30a,Part Time,700619172,Washington Thicking,aLy1jiKshG,2/9/1995,9 Lunder Alley,,,,,,,0
acastellanicj@harvard.edu,Health and Society,,,,,,,,,,,,,,,,,,,,,,,,,,,,,,,,,,,,,,,,,,,,,Undergraduate - Sophomore,fall 2019, AS 2112 American People I : Midterm: A | Final: A, BS 2100 Biology for Non-Science Majors I: Midterm: B | Final: B+, VA2020 Basic Design    : Midterm: B | Final: B,  BS 2300  Anatomy&Physiology I Lecture: Midterm: A | Final: A,spring 2020, EL 1000 English Comp I: Exposition   : Midterm: A | Final: A,  VA2030 Drawing    : Midterm: B | Final: B+,   BS 2310  Anatomy&Physiology II Lecture  : Midterm: B+ | Final: B+, BS 2410  Basic Bio Sciences II: Midterm: A | Final: A,fall 2020,  EL 2239 Horror Literature  : Midterm: A | Final: A,  VA2010 Intro. to Creative Thinking    : Midterm: B | Final: B+,  PH 3600  Social Determinants of Health  : Midterm: B+ | Final: B,  PH 3610 Intro.-U.S.Health Care System  : Midterm: A | Final: B,,,,,,,,,,,,,,,,,,,,,606b5915962b7170e065a30b,Full Time,700838716,Aurilia Castellani,TBXvB4syT1ZN,5/11/1997,82986 Clove Street,,,,,,,0
eeudallch@de.vu,English,,,,,,,,,,,,,,,,,,,,,,,,,,,,,,,,,,,,,,,,,,,,,Undergraduate - Senior,fall 2017,   EL 1000 English Comp I: Exposition : Midterm: A | Final: A,  HI 2681 Intro to Europe Hist:1350-Present   : Midterm: B | Final: B+,   VA2020 Basic Design   : Midterm: B+ | Final: B+,  VA2030 Drawing   : Midterm: A | Final: A,spring 2018, EL 2239 Horror Literature   : Midterm: A | Final: A,  AS 2112 American People I   : Midterm: B | Final: B+,    VA2045 Introduction to Color  : Midterm: B+ | Final: B+,    VA2500 Art History I: 19th Century Art : Midterm: A | Final: A,fall 2018, EL 3010  Structure & Grammar of English   : Midterm: A | Final: A,  EL 3500  Lit Across Cultures I:Analysis   : Midterm: B | Final: B+,   AS 2122 American People II   : Midterm: B+ | Final: B+,  VA3200 Art Tutorials I   : Midterm: A | Final: A,spring 2019,  EL 3510  Lit Across Cultures II:Theory  : Midterm: A | Final: A,   EL 3600 US Literature I  : Midterm: B | Final: B+,   VA4200 Art Tutorials II   : Midterm: B+ | Final: B+,   VA2320 Graphic Design I  : Midterm: A | Final: A,fall  2019, EL 4400  Critical Theory   : Midterm: A | Final: A,    EL 3610  US Literature II : Midterm: B | Final: B+, HI 4800  History of India     : Midterm: B+ | Final: B+,  EL 4311 Greek Drama    : Midterm: A | Final: A,spring 2020,  EL 3800 Eng Lit I:Beowulf-18th Century   : Midterm: A | Final: A,   EL 3810  Eng Lit II:Romantics - Present  : Midterm: B | Final: B+,  EL 4510  Modern Drama & Theatre    : Midterm: B+ | Final: B+, VA3100 Visual Culture    : Midterm: A | Final: A,fall 2020, EL 3560  Literatures of Europe:Part I   : Midterm: A | Final: A, EL 3950  Creative Non-Fiction: Midterm: B | Final: B+,   EL 4325 Shakespeare: Selected Plays   : Midterm: B | Final: B,  EL 4402 Sin & Sexuality in Literature   : Midterm: A | Final: A,606b5915962b7170e065a30c,Full Time,700303301,Eachelle Eudall,usIr0fQV,6/7/1996,90 1st Circle,,,,,,,0
mbeestonci@google.ca,Adolescence Education: Chemistry (7-12),,,,,,,,,,,,,,,,,,,,,,,,,,,,,,,,,,,,,,,,,,,,,Graduate,fall 2016, CP 4510 Biochemistry I : Midterm: A | Final: A,   CP 2120 Principles of Chemistry I  : Midterm: B | Final: B+,   CP 2121 Principles of Chemistry Lab I   : Midterm: C+ | Final: B,  CP 4520 Biochemistry Lab   : Midterm: A | Final: A,spring 2017, CP 4515 Biochemistry II : Midterm: A | Final: A,  CP 2130 Principles of Chemistry II   : Midterm: B | Final: B+,  CP 2131 Principles Chemistry Lab II    : Midterm: C+ | Final: B,   EL 1000 English Comp I: Exposition  : Midterm: A | Final: A,fall 2017,  CP 3300 Organic Chemistry I  : Midterm: A | Final: A,   CP 3302 Organic Chemistry Lab I  : Midterm: B | Final: B+,  EL 2239 Horror Literature    : Midterm: C+ | Final: B,   VA2010 Intro. to Creative Thinking  : Midterm: A | Final: A,spring 2018,  CP 3310 Organic Chemistry II  : Midterm: A | Final: A,   CP 3312 Organic Chemistry Lab II  : Midterm: B | Final: B+,   EL 3500  Lit Across Cultures I:Analysis   : Midterm: C+ | Final: B,   HI 2681 Intro to Europe Hist:1350-Present  : Midterm: A | Final: A,fall  2018,  CP 3400 Analytical Chemistry-Lect/Lab  : Midterm: A | Final: A,  BS 2400 Basic Bio Sciences I   : Midterm: B | Final: B+, VA2020 Basic Design     : Midterm: C+ | Final: C+,  VA2030 Drawing   : Midterm: A | Final: A,spring 2019,  CP 4700 Physical Chemistry I  : Midterm: A | Final: A,   CP 5920 Seminar I  : Midterm: B | Final: B+,    VA2045 Introduction to Color  : Midterm: C+ | Final: B,   VA2500 Art History I: 19th Century Art  : Midterm: A | Final: A,fall 2019,  CP 5921 Seminar II  : Midterm: A | Final: A,   AS 2112 American People I  : Midterm: B | Final: B+,    VA3100 Visual Culture  : Midterm: C+ | Final: B,  MA2310 Calculus and Analytic Geometry I   : Midterm: A | Final: A,606b5915962b7170e065a30d,Full Time,700828720,Morlee Beeston,GR9qSgrkzdeH,11/10/1995,11161 Heffernan Hill,spring 2020, CP 6590 Topics: Environmental Science   : Midterm: A | Final: A,   CP 6740 Topics in Earth&Space Science    : Midterm: B | Final: B+,    CP 4800 Adv Chemical Methods: Lect/Lab  : Midterm: C+ | Final: C+,    AS 2122 American People II : Midterm: A | Final: A,,0
vthomanncl@amazon.co.uk,Accounting,,,,,,,,,,,,,,,,,,,,,,,,,,,,,,,,,,,,,,,,,,,,,Undergraduate - Freshman,fall 2020, BU 3502Principles of Accounting I: Midterm: A | Final: A,  EL 1000 English Comp I: Exposition   : Midterm: B | Final: B+,   HI 2681 Intro to Europe Hist:1350-Present   : Midterm: B | Final: B, AS 2112 American People I    : Midterm: A | Final: A,,,,,,,,,,,,,,,,,,,,,,,,,,,,,,,606b5915962b7170e065a30e,Full Time,700397174,Vonnie Thomann,dkqqetQpEEe,3/4/1997,03 Namekagon Hill,,,,,,,0
bduncanck@ft.com,Adolescence Education: Social Studies (7-12),,,,,,,,,,,,,,,,,,,,,,,,,,,,,,,,,,,,,,,,,,,,,Undergraduate - Sophomore,fall 2019,   AS 2112 American People I : Midterm: A | Final: A,  EL 1000 English Comp I: Exposition   : Midterm: B | Final: B+,   HI 4308 History Modern Middle East   : Midterm: A | Final: A,  VA3200 Art Tutorials I   : Midterm: A | Final: A,spring 2020,  AS 2122 American People II  : Midterm: A | Final: A,   HI 4308 History Modern Middle East: Midterm: B | Final: B+,   EL 2239 Horror Literature   : Midterm: B | Final: B,   VA4200 Art Tutorials II  : Midterm: A | Final: A,fall 2020,  VA2010 Intro. to Creative Thinking   : Midterm: A | Final: A,   HI 3110 Latin American Culture  : Midterm: B | Final: B+,   EL 3010  Structure & Grammar of English   : Midterm: B | Final: B,  VA5200 Art Tutorials III   : Midterm: A | Final: A,,,,,,,,,,,,,,,,,,,,,606b5915962b7170e065a30f,Part Time,700089662,Bette-ann Duncan,0uwp8gKHX4tR,3/11/1996,760 Southridge Junction,,,,,,,0
fmccoolecm@goodreads.com,Sociology,,,,,,,,,,,,,,,,,,,,,,,,,,,,,,,,,,,,,,,,,,,,,Undergraduate - Junior,fall 2018, PE2300 Introduction to Law   : Midterm: A | Final: A,  EL 1000 English Comp I: Exposition   : Midterm: B | Final: B+,   HI 2681 Intro to Europe Hist:1350-Present   : Midterm: C+ | Final: B, AS 2112 American People I    : Midterm: A | Final: A,spring 2019,   PE2650 Introduction to U.S. Politics : Midterm: A | Final: A,   EL 2239 Horror Literature  : Midterm: B | Final: B+, PE2220 Introduction to Urban Issues      : Midterm: A | Final: A, VA2010 Intro. to Creative Thinking    : Midterm: A | Final: A,fall 2019,  IR2210 Unions and Management: An Introduction  : Midterm: A | Final: A, AS 2122 American People II    : Midterm: B | Final: B+,   EL 3600 US Literature I   : Midterm: A | Final: A,  VA2020 Basic Design   : Midterm: A | Final: A,spring 2020,  PE2400 Introduction to Political Economy  : Midterm: A | Final: A,  PE3100 International Relations   : Midterm: B | Final: B+,   VA2030 Drawing   : Midterm: C+ | Final: C+,  VA3400 Digital Imaging  : Midterm: A | Final: A,fall  2020, PE4320 Jurisprudence: Legal Thought   : Midterm: A | Final: A,    PE4470 History of Economic Thought : Midterm: B | Final: B+,  VA2500 Art History I: 19th Century Art    : Midterm: A | Final: A, VA2045 Introduction to Color   : Midterm: A | Final: A,,,,,,,,,,,606b5915962b7170e065a310,Part Time,700621567,Faydra McCoole,OV0ZUQw,11/3/1998,135 Anthes Plaza,,,,,,,0
lcolemanco@photobucket.com,Sociology,,,,,,,,,,,,,,,,,,,,,,,,,,,,,,,,,,,,,,,,,,,,,Undergraduate - Sophomore,fall 2019, SY2400 Sociology Through the Arts   : Midterm: A | Final: A,  VA2020 Basic Design   : Midterm: B | Final: B+, EL 1000 English Comp I: Exposition      : Midterm: B | Final: B, VA2030 Drawing  : Midterm: A | Final: A,spring 2020,   SY2550 Social Problems : Midterm: A | Final: A,   SY2600 Social Deviance  : Midterm: B | Final: B+,    HI 2681 Intro to Europe Hist:1350-Present : Midterm: B | Final: B+,   EL 2239 Horror Literature  : Midterm: A | Final: A,fall 2020,   SY2800 Race : Midterm: A | Final: A,  SY3160 Sociology of Culture   : Midterm: B | Final: B+,   VA2045 Introduction to Color   : Midterm: B | Final: B+,  EL 3560  Literatures of Europe:Part I   : Midterm: A | Final: A,,,,,,,,,,,,,,,,,,,,,606b5915962b7170e065a311,Part Time,700482723,Lenna Coleman,mq0ECahEB,9/3/1998,5992 Lunder Parkway,,,,,,,0
abullancn@networksolutions.com,Politics & Economics & Law,,,,,,,,,,,,,,,,,,,,,,,,,,,,,,,,,,,,,,,,,,,,,Undergraduate - Freshman,fall 2020, PE2300 Introduction to Law   : Midterm: A | Final: A,  EL 1000 English Comp I: Exposition   : Midterm: B | Final: B+,   HI 2681 Intro to Europe Hist:1350-Present   : Midterm: B | Final: B, AS 2112 American People I    : Midterm: A | Final: A,,,,,,,,,,,,,,,,,,,,,,,,,,,,,,,606b5915962b7170e065a312,Part Time,700976972,Aubert Bullan,sx2jo52,1/29/1998,646 Drewry Circle,,,,,,,0
alineencp@ebay.com,Media and Communications,,,,,,,,,,,,,,,,,,,,,,,,,,,,,,,,,,,,,,,,,,,,,Undergraduate - Junior,fall 2018, AS2020 New Media CE   : Midterm: A | Final: A,   VA2010 Intro. to Creative Thinking  : Midterm: B | Final: B+, HI 2681 Intro to Europe Hist:1350-Present     : Midterm: C+ | Final: B, EL 1000 English Comp I: Exposition    : Midterm: A | Final: A,spring 2019, AS2652 Media Studies   : Midterm: A | Final: A,   VA2020 Basic Design  : Midterm: B | Final: B+,   AS 2112 American People I   : Midterm: B | Final: B, EL 2239 Horror Literature    : Midterm: A | Final: A,fall 2019,  AS2700 The Engaged Eye  : Midterm: A | Final: A,    AS3310 From Citizen to Consumer : Midterm: B | Final: B+, VA2030 Drawing     : Midterm: C+ | Final: B, VA2045 Introduction to Color  : Midterm: A | Final: A,spring 2020,   AS3632 History of U.S. Film : Midterm: A | Final: A,   AS3712 American Film Genres  : Midterm: B | Final: B+, AS 2122 American People II      : Midterm: C+ | Final: B,  VA2500 Art History I: 19th Century Art  : Midterm: A | Final: A,fall  2020, AS3722 History of Mass Media   : Midterm: A | Final: A,   AS3732 Politics of Media  : Midterm: B | Final: B+,  AS3735 Documentary Media Studies    : Midterm: C+ | Final: B,  EL 3010  Structure & Grammar of English  : Midterm: A | Final: A,,,,,,,,,,,606b5915962b7170e065a313,Part Time,700877998,Aguistin Lineen,0oQiOv,3/3/1997,48 Vidon Terrace,,,,,,,0
btalbycr@nasa.gov,Media and Communications,,,,,,,,,,,,,,,,,,,,,,,,,,,,,,,,,,,,,,,,,,,,,Undergraduate - Freshman,fall 2020, AS2020 New Media CE  : Midterm: A | Final: A,  EL 1000 English Comp I: Exposition   : Midterm: B | Final: C+,   HI 4632 Japanese History Through Literature : Midterm: B+ | Final: B+, AS 2112 American People I    : Midterm: A | Final: A,,,,,,,,,,,,,,,,,,,,,,,,,,,,,,,606b5915962b7170e065a314,Full Time,700469218,Brandise Talby,7xdVUUA,7/1/1998,9534 Maywood Avenue,,,,,,,0
jrockwellcs@seesaa.net,Adolescence Education: Chemistry (7-12),,,,,,,,,,,,,,,,,,,,,,,,,,,,,,,,,,,,,,,,,,,,,Undergraduate - Freshman,fall 2020, CP 2120 Principles of Chemistry I: Midterm: A | Final: A,  EL 1000 English Comp I: Exposition   : Midterm: B | Final: B+,   HI 2681 Intro to Europe Hist:1350-Present   : Midterm: B+ | Final: B+, AS 2112 American People I    : Midterm: A | Final: B+,,,,,,,,,,,,,,,,,,,,,,,,,,,,,,,606b5915962b7170e065a315,Part Time,700367725,Jeffy Rockwell,oaCgh5d4E,12/23/1997,64263 Lakewood Gardens Point,,,,,,,0
rcollingecq@t-online.de,Special Education and Childhood Education (1-6),,,,,,,,,,,,,,,,,,,,,,,,,,,,,,,,,,,,,,,,,,,,,Undergraduate - Senior,fall 2017,  ED3700 Child Development  I: Midterm: B | Final: B,   EL 1000 English Comp I: Exposition  : Midterm: A | Final: B+,   AS 2112 American People I   : Midterm: A | Final: A,  VA3200 Art Tutorials I   : Midterm: A | Final: A,spring 2018,   ED4121 Methods and Materials for Teaching Elementary Science Majors : Midterm: A | Final: A,   EL 2239 Horror Literature  : Midterm: B | Final: B+, VA2030 Drawing   : Midterm: B | Final: B, VA2010 Intro. to Creative Thinking    : Midterm: A | Final: A,fall 2018,  ED4122 Methods and Materials for Teaching Elementary Math Methods : Midterm: A | Final: A,  ED4850 Instructional Design & Delivery for Students with Disabilities : Midterm: B | Final: B+,   EL 3600 US Literature I   : Midterm: B+ | Final: B+,  VA2020 Basic Design   : Midterm: A | Final: A,spring 2019,  ED4300 Assessment and Evidence-based Decision Making in Special Education : Midterm: A | Final: A,  ED4810 Positive Behavior Supports and Interventions for Students with Disabilities  : Midterm: B | Final: B+,   VA2030 Drawing   : Midterm: B+ | Final: B+,  VA2045 Introduction to Color   : Midterm: A | Final: A,fall  2019, PY3420 Learning & Motivation: Midterm: A | Final: A,    PY3610 Brain & Behavior: Midterm: B | Final: B+,  VA2500 Art History I: 19th Century Art    : Midterm: B+ | Final: B+,  VA3400 Digital Imaging   : Midterm: A | Final: A,spring 2020,  ED4890 Effective Practices for Students with Low Incidence Disabilities : Midterm: A | Final: A,   ED5930 Internship: Meeting the Needs of Diverse Learners: Midterm: B | Final: B+,   ED5960 Student Teaching and Seminar : Midterm: B+ | Final: B+,  SY2400 Sociology Through the Arts : Midterm: A | Final: A,fall 2020, SY2550 Social Problems : Midterm: A | Final: A,  SY2600 Social Deviance : Midterm: B | Final: B+, PY2010 Introduction to Psychology   : Midterm: B+ | Final: B+,  PY3110 Research Methods I: (Orientation) : Midterm: A | Final: A,606b5915962b7170e065a316,Full Time,700978989,Rosetta Collinge,gj2ah22o9uDU,5/23/1997,58956 Hallows Road,,,,,,,0
dhollowcu@nationalgeographic.com,Industrial and Labor Relations,,,,,,,,,,,,,,,,,,,,,,,,,,,,,,,,,,,,,,,,,,,,,Undergraduate - Junior,fall 2018, PE 2650 Intro to U.S. Politics : Midterm: A | Final: A,  EL 1000 English Comp I: Exposition   : Midterm: B | Final: B+,   Present VA2010 Intro. to Creative Thinking  : Midterm: B+ | Final: B+, AS 2112 American People I    : Midterm: A | Final: A,spring 2019,   IR 2210 Unions & Management: An Intro : Midterm: A | Final: A,   EL 2239 Horror Literature  : Midterm: B | Final: B+, AS 2122 American People II     : Midterm: B+ | Final: B+,  HI 2681 Intro to Europe Hist:1350-  : Midterm: A | Final: A,fall 2019,  IR 3140 Unions & Public Policy : Midterm: A | Final: A,  IR 3300 CollectiveBarg & GrievanceProc : Midterm: B | Final: B+,   EL 3600 US Literature I   : Midterm: B+ | Final: B+,VA2045 Introduction to Color   : Midterm: A | Final: A,spring 2020,  IR 4320 Labor & Employment Law: Midterm: A | Final: A,  IR 3330 Women : Midterm: B | Final: B+,   VA2030 Drawing   : Midterm: B+ | Final: B+,   VA2020 Basic Design: Midterm: A | Final: A,fall  2020, IR 3415 Labor Economics: Midterm: A | Final: A,    IR 3860 Development of the Modern Corp : Midterm: B | Final: B+,  VA2500 Art History I: 19th Century Art    : Midterm: B+ | Final: B+,  VA3400 Digital Imaging   : Midterm: A | Final: A,,,,,,,,,,,606b5915962b7170e065a317,Part Time,700677237,Dilly Hollow,lcHpbhkfe,11/1/1996,672 East Junction,,,,,,,0
noflavertyct@marketwatch.com,Adolescence Education: Chemistry (7-12),,,,,,,,,,,,,,,,,,,,,,,,,,,,,,,,,,,,,,,,,,,,,Graduate,fall 2016, CP 4510 Biochemistry I : Midterm: A | Final: A,   CP 2120 Principles of Chemistry I  : Midterm: B | Final: B+,   CP 2121 Principles of Chemistry Lab I   : Midterm: C+ | Final: C+,  CP 4520 Biochemistry Lab   : Midterm: A | Final: A,spring 2017, CP 4515 Biochemistry II : Midterm: A | Final: A,  CP 2130 Principles of Chemistry II   : Midterm: B | Final: B+,  CP 2131 Principles Chemistry Lab II    : Midterm: C+ | Final: C+,   EL 1000 English Comp I: Exposition  : Midterm: A | Final: A,fall 2017,  CP 3300 Organic Chemistry I  : Midterm: A | Final: A,   CP 3302 Organic Chemistry Lab I  : Midterm: B | Final: B+,  EL 2239 Horror Literature    : Midterm: B | Final: B,   VA2010 Intro. to Creative Thinking  : Midterm: A | Final: A,spring 2018,  CP 3310 Organic Chemistry II  : Midterm: A | Final: A,   CP 3312 Organic Chemistry Lab II  : Midterm: B | Final: B+,   EL 3500  Lit Across Cultures I:Analysis   : Midterm: B | Final: B,   HI 2681 Intro to Europe Hist:1350-Present  : Midterm: A | Final: A,fall  2018,  CP 3400 Analytical Chemistry-Lect/Lab  : Midterm: A | Final: A,  BS 2400 Basic Bio Sciences I   : Midterm: B | Final: B+, VA2020 Basic Design     : Midterm: B | Final: B,  VA2030 Drawing   : Midterm: A | Final: A,spring 2019,  CP 4700 Physical Chemistry I  : Midterm: A | Final: A,   CP 5920 Seminar I  : Midterm: B | Final: B+,    VA2045 Introduction to Color  : Midterm: B | Final: B,   VA2500 Art History I: 19th Century Art  : Midterm: A | Final: A,fall 2019,  CP 5921 Seminar II  : Midterm: A | Final: A,   AS 2112 American People I  : Midterm: B | Final: B+,    VA3100 Visual Culture  : Midterm: B | Final: B,  MA2310 Calculus and Analytic Geometry I   : Midterm: A | Final: A,606b5915962b7170e065a318,Full Time,700332426,Normand O'Flaverty,KpBSRJ,5/19/1998,16729 Carioca Park,spring 2020, CP 6590 Topics: Environmental Science   : Midterm: A | Final: A,   CP 6740 Topics in Earth&Space Science    : Midterm: B | Final: B+,    CP 4800 Adv Chemical Methods: Lect/Lab  : Midterm: B | Final: B,    AS 2122 American People II : Midterm: A | Final: A,,0
charecx@cargocollective.com,Marketing,,,,,,,,,,,,,,,,,,,,,,,,,,,,,,,,,,,,,,,,,,,,,Undergraduate - Junior,fall 2018, MA2300 Calculus for Business & Economics : Midterm: A | Final: A,  EL 1000 English Comp I: Exposition   : Midterm: B | Final: B+,   HI 2681 Intro to Europe Hist:1350-Present   : Midterm: B+ | Final: B+, AS 2112 American People I    : Midterm: A | Final: A,spring 2019,   BU3600 Principles Business Law : Midterm: A | Final: A,   EL 2239 Horror Literature  : Midterm: B | Final: B+, AS 2122 American People II     : Midterm: B+ | Final: B+, VA2010 Intro. to Creative Thinking    : Midterm: A | Final: A,fall 2019,  BU3800 Marketing: Principles & Concepts  : Midterm: A | Final: A,  BU3905 Business Communication : Midterm: B | Final: B+,   EL 3600 US Literature I   : Midterm: B+ | Final: B+,  VA2020 Basic Design   : Midterm: A | Final: A,spring 2020,  PY4100 Research Methods III (Advanced Research Skills)  : Midterm: A | Final: A,  PY3410 Cognitive Psychology   : Midterm: B | Final: B+,   VA2030 Drawing   : Midterm: B+ | Final: B+,  VA2045 Introduction to Color   : Midterm: A | Final: A,fall  2020, PY3420 Learning & Motivation: Midterm: A | Final: A,    PY3610 Brain & Behavior: Midterm: B | Final: B+,  VA2500 Art History I: 19th Century Art    : Midterm: B+ | Final: B+,  VA3400 Digital Imaging   : Midterm: A | Final: A,,,,,,,,,,,606b5915962b7170e065a319,Full Time,700186769,Corrinne Hare,ntxZ0re3,1/30/1998,947 Vidon Alley,,,,,,,0
mbowdidgecv@dion.ne.jp,Mathematics,,,,,,,,,,,,,,,,,,,,,,,,,,,,,,,,,,,,,,,,,,,,,Undergraduate - Junior,fall 2016,   EL 1000 English Comp I: Exposition : Midterm: A | Final: A,   HI 3080   Asian Cultures  : Midterm: B | Final: B+,   MA2310 Calculus and Analytic Geometry I   : Midterm: B+ | Final: B+,  VA2010 Intro. to Creative Thinking  : Midterm: A | Final: A,spring 2017, EL 2239 Horror Literature    : Midterm: A | Final: A,  HI 3110 Latin American Culture   : Midterm: B | Final: B+,   MA2320 Calculus and Analytic Geometry II   : Midterm: B+ | Final: B+,  VA2020 Basic Design   : Midterm: A | Final: A,fall 2017, EL 3560  Literatures of Europe:Part I   : Midterm: A | Final: A,  HI 3835 Islamic Cultures    : Midterm: B | Final: B+,  MA3160 Linear Algebra    : Midterm: B+ | Final: B+,   MA3210 Intro. To Probability & Statistics  : Midterm: A | Final: A,spring 2018,  MA3330 Calculus and Analytic Geometry III  : Midterm: A | Final: A,   MA3520 Transition to Advanced Mathematics  : Midterm: B | Final: B+,   VA2030 Drawing   : Midterm: C+ | Final: B,   VA2045 Introduction to Color  : Midterm: A | Final: A,fall  2018,  MA4360 Differential Equations  : Midterm: A | Final: A,  MA5120 Abstract Algebra I   : Midterm: B | Final: B+,   VA2500 Art History I: 19th Century Art   : Midterm: B+ | Final: B,   VA3100 Visual Culture  : Midterm: A | Final: A,,,,,,,,,,,606b5915962b7170e065a31a,Full Time,700220738,Mignonne Bowdidge,kMWar90x9fE,9/10/1995,32 Mesta Way,,,,,,,0
bshakesbycy@illinois.edu,Adolescence Education: Biology (7-12),,,,,,,,,,,,,,,,,,,,,,,,,,,,,,,,,,,,,,,,,,,,,Undergraduate - Freshman,fall 2020, ED 6000 Foundations of Education   : Midterm: A | Final: B,  EL 1000 English Comp I: Exposition   : Midterm: B | Final: B+,   HI 2681 Intro to Europe Hist:1350-Present   : Midterm: B+ | Final: B+, VA2020 Basic Design    : Midterm: A | Final: B,,,,,,,,,,,,,,,,,,,,,,,,,,,,,,,606b5915962b7170e065a31b,Full Time,700092745,Brenna Shakesby,RjHGF6vu,5/20/1995,68904 1st Hill,,,,,,,0
rchapellowcz@independent.co.uk,Marketing,,,,,,,,,,,,,,,,,,,,,,,,,,,,,,,,,,,,,,,,,,,,,Undergraduate - Freshman,fall 2020, MA2300 Calculus for Business & Economics : Midterm: A | Final: A,  EL 1000 English Comp I: Exposition   : Midterm: B | Final: B+,   BU3600 Principles Business Law: Midterm: B+ | Final: B+, AS 2112 American People I    : Midterm: A | Final: A,,,,,,,,,,,,,,,,,,,,,,,,,,,,,,,606b5915962b7170e065a31c,Full Time,700284260,Rancell Chapellow,EsPpSXYz9Tqt,5/29/1998,0 Riverside Junction,,,,,,,0
ckendellcw@cargocollective.com,Mathematics,,,,,,,,,,,,,,,,,,,,,,,,,,,,,,,,,,,,,,,,,,,,,Graduate,fall 2016,   EL 1000 English Comp I: Exposition : Midterm: A | Final: A,   HI 3080   Asian Cultures  : Midterm: B | Final: B+,   MA2310 Calculus and Analytic Geometry I   : Midterm: B+ | Final: B+,  VA2010 Intro. to Creative Thinking  : Midterm: A | Final: A,spring 2017, EL 2239 Horror Literature    : Midterm: A | Final: A,  HI 3110 Latin American Culture   : Midterm: B | Final: B+,   MA2320 Calculus and Analytic Geometry II   : Midterm: B+ | Final: B+,  VA2020 Basic Design   : Midterm: A | Final: A,fall 2017, EL 3560  Literatures of Europe:Part I   : Midterm: A | Final: A,  HI 3835 Islamic Cultures    : Midterm: B | Final: B+,  MA3160 Linear Algebra    : Midterm: C+ | Final: C+,   MA3210 Intro. To Probability & Statistics  : Midterm: A | Final: A,spring 2018,  MA3330 Calculus and Analytic Geometry III  : Midterm: A | Final: A,   MA3520 Transition to Advanced Mathematics  : Midterm: B | Final: B+,   VA2030 Drawing   : Midterm: C+ | Final: C+,   VA2045 Introduction to Color  : Midterm: A | Final: A,fall  2018,  MA4360 Differential Equations  : Midterm: A | Final: A,  MA5120 Abstract Algebra I   : Midterm: B | Final: B+,   VA2500 Art History I: 19th Century Art   : Midterm: C+ | Final: C+,   VA3100 Visual Culture  : Midterm: A | Final: A,spring 2019,  MA5320 Advanced Calculus I : Midterm: A | Final: A,   CS2510 Computer Programming I : Midterm: B | Final: B+,   MA4100 Number Theory: Midterm: B+ | Final: B+,  MA4200 Probability : Midterm: A | Final: A,fall 2019, MA4510 Geometry : Midterm: A | Final: A,  MA4910 Operations Research I : Midterm: B | Final: B+, MA5230 Mathematical Statistics: Midterm: B+ | Final: B+,  MA5380 Complex Analysis : Midterm: A | Final: A,606b5915962b7170e065a31d,Full Time,700799604,Cheryl Kendell,R1KhIBxZkaGy,1/17/1995,925 Scofield Trail,spring 2020, MA4920 Operations Research II: Midterm: A | Final: A,   MA5510 Topology : Midterm: B | Final: B+,   CS2511 Computer Programming II : Midterm: B+ | Final: B+, EL 3950  Creative Non-Fiction : Midterm: A | Final: A,,0
amaclachland1@scientificamerican.com,Visual Arts: Electronic Media,,,,,,,,,,,,,,,,,,,,,,,,,,,,,,,,,,,,,,,,,,,,,Undergraduate - Freshman,fall 2020,  VA2010 Intro. to Creative Thinking  : Midterm: A | Final: A,  VA2020 Basic Design   : Midterm: B | Final: B+,  VA2030 Drawing    : Midterm: A | Final: A,   AS 2112 American People I  : Midterm: A | Final: A,,,,,,,,,,,,,,,,,,,,,,,,,,,,,,,606b5915962b7170e065a31e,Full Time,700189961,Ailis MacLachlan,LEF4Fw7E7,4/7/1996,8646 Rusk Lane,,,,,,,0
obeagind2@meetup.com,Industrial and Labor Relations,,,,,,,,,,,,,,,,,,,,,,,,,,,,,,,,,,,,,,,,,,,,,Undergraduate - Junior,fall 2018, PE 2650 Intro to U.S. Politics : Midterm: A | Final: A,  EL 1000 English Comp I: Exposition   : Midterm: B | Final: B+,   HI 2681 Intro to Europe Hist:1350-Present   : Midterm: B+ | Final: B+, AS 2112 American People I    : Midterm: A | Final: A,spring 2019,   IR 2210 Unions & Management: An Intro : Midterm: A | Final: A,   EL 2239 Horror Literature  : Midterm: B | Final: B+, VA2020 Basic Design    : Midterm: B+ | Final: B+,  VA2045 Introduction to Color    : Midterm: A | Final: A,fall 2019,  IR 3140 Unions & Public Policy : Midterm: A | Final: A,  IR 3300 CollectiveBarg & GrievanceProc : Midterm: B | Final: B+,   EL 3600 US Literature I   : Midterm: B+ | Final: B+,  AS 2122 American People II   : Midterm: A | Final: A,spring 2020,  IR 4320 Labor & Employment Law: Midterm: A | Final: A,  IR 3330 Women : Midterm: B | Final: B+,  VA3400 Digital Imaging     : Midterm: B+ | Final: B+,  VA2010 Intro. to Creative Thinking : Midterm: A | Final: A,fall  2020, IR 3415 Labor Economics: Midterm: A | Final: A,    IR 3860 Development of the Modern Corp : Midterm: B | Final: B+,  VA2500 Art History I: 19th Century Art    : Midterm: B+ | Final: B+,  VA2030 Drawing : Midterm: A | Final: A,,,,,,,,,,,606b5915962b7170e065a31f,Part Time,700389203,Olivero Beagin,pF7J1IETctvf,5/23/1998,084 Dixon Court,,,,,,,0
ablackburnbz@constantcontact.com,Accounting,,,,,,,,,,,,,,,,,,,,,,,,,,,,,,,,,,,,,,,,,,,,,Undergraduate - Senior,fall 2017, BU 3502Principles of Accounting I: Midterm: A | Final: A,  EL 1000 English Comp I: Exposition   : Midterm: B | Final: B+,   HI 2681 Intro to Europe Hist:1350-Present   : Midterm: C+ | Final: B, AS 2112 American People I    : Midterm: A | Final: A,spring 2018,   BU 3511Principles of Accounting II : Midterm: A | Final: A,   EL 2239 Horror Literature  : Midterm: B | Final: B+, AS 2122 American People II     : Midterm: A | Final: A, VA2010 Intro. to Creative Thinking    : Midterm: A | Final: A,fall 2018,  BU 4500 Intermediate Accounting I  : Midterm: A | Final: A,  MA 2300 Calculus for Business & Economics : Midterm: B | Final: B+,   EL 3600 US Literature I   : Midterm: B+ | Final: B+,  VA2020 Basic Design   : Midterm: A | Final: A,spring 2019,BU 4510   Intermediate Accounting II : Midterm: A | Final: A,  BU 4570 Federal Income Tax I   : Midterm: B | Final: B+,   VA2030 Drawing   : Midterm: B+ | Final: B+,  VA2045 Introduction to Color   : Midterm: A | Final: A,fall  2019, BU 4590 Cost Accounting : Midterm: A | Final: A,    BU 5505 Essentials-Gov't&Non-ProfAcctg : Midterm: B | Final: B+,  VA2500 Art History I: 19th Century Art    : Midterm: B+ | Final: B+,  VA3400 Digital Imaging   : Midterm: A | Final: A,spring 2020,  BU 5525 International Accounting: Midterm: A | Final: A,   BU 5540 Advanced Accounting : Midterm: B | Final: B+,   BU 5550 Auditing   : Midterm: B+ | Final: B+,  BU 5520 Financial Accounting Research   : Midterm: A | Final: A,fall 2020, BU 3600  Principles of Business Law : Midterm: A | Final: A,  BU 3605 Intermediate Business Law : Midterm: B | Final: B+, BU 3610 Advanced Business Law    : Midterm: B+ | Final: B+,  BU 3800 Marketing Principles    : Midterm: A | Final: A,606b5915962b7170e065a320,Full Time,700986067,Ashly Blackburn,d4nE5spJ77fJ,11/17/1995,4 Hanover Place,,,,,,,0
cbryerd0@utexas.edu,Adolescence Education: Biology (7-12),,,,,,,,,,,,,,,,,,,,,,,,,,,,,,,,,,,,,,,,,,,,,Graduate,fall 2016, ED 6000 Foundations of Education : Midterm: A | Final: A,  EL 1000 English Comp I: Exposition   : Midterm: B | Final: B+,   HI 2681 Intro to Europe Hist:1350-Present   : Midterm: B+ | Final: B+, AS 2112 American People I    : Midterm: A | Final: A,spring 2017,   ED 6001 Human Growth&Dvlpmnt MAT : Midterm: A | Final: A,   EL 2239 Horror Literature  : Midterm: B | Final: B+, AS 2122 American People II     : Midterm: B+ | Final: B+, VA2010 Intro. to Creative Thinking    : Midterm: A | Final: A,fall 2017,  ED 6002 Foundations of Literacy MAT : Midterm: A | Final: A,  ED 6003 The Exceptional Learner MAT : Midterm: B | Final: B+,   EL 3600 US Literature I   : Midterm: B+ | Final: B+,  VA2020 Basic Design   : Midterm: A | Final: A,spring 2018,  ED 6900 Student Teaching: Science : Midterm: A | Final: A,  CP 6560 Topics:Molecular Bio & BioChem : Midterm: B | Final: B+,   VA2030 Drawing   : Midterm: B+ | Final: B+,  VA2045 Introduction to Color   : Midterm: A | Final: A,fall  2018, BS 6590 Topics: Environmental Science : Midterm: A | Final: A,    BS 6630  Developmental Biology/MAT : B | Final: B+,  VA2500 Art History I: 19th Century Art    : Midterm: B+ | Final: B+,  VA3400 Digital Imaging   : Midterm: A | Final: A,spring 2019,  ED 6092 Literacy : Midterm: A | Final: A,   ED 6250 Teachng Ntr&Dvlmnt Science MAT : Midterm: B | Final: B+,   BS4400 Cell Biology : Midterm: B+ | Final: B+,  BS4460 Genetics : Midterm: A | Final: A,fall 2019, BS4440 Evolution : Midterm: A | Final: A,  BS2490 Environmental Science : Midterm: B | Final: B+, BS3450 Plant Biology : Midterm: B+ | Final: B+,  BS3520 Comparative Anatomy : Midterm: A | Final: A,606b5915962b7170e065a321,Full Time,700390431,Catina Bryer,CsdYcG,6/21/1998,77 Crowley Hill,spring 2020, BS4400  Cell Biology : Midterm: A | Final: A,   BS4420  Microbiology : Midterm: B | Final: B+,   BS4430  Developmental Biology : Midterm: B+ | Final: B+, BS4470  Ecology : Midterm: A | Final: A,,0
jsebleyd3@com.com,Adolescence Education: Chemistry (7-12),,,,,,,,,,,,,,,,,,,,,,,,,,,,,,,,,,,,,,,,,,,,,Undergraduate - Sophomore,fall 2019, CP 4510 Biochemistry I : Midterm: A | Final: A,   CP 2120 Principles of Chemistry I  : Midterm: A | Final: A,   CP 2121 Principles of Chemistry Lab I   : Midterm: C+ | Final: B,  CP 4520 Biochemistry Lab   : Midterm: A | Final: A,spring 2020, EL 3500  Lit Across Cultures I:Analysis   : Midterm: A | Final: A,  BS 2400 Basic Bio Sciences I  : Midterm: B | Final: B+,  VA2010 Intro. to Creative Thinking : Midterm: A | Final: A,   EL 1000 English Comp I: Exposition  : Midterm: A | Final: A,fall 2020,  CP 3300 Organic Chemistry I  : Midterm: A | Final: A,   CP 3302 Organic Chemistry Lab I  : Midterm: B | Final: B+,  EL 2239 Horror Literature    : Midterm: B+ | Final: B+,  VA2500 Art History I: 19th Century Art : Midterm: A | Final: A,,,,,,,,,,,,,,,,,,,,,606b5915962b7170e065a322,Part Time,700348147,Jemie Sebley,kQ1DolRKK,7/30/1996,50637 Londonderry Pass,,,,,,,0
tadneyd4@army.mil,Industrial and Labor Relations,,,,,,,,,,,,,,,,,,,,,,,,,,,,,,,,,,,,,,,,,,,,,Undergraduate - Sophomore,fall 2019,  IR 2210 Unions & Management: An Intro  : Midterm: A | Final: A,   HI 2681 Intro to Europe Hist:1350-Present  : Midterm: B | Final: B+,    VA2320 Graphic Design I  : Midterm: B+ | Final: B+,   EL 1000 English Comp I: Exposition  : Midterm: A | Final: A,spring 2020,  PE 2650 Intro to U.S. Politics  : Midterm: A | Final: A,  AS 2112 American People I : Midterm: B | Final: B+,    VA2010 Intro. to Creative Thinking  : Midterm: B+ | Final: B+,  EL 2239 Horror Literature   : Midterm: A | Final: B+,fall 2020,  IR 3300 CollectiveBarg & GrievanceProc  : Midterm: A | Final: A,  IR 3140 Unions & Public Policy     : Midterm: B | Final: B-,   HI 3091 African Cultures   : Midterm: B | Final: B,  EL 3560  Literatures of Europe:Part I   : Midterm: B | Final: B+,,,,,,,,,,,,,,,,,,,,,606b5915962b7170e065a323,Part Time,700125234,Templeton Adney,ngRz1U,2/14/1995,0 Twin Pines Place,,,,,,,0
hded8@wunderground.com,Adolescence Education: Social Studies (7-12),,,,,,,,,,,,,,,,,,,,,,,,,,,,,,,,,,,,,,,,,,,,,Undergraduate - Senior,fall 2017,   AS 2112 American People I : Midterm: A | Final: A,  EL 1000 English Comp I: Exposition   : Midterm: B | Final: B+,   HI 4308 History Modern Middle East   : Midterm: C+ | Final: C+,  VA3200 Art Tutorials I   : Midterm: A | Final: A,spring 2018,  AS 2122 American People II  : Midterm: A | Final: A,   HI 3835 Islamic Cultures  : Midterm: B | Final: B+,   EL 2239 Horror Literature   : Midterm: C+ | Final: C+,   VA4200 Art Tutorials II  : Midterm: A | Final: A,fall 2018,  HI 3080   Asian Cultures  : Midterm: A | Final: A,   HI 3110 Latin American Culture  : Midterm: B | Final: B+,   EL 3010  Structure & Grammar of English   : Midterm: B+ | Final: C+,  VA5200 Art Tutorials III   : Midterm: A | Final: A,spring 2019,  HI 3091 African Cultures  : Midterm: A | Final: A,  VA2010 Intro. to Creative Thinking   : Midterm: B | Final: B+,   HI 4308 History Modern Middle East   : Midterm: C+ | Final: C+,  HI 7500 Questioning Global History   : Midterm: A | Final: A,fall  2019,   VA2020 Basic Design : Midterm: A | Final: A,   HI 3835 Islamic Cultures  : Midterm: B | Final: B+,    HI 6565 Topics in the History of India  : Midterm: C+ | Final: C+,  HI 6540 Topics in European History   : Midterm: A | Final: A,spring 2020, HI 3640  African History   : Midterm: A | Final: A,   HI 2681 Intro to Europe Hist:1350-Present  : Midterm: B | Final: B+,  HI 6530 Econ:Theories    : Midterm: C+ | Final: C+,   HI 6520 US Constitutional&Polticl Hist  : Midterm: A | Final: A,fall 2020,  ED 6085 Mthd/Mtrls Teach Socl Stds MAT  : Midterm: A | Final: A,    ED 6095 Literacy : Midterm: B | Final: B+,  ED 6903 Student Teaching:Social Stds    : Midterm: B+ | Final: B+,  HI 6510 Topics in US History   : Midterm: A | Final: A,606b5915962b7170e065a324,Full Time,700475226,Ham De Andisie,k8wqWikec,5/22/1997,7 Bunting Circle,,,,,,,0
lcysond5@phoca.cz,History,,,,,,,,,,,,,,,,,,,,,,,,,,,,,,,,,,,,,,,,,,,,,Undergraduate - Sophomore,fall 2019,  EL 1000 English Comp I: Exposition  : Midterm: A | Final: A,   HI 2681 Intro to Europe Hist:1350-Present  : Midterm: B | Final: B+,   : Midterm: B+ | Final: B+,  AS 2112 American People I   : Midterm: A | Final: A,spring 2020,  EL 2239 Horror Literature  : Midterm: A | Final: A,  AS 2122 American People II  : Midterm: B | Final: B+,  HI 3091 African Cultures    : Midterm: B+ | Final: B+,   HI 3080   Asian Cultures VA4460 Digital Animation  : Midterm: A | Final: A,fall 2020, EL 3810  Eng Lit II:Romantics - Present: Midterm: A | Final: A,  HI 3110 Latin American Culture : Midterm: B | Final: B+,  HI 3640  African History    : Midterm: B+ | Final: B+,  VA2045 Introduction to Color    : Midterm: A | Final: A,,,,,,,,,,,,,,,,,,,,,606b5915962b7170e065a325,Full Time,700759638,Linus Cyson,n43em6H,11/9/1997,81885 Main Park,,,,,,,0
mparminterd7@list-manage.com,Childhood Education (1-6),,,,,,,,,,,,,,,,,,,,,,,,,,,,,,,,,,,,,,,,,,,,,Undergraduate - Senior,fall 2017, ED3700 Child Development for Teachers : Midterm: A | Final: A,  EL 1000 English Comp I: Exposition   : Midterm: B | Final: B+,   VA2010 Intro. to Creative Thinking : Midterm: B+ | Final: B+, AS 2112 American People I    : Midterm: A | Final: A,spring 2018,   ED3820 Foundations of Special Education : Midterm: A | Final: A,   EL 2239 Horror Literature  : Midterm: B | Final: B+, AS 2122 American People II     : Midterm: B+ | Final: B+, HI 2681 Intro to Europe Hist:1350-Present    : Midterm: A | Final: A,fall 2018,  ED3950 Creating Schools for a Just Society : Midterm: A | Final: A,  ED4050 Innovative Instructional Design and Assessment : Midterm: B | Final: B+,   EL 3600 US Literature I   : Midterm: B+ | Final: B+,  VA2020 Basic Design   : Midterm: A | Final: A,spring 2019,  ED4121 Methods & Materials of Teaching Elementary Science Methods: Midterm: A | Final: A,  ED4122 Methods & Materials of Teaching Elementary Math Methods : Midterm: B | Final: B+,   VA2030 Drawing   : Midterm: B+ | Final: B+,  VA2045 Introduction to Color   : Midterm: A | Final: A,fall  2019, ED4200 Literacy for All Students  Midterm: A | Final: A,    ED4220 Language Arts in the Context of Childhood Education  Midterm: B | Final: B+,  : Midterm: B+ | Final: B+,  VA3400 Digital Imaging   : Midterm: A | Final: A,spring 2020,  ED5925 Building a Classroom Community for All Learners: Midterm: A | Final: A,   PPY2010 Introduction to Psychology : Midterm: B | Final: B+,   PY3110 Research Methods I: (Orientation): Midterm: B+ | Final: B+,  PY3215 Foundations of Child Development : Midterm: A | Final: A,fall 2020, PY3310 Abnormal Human Behavior: Midterm: A | Final: A,  PY3420 Learning & Motivation: Midterm: B | Final: B+, PY3510 Social Psychology   : Midterm: B+ | Final: B+,  PY2340 Community Psychology   : Midterm: A | Final: A,606b5915962b7170e065a326,Part Time,700895661,Mattias Parminter,uPiHsI,1/16/1998,010 Grayhawk Point,,,,,,,0
mteareda@uiuc.edu,Visual Arts: Electronic Media,,,,,,,,,,,,,,,,,,,,,,,,,,,,,,,,,,,,,,,,,,,,,Undergraduate - Freshman,fall 2020,  VA2010 Intro. to Creative Thinking  : Midterm: A | Final: A,  VA2020 Basic Design   : Midterm: B | Final: B+,  VA2030 Drawing    : Midterm: A| Final: A,   AS 2112 American People I  : Midterm: A | Final: A,,,,,,,,,,,,,,,,,,,,,,,,,,,,,,,606b5915962b7170e065a327,Part Time,700651124,Moss Teare,y1pAGL1,9/16/1996,0 Schlimgen Court,,,,,,,0
dwemyssd9@fotki.com,Special Education and Childhood Education (1-6),,,,,,,,,,,,,,,,,,,,,,,,,,,,,,,,,,,,,,,,,,,,,Undergraduate - Sophomore,fall 2019,  ED3700 Child Development : Midterm: A | Final: A,  EL 1000 English Comp I: Exposition   : Midterm: B | Final: B+,ED4121 Methods and Materials for Teaching Elementary Science Majors : East: Midterm:C+ | Final: B+,  VA2500 Art History I: : Midterm: A | Final: B,spring 2020,   ED4121 Methods and Materials for Teaching Elementary Science Majors : Midterm: A | Final: A,   EL 2239 Horror Literature  : Midterm: B | Final: B+, VA2030 Drawing   : Midterm: C+ | Final: C+, VA2010 Intro. to Creative Thinking    : Midterm: A | Final: A,fall 2020,  ED4122 Methods and Materials for Teaching Elementary Math Methods : Midterm: A | Final: A,  ED4850 Instructional Design & Delivery for Students with Disabilities : Midterm: B | Final: B+,   EL 3600 US Literature I   : Midterm: B+ | Final: B+,  VA2020 Basic Design   : Midterm: A | Final: A,,,,,,,,,,,,,,,,,,,,,606b5915962b7170e065a328,Full Time,700378713,Danni Wemyss,1gvGRUA,12/17/1998,041 Kingsford Street,,,,,,,0
nlathayed6@tripod.com,History,,,,,,,,,,,,,,,,,,,,,,,,,,,,,,,,,,,,,,,,,,,,,Undergraduate - Freshman,,,,,,,,,,,,,,,,,,,,,,,,,,,,,,,,,,,,606b5915962b7170e065a329,Full Time,700795582,Nollie Lathaye,HAitvEA,2/16/1995,35 Havey Terrace,,,,,,,0
cfancedd@foxnews.com,Sociology,,,,,,,,,,,,,,,,,,,,,,,,,,,,,,,,,,,,,,,,,,,,,Undergraduate - Freshman,fall 2020, SY2400 Sociology Through the Arts   : Midterm: A | Final: A,  VA2020 Basic Design   : Midterm: B | Final: B+, EL 1000 English Comp I: Exposition      : Midterm: A | Final: A, HI 2681 Intro to Europe Hist:1350-Present    : Midterm: A | Final: A,,,,,,,,,,,,,,,,,,,,,,,,,,,,,,,606b5915962b7170e065a32a,Part Time,700110334,Calley Fance,NH5bjrIdh,6/17/1996,1505 Barby Parkway,,,,,,,0
tbuickdc@ibm.com,Sociology,,,,,,,,,,,,,,,,,,,,,,,,,,,,,,,,,,,,,,,,,,,,,Undergraduate - Junior,fall 2018, SY2400 Sociology Through the Arts : Midterm: A | Final: A,  EL 1000 English Comp I: Exposition   : Midterm: B | Final: B+,   HI 2681 Intro to Europe Hist:1350-Present   : Midterm: C+ | Final: C+, AS 2112 American People I    : Midterm: A | Final: A,spring 2019,   SY2550 Social Problems: Midterm: A | Final: A,   EL 2239 Horror Literature  : Midterm: B | Final: B+, AS 2122 American People II     : Midterm: C+ | Final: B, VA2010 Intro. to Creative Thinking    : Midterm: A | Final: A,fall 2019,  SY2600 Social Deviance: Midterm: A | Final: A,  SY2800 Race : Midterm: B | Final: B+,   EL 3600 US Literature I   : Midterm: B+ | Final: B+,  VA2020 Basic Design   : Midterm: A | Final: A,spring 2020, SY3160 Sociology of Culture: Midterm: A | Final: A,  SY3280 Social Inequality: Midterm: B | Final: B+, VA3400 Digital: Midterm: B+ | Final: B+,  VA2045 Introduction to Color   : Midterm: A | Final: A,fall  2020, SY3630 Political Sociology : Midterm: A | Final: A,    SY3700 Family and Society : Midterm: B | Final: B+,  VA2500 Art History I: 19th Century Art    : Midterm: B+ | Final: B+, Imaging      VA2030 Drawing     : Midterm: A | Final: A,,,,,,,,,,,606b5915962b7170e065a32b,Full Time,700129845,Tanitansy Buick,jRYpnrY2Cz,8/10/1996,273 Menomonie Hill,,,,,,,0
abellhamdb@buzzfeed.com,Psychology,,,,,,,,,,,,,,,,,,,,,,,,,,,,,,,,,,,,,,,,,,,,,Graduate,fall 2016, PY2010 Introduction to Psychology: Midterm: A | Final: A,  EL 1000 English Comp I: Exposition   : Midterm: B | Final: B+,   HI 2681 Intro to Europe Hist:1350-Present   : Midterm: C+ | Final: B, AS 2112 American People I    : Midterm: A | Final: A,spring 2017,   PY3110 Research Methods I: (Orientation): Midterm: A | Final: A,   EL 2239 Horror Literature  : Midterm: B | Final: B+, AS 2122 American People II     : Midterm: A| Final: B, VA2010 Intro. to Creative Thinking    : Midterm: A | Final: A,fall 2017,  PY3120 Research Methods II: (Statistics)  : Midterm: A | Final: A,  PY4130 Field Experience and Research: Midterm: B | Final: B,   EL 3600 US Literature I   : Midterm: B+ | Final: B+,  VA2020 Basic Design   : Midterm: A | Final: A,spring 2018,  PY4100 Research Methods III (Advanced Research Skills)  : Midterm: A | Final: A,  PY3410 Cognitive Psychology   : Midterm: B | Final: B+,   VA2030 Drawing   : Midterm: B+ | Final: B+,  VA2045 Introduction to Color   : Midterm: A | Final: A,fall  2018, PY3420 Learning & Motivation: Midterm: A | Final: A,    PY3610 Brain & Behavior: Midterm: B | Final: B+,  VA2500 Art History I: 19th Century Art    : Midterm: B+ | Final: B+,  VA3400 Digital Imaging   : Midterm: A | Final: A,spring 2019,  PY3620 Drugs & Behavior: Midterm: A | Final: A,   PY3215 Foundations of Child Development : Midterm: B | Final: B+,   PY3310 Abnormal Human Behavior   : Midterm: B+ | Final: B+,  PY3311 Theories of Personality   : Midterm: A | Final: A,fall 2019, PY3510 Social Psychology : Midterm: A | Final: A,  PY2340 Community Psychology: Midterm: B | Final: B+, PY2530 Psychology of Prejudice     : Midterm: B+ | Final: B+,  PY2720 Psychology of Gender   : Midterm: A | Final: A,606b5915962b7170e065a32c,Full Time,700317805,Alva Bellham,DAIItwjYx7KT,6/27/1998,07493 Bluejay Plaza,spring 2020, PY3710 Psychology & Social Justice   : Midterm: A | Final: A,   PH 3600  Social Determinants of Health  : Midterm: B | Final: B+,   PH 3610 Intro.-U.S.Health Care System: Midterm: B+ | Final: B+, PH 5900 Research Methods: Midterm: A | Final: A,,0
dmacknockiterdg@ifeng.com,Accounting,,,,,,,,,,,,,,,,,,,,,,,,,,,,,,,,,,,,,,,,,,,,,Undergraduate - Freshman,fall 2020,  BU 4500 Intermediate Accounting I  : Midterm: A | Final: A,  EL 1000 English Comp I: Exposition   : Midterm: B | Final: B+,   MA 2300 Calculus for Business & Economics   : Midterm: B+ | Final: C+,  AS 2112 American People I   : Midterm: A | Final: A,,,,,,,,,,,,,,,,,,,,,,,,,,,,,,,606b5915962b7170e065a32d,Part Time,700498280,Darcee MacKnockiter,fqw6dL,11/26/1995,80157 Prairieview Pass,,,,,,,0
elavrickdi@mozilla.org,Adolescence Education: Mathematics (7-12),,,,,,,,,,,,,,,,,,,,,,,,,,,,,,,,,,,,,,,,,,,,, Undergraduate - Freshman ,fall 2020,  EL 1000 English Comp I: Exposition I: Midterm: B | Final: B+,  VA3200 Art Tutorials I    : Midterm: A | Final: A,,,,,,,,,,,,,,,,,,,,,,,,,,,,,,,,,606b5915962b7170e065a32e,Part  Time,700094267,Electra Lavrick,D1WaF27wHA,6/28/1995,33820 Walton Crossing,,,,,,,0
btingleyde@huffingtonpost.com,Psychology,,,,,,,,,,,,,,,,,,,,,,,,,,,,,,,,,,,,,,,,,,,,,Undergraduate - Junior,fall 2018, PY2010 Introduction to Psychology: Midterm: A | Final: A,  EL 1000 English Comp I: Exposition   : Midterm: B | Final: B+,   HI 2681 Intro to Europe Hist:1350-Present   : Midterm: C+ | Final: B, AS 2112 American People I    : Midterm: A | Final: A,spring 2019,   PY3110 Research Methods I: (Orientation): Midterm: A | Final: A,   EL 2239 Horror Literature  : Midterm: B | Final: B+, AS 2122 American People II     : Midterm: C+ | Final: B, VA2010 Intro. to Creative Thinking    : Midterm: A | Final: A,fall 2019,  PY3120 Research Methods II: (Statistics)  : Midterm: A | Final: A,  PY4130 Field Experience and Research: Midterm: B | Final: B+,   EL 3600 US Literature I   : Midterm: B+ | Final: B+,  VA2020 Basic Design   : Midterm: A | Final: A,spring 2020,  PY4100 Research Methods III (Advanced Research Skills)  : Midterm: A | Final: A,  PY3410 Cognitive Psychology   : Midterm: B | Final: B+,   VA2030 Drawing   : Midterm: B+ | Final: B+,  VA2045 Introduction to Color   : Midterm: A | Final: A,fall  2020, PY3420 Learning & Motivation: Midterm: A | Final: A,    PY3610 Brain & Behavior: Midterm: B | Final: B+,  VA2500 Art History I: 19th Century Art    : Midterm: B+ | Final: B+,  VA3400 Digital Imaging   : Midterm: A | Final: A,,,,,,,,,,,606b5915962b7170e065a32f,Full Time,700808771,Bondie Tingley,WoYCXzfb5ZR,11/19/1995,8502 Mendota Parkway,,,,,,,0
rbrassilldk@amazon.de,Industrial and Labor Relations,,,,,,,,,,,,,,,,,,,,,,,,,,,,,,,,,,,,,,,,,,,,,Undergraduate - Freshman,fall 2020, PE 2650 Intro to U.S. Politics : Midterm: A | Final: A,  EL 1000 English Comp I: Exposition   : Midterm: B | Final: B+,   HI 2681 Intro to Europe Hist:1350-Present   : Midterm: A | Final: A, AS 2112 American People I    : Midterm: A | Final: B+,,,,,,,,,,,,,,,,,,,,,,,,,,,,,,,606b5915962b7170e065a330,Part Time,700926854,Robinet Brassill,5Kis629,12/26/1997,711 Homewood Place,,,,,,,0
dstangoedh@histats.com,Biochemistry,,,,,,,,,,,,,,,,,,,,,,,,,,,,,,,,,,,,,,,,,,,,,Undergraduate - Junior,fall 2018,  VA2010 Intro. to Creative Thinking  : Midterm: A | Final: A, CP 2120 Principles of Chemistry I: Midterm: B | Final: B+,  VA2030 Drawing    : Midterm: C+ | Final: C+,  CP 2121 Principles of Chemistry Lab I: Midterm: A | Final: A,spring 2019, EL 1000 English Comp I: Exposition   : Midterm: A | Final: A,  VA2020 Basic Design   : Midterm: B | Final: B+,   CP 2130 Principles of Chemistry II  : Midterm: B+ | Final: B+, CP 2131 Principles Chemistry Lab II: Midterm: A | Final: A,fall 2019,  EL 2239 Horror Literature  : Midterm: A | Final: A,  AS 2112 American People I  : Midterm: B | Final: B+,  CP 3302 Organic Chemistry Lab I    : Midterm: B+ | Final: B+,  CP 3300 Organic Chemistry I   : Midterm: A | Final: A,spring 2020,  CP 3310 Organic Chemistry II: Midterm: A | Final: A,  CP 3312 Organic Chemistry Lab II : Midterm: B | Final: B+,   VA2030 Drawing   : Midterm: B+ | Final: B+,  VA2045 Introduction to Color   : Midterm: A | Final: A,fall  2020, CP 3400 Analytical Chemistry-Lect/Lab : Midterm: A | Final: A,    CP 4700 Physical Chemistry I : Midterm: B | Final: B+,  VA2500 Art History I: 19th Century Art    : Midterm: B+ | Final: B+,  VA3400 Digital Imaging   : Midterm: A | Final: A,,,,,,,,,,,606b5915962b7170e065a331,Full Time,700203042,Donny Stangoe,FgNioz,12/14/1998,03920 3rd Junction,,,,,,,0
bletchmoredj@comcast.net,Business Administration,,,,,,,,,,,,,,,,,,,,,,,,,,,,,,,,,,,,,,,,,,,,,Undergraduate - Junior,fall 2018, BU 3010 Information Systems for Managers   : Midterm: A | Final: A,   BU 3502 Principles of Accounting I  : Midterm: B | Final: B+,   EL 1000 English Comp I: Exposition   : Midterm: A | Final: A,   AS 2112 American People I  : Midterm: A | Final: A,spring 2019,  MA 2300 Calc/Business & Economics  : Midterm: A | Final: A,   BU3600 Principles Business Law  : Midterm: B | Final: B+,   AS 2122 American People II   : Midterm: A | Final: A,   BU 3800 Marketing: Principles&Concepts  : Midterm: A | Final: A,fall 2019, BU 4110 Organizational Behavior & Mgmt   : Midterm: A | Final: A, BU 4120  Global Business    : Midterm: B | Final: B-,  EL 2239 Horror Literature    : Midterm: A | Final: A,  HI 2681 Intro to Europe Hist:1350-Present   : Midterm: A | Final: B,spring 2020,  EL 3600 US Literature I: Midterm: A | Final: B-,   HI 3640  African History  : Midterm: B | Final: B+,  VA2010 Intro. to Creative Thinking    : Midterm: B+ | Final: B,    VA2500 Art History I: 19th Century Art : Midterm: A | Final: B,fall  2020, BU 5171 Human Resource Management     : Midterm: A | Final: A,   BU 5196 Leadership  : Midterm: A | Final: A, VA3100 Visual Culture     : Midterm: C+ | Final: B,   VA4460 Digital Animation  : Midterm: A | Final: A,,,,,,,,,,,606b5915962b7170e065a332,Part Time,700110358,Boyd Letchmore,Lawdkr,6/11/1997,73 Grayhawk Alley,,,,,,,0
tlowmandm@theatlantic.com,Computer & Information Science,,,,,,,,,,,,,,,,,,,,,,,,,,,,,,,,,,,,,,,,,,,,,Undergraduate - Sophomore,fall 2019,VA2010 Intro. to Creative Thinking: Midterm: A | Final: A,CS 2510 Computer Programming I : Midterm: A | Final: B+,EL 1000 English Comp I: Exposition: Midterm: A | Final: A,MA 1020 College Algebra: Midterm: A- | Final: A,spring 2020, CS 2511 Computer Programming II: Midterm: A | Final: A, MA2310 Calculus and Analytic Geometry I: Midterm: A | Final: A, VA2020 Basic Design : Midterm: A | Final: A, EL 2239 Horror Literature : Midterm: B | Final: A,fall 2020,HI 3640  African History : Midterm: A | Final: A,HI 3835 Islamic Cultures : Midterm: A | Final: A,EL 3010  Structure & Grammar of English : Miderm: A | Final: A, HI 3091 African Cultures: Midterm: B | Final: B-,,,,,,,,,,,,,,,,,,,,,606b5915962b7170e065a333,Full Time,700347513,Tod Lowman,FXTO7sFm,1/12/1995,2103 Autumn Leaf Terrace,,,,,,,0
ghutchencedf@blogtalkradio.com,Adolescence Education: Social Studies (7-12),,,,,,,,,,,,,,,,,,,,,,,,,,,,,,,,,,,,,,,,,,,,,Undergraduate - Senior,fall 2017,   AS 2112 American People I : Midterm: A | Final: A,  EL 1000 English Comp I: Exposition   : Midterm: B | Final: B+,   HI 4308 History Modern Middle East   : Midterm: C+ | Final: C+,  VA3200 Art Tutorials I   : Midterm: A | Final: A,spring 2018,  AS 2122 American People II  : Midterm: A | Final: A,   HI 3835 Islamic Cultures  : Midterm: B | Final: B+,   EL 2239 Horror Literature   : Midterm: C+ | Final: B+,   VA4200 Art Tutorials II  : Midterm: A | Final: A,fall 2018,  HI 3080   Asian Cultures  : Midterm: A | Final: A,   HI 3110 Latin American Culture  : Midterm: B | Final: B+,   EL 3010  Structure & Grammar of English   : Midterm: C+ | Final: B+,  VA5200 Art Tutorials III   : Midterm: A | Final: A,spring 2019,  HI 3091 African Cultures  : Midterm: A | Final: A,  VA2010 Intro. to Creative Thinking   : Midterm: B | Final: B+,   HI 4308 History Modern Middle East   : Midterm: C+ | Final: B+,  HI 7500 Questioning Global History   : Midterm: A | Final: A,fall  2019,   VA2020 Basic Design : Midterm: A | Final: A,   HI 3835 Islamic Cultures  : Midterm: B | Final: B+,    HI 6565 Topics in the History of India  : Midterm: A | Final: A,  HI 6540 Topics in European History   : Midterm: A | Final: A,spring 2020, HI 3640  African History   : Midterm: A | Final: A,   HI 2681 Intro to Europe Hist:1350-Present  : Midterm: B | Final: B+,  HI 6530 Econ:Theories    : Midterm: C+ | Final: B,   HI 6520 US Constitutional&Polticl Hist  : Midterm: A | Final: A,fall 2020,  ED 6085 Mthd/Mtrls Teach Socl Stds MAT  : Midterm: A | Final: A,    ED 6095 Literacy : Midterm: B | Final: B+,  ED 6903 Student Teaching:Social Stds    : Midterm: C+ | Final: C+,  HI 6510 Topics in US History   : Midterm: A | Final: A,606b5915962b7170e065a334,Full Time,700731873,Georgy Hutchence,4csDImgIOxH,7/15/1996,5589 Loeprich Point,,,,,,,0
ajaquetdl@biglobe.ne.jp,History,,,,,,,,,,,,,,,,,,,,,,,,,,,,,,,,,,,,,,,,,,,,,Graduate,fall 2017,VA2010 Intro. to Creative Thinking: Midterm: A | Final: A,AS 2112 American People I : Midterm: A | Final: B+,EL 1000 English Comp I: Exposition: Midterm: A | Final: A,MA 1020 College Algebra: Midterm: A- | Final: A,spring 2018,AS 2122 American People II : Midterm: A | Final: A, HI 2681 Intro to Europe Hist:1350-Present: Midterm: A | Final: A, VA2020 Basic Design : Midterm: A | Final: A,HI 3110 Latin American Culture : Midterm: B | Final: A,fall 2018,HI 3640  African History : Midterm: A | Final: A,HI 3835 Islamic Cultures : Midterm: A | Final: A,EL 3010  Structure & Grammar of English : Midterm: A | Final: A, HI 3091 African Cultures: Midterm: B | Final: B-,spring 2019,HI 4308 History Modern Middle East: Midterm: B | Final: A,HI 4632 Japanese History Through Literature : Midterm: A | Final: B,HI 4800  History of India : Midterm: A | Final: A,HI 4900 Modern China-Study Abroad: Midterm: B | Final: C+,fall 2019,PE 4690 Politics of Lat Amer/Caribbean : Midterm: B | Final: A,HI 4001 19th Century : Midterm: A | Final: A,VA3200 Art Tutorials I: Midterm: A | Final: A,VA3400 Digital Imaging : Midterm: A | Final: B,spring 2020,VA4200 Art Tutorials II: Midterm: A | Final: A,VA4260 Interactive Web Design : Midterm: A | Final: A-,HI 4011  20th Century : Midterm: B | Final: A,HI 4700  Modern Global Environments : Midterm: A | Final: A,fall 2020,HI 3610  America's African Heritage : Midterm: C | Final: B+,HI 3840 Crescent and Cross : Midterm: A | Final: A,HI 4650   History of African Enslavement : Midterm: A | Final: A,BS4400 Cell Biology: A | Final: A,606b5915962b7170e065a335,Full Time,700221747,Agneta Jaquet,UCAa4vk,9/21/1998,41505 Aberg Pass,spring 2021,HI 4905 Chinese Civilization : Midterm: A | Final: A,SY 5990  Senior Seminar : Midterm: A | Final: A,EL 4325 Shakespeare: Selected Plays : Midterm: A | Final: B,EL 4510  Modern Drama & Theatre : Midterm: B | Final: B+,,0
hlawfulldn@i2i.jp,Sociology,,,,,,,,,,,,,,,,,,,,,,,,,,,,,,,,,,,,,,,,,,,,,Undergraduate - Senior,fall 2017,VA2010 Intro. to Creative Thinking: Midterm: A | Final: A, SY2400 Sociology Through the Arts : Midterm: A | Final: B+,,,spring 2018, SY2550 Social Problems: Midterm: A | Final: A, SY2600 Social Deviance: Midterm: A | Final: A,,,fall 2018,HI 3640  African History : Midterm: A | Final: A,HI 3835 Islamic Cultures : Midterm: A | Final: A,,,spring 2019, SY2800 Race: Midterm: B | Final: A, SY3160 Sociology of Culture : Midterm: A | Final: B,,,fall 2019, SY3630 Political Sociology : Midterm: B | Final: A, SY3700 Family and Society : Midterm: A | Final: A,,,spring 2020,VA4200 Art Tutorials II: Midterm: A | Final: A, SY3750 Medical Sociology : Midterm: A | Final: A-,,,fall 2020, SY3910 Sociology of Work : Midterm: C | Final: B+, SY4260 Social Work: Theory and Practice : Midterm: A | Final: A,,,606b5915962b7170e065a336,Part Time,700905509,Hube Lawfull,yReBFDCnfgA,7/16/1998,4201 Shelley Street,,,,,,,0
barnolddr@51.la,Special Education and Childhood Education (1-6),,,,,,,,,,,,,,,,,,,,,,,,,,,,,,,,,,,,,,,,,,,,,Undergraduate - Sophomore,fall 2019,VA2010 Intro. to Creative Thinking : Midterm: A | Final: A, SY2400 Sociology Through the Arts : Midterm: A | Final: B+,,,spring 2020, SY2550 Social Problems : Midterm: A | Final: A, SY2600 Social Deviance : Midterm: A | Final: A,,,fall 2020,HI 3640  African History : Midterm: A | Final: A,HI 3835 Islamic Cultures : Midterm: A | Final: A,,,,,,,,,,,,,,,,,,,,,,,606b5915962b7170e065a337,Part Time,700237087,Basilius Arnold,oLItYq9PqI,2/24/1996,5276 Johnson Park,,,,,,,0
lbecerrodq@addtoany.com,Adolescence Education: Biology (7-12),,,,,,,,,,,,,,,,,,,,,,,,,,,,,,,,,,,,,,,,,,,,,Undergraduate - Senior,fall 2017,VA2010 Intro. to Creative Thinking : Midterm: A | Final: A, BS2490 Environmental Science : Midterm: A | Final: B+,,,spring 2018, BS3450 Plant Biology : Midterm: A | Final: A, BS3520 Comparative Anatomy : Midterm: A | Final: A,,,fall 2018,HI 3640  African History : Midterm: A | Final: A,HI 3835 Islamic Cultures : Midterm: A | Final: A,,,spring 2019, PY3110 Research Methods I: (Orientation) : Midterm: B | Final: A, PY2340 Community Psychology : Midterm: A | Final: B,,,fall 2019, BS4400  Cell Biology : Midterm: B | Final: A, BS4420  Microbiology : Midterm: A | Final: A,,,spring 2020,VA4200 Art Tutorials II : Midterm: A | Final: A, BS4430  Developmental Biology : Midterm: A | Final: A-,,,fall 2020, ED 6001 Human Growth&Dvlpmnt MAT : Midterm: C | Final: B+, ED 6002 Foundations of Literacy MAT : Midterm: A | Final: A,,,606b5915962b7170e065a338,Part Time,700033868,Leonard Becerro,qUUoX1,6/15/1998,67992 Montana Parkway,,,,,,,0
acoucherdp@admin.ch,Sociology,,,,,,,,,,,,,,,,,,,,,,,,,,,,,,,,,,,,,,,,,,,,,Undergraduate - Junior,fall 2018,VA2010 Intro. to Creative Thinking: Midterm: A | Final: A, SY2400 Sociology Through the Arts : Midterm: A | Final: B+,,,spring 2019, SY2550 Social Problems: Midterm: A | Final: A, SY2600 Social Deviance: Midterm: A | Final: A,,,fall 2019,HI 3640  African History : Midterm: A | Final: A,HI 3835 Islamic Cultures : Midterm: A | Final: A,,,spring 2020, SY2800 Race: Midterm: B | Final: A, SY3160 Sociology of Culture : Midterm: A | Final: B,,,fall 2020, SY3630 Political Sociology : Midterm: B | Final: A, SY3700 Family and Society : Midterm: A | Final: A,,,,,,,,,,,,,606b5915962b7170e065a339,Part Time,700276204,Ashley Coucher,8mQYY8,10/24/1996,14345 Shasta Hill,,,,,,,0
amckernands@auda.org.au,Sociology,,,,,,,,,,,,,,,,,,,,,,,,,,,,,,,,,,,,,,,,,,,,,Undergraduate - Sophomore,fall 2019,VA2010 Intro. to Creative Thinking: Midterm: A | Final: A, SY2400 Sociology Through the Arts : Midterm: A | Final: B+,,,spring 2020, SY2550 Social Problems: Midterm: A | Final: A, SY2600 Social Deviance: Midterm: A | Final: A,,,fall 2020,HI 3640  African History : Midterm: A | Final: A,HI 3835 Islamic Cultures : Midterm: A | Final: A,,,,,,,,,,,,,,,,,,,,,,,606b5915962b7170e065a33a,Part Time,700415727,Ade McKernan,xSQOVo8B6,9/28/1997,48 Sunbrook Trail,,,,,,,0
asheplanddo@mediafire.com,Psychology,,,,,,,,,,,,,,,,,,,,,,,,,,,,,,,,,,,,,,,,,,,,,Undergraduate - Senior,fall 2017,VA2010 Intro. to Creative Thinking: Midterm: A | Final: A, PY2010 Introduction to Psychology : Midterm: A | Final: B+,,,spring 2018, PY2530 Psychology of Prejudice : Midterm: A | Final: A, PY2720 Psychology of Gender: Midterm: A | Final: A,,,fall 2018,HI 3640  African History : Midterm: A | Final: A,HI 3835 Islamic Cultures : Midterm: A | Final: A,,,spring 2019, PY3110 Research Methods I: (Orientation): Midterm: B | Final: A, PY2340 Community Psychology : Midterm: A | Final: B,,,fall 2019, PY3120 Research Methods II: (Statistics) : Midterm: B | Final: A, PY3610 Brain & Behavior: A | Final: A,,,spring 2020,VA4200 Art Tutorials II: Midterm: A | Final: A, PY4100 Research Methods III (Advanced Research Skills) : Midterm: A | Final: A-,,,fall 2020, PY4130 Field Experience and Research : Midterm: C | Final: B+, PY3310 Abnormal Human Behavior : Midterm: A | Final: A,,,606b5915962b7170e065a33b,Part Time,700644367,Andie Shepland,vytuHleKC,1/28/1998,1233 Coolidge Plaza,,,,,,,0
adanskendt@indiatimes.com,Politics & Economics & Law,,,,,,,,,,,,,,,,,,,,,,,,,,,,,,,,,,,,,,,,,,,,,Undergraduate - Sophomore,fall 2019,VA2010 Intro. to Creative Thinking : Midterm: A | Final: A, PE2300 Introduction to Law : Midterm: A | Final: B+,,,spring 2020, PE2650 Introduction to U.S. Politics : Midterm: A | Final: A, IR2210 Unions and Management: An Introduction : Midterm: A | Final: A,,,fall 2020,HI 3640  African History : Midterm: A | Final: A,HI 3835 Islamic Cultures : Midterm: A | Final: A,,,,,,,,,,,,,,,,,,,,,,,606b5915962b7170e065a33c,Part Time,700739482,Angelita Dansken,ZzYozkMy,4/14/1997,6141 Carey Road,,,,,,,0
afoltindv@ft.com,History,,,,,,,,,,,,,,,,,,,,,,,,,,,,,,,,,,,,,,,,,,,,,Undergraduate - Junior,spring 2019,VA2010 Intro. to Creative Thinking: Midterm: A | Final: A,AS 2112 American People I : Midterm: A | Final: B+,,,fall 2019,AS 2122 American People II : Midterm: A | Final: A, HI 2681 Intro to Europe Hist:1350-Present: Midterm: A | Final: A,,,spring 2020,HI 3640  African History : Midterm: A | Final: A,HI 3835 Islamic Cultures : Midterm: A | Final: A,,,fall 2020,HI 4308 History Modern Middle East: Midterm: B | Final: A,HI 4632 Japanese History Through Literature : Midterm: A | Final: B,,,,,,,,,,,,,,,,,,606b5915962b7170e065a33d,Part Time,700265603,Alberto Foltin,Rw2IYyO3k,1/18/1997,1881 Corry Circle,,,,,,,0
claguerredu@spiegel.de,Childhood Education (1-6),,,,,,,,,,,,,,,,,,,,,,,,,,,,,,,,,,,,,,,,,,,,,Undergraduate - Junior,fall 2018,VA2010 Intro. to Creative Thinking : Midterm: A | Final: A, PY2010 Introduction to Psychology : Midterm: A | Final: B+,EL 1000 English Comp I : Exposition : Midterm: A | Final: A,MA 1020 College Algebra : Midterm: A- | Final: A,spring 2019, PY2340 Community Psychology : Midterm: A | Final: A, PY2530 Psychology of Prejudice : Midterm: A | Final: A, VA2020 Basic Design : Midterm : A | Final: A, EL 2239 Horror Literature : Midterm : B | Final: A,fall 2019,HI 3640  African History : Midterm: A | Final: A,HI 3835 Islamic Cultures : Midterm: A | Final: A,EL 3010  Structure & Grammar of English : Miderm: A | Final: A, HI 3091 African Cultures : Midterm: B | Final: B-,spring 2020, PY2720 Psychology of Gender : Midterm: B | Final: A, ED3700 Child Development for Teachers : Midterm: A | Final: B, ED3820 Foundations of Special Education : Midterm: A | Final: A, VA3100 Visual Culture : Midterm: B | Final: C+,fall 2020, ED3950 Creating Schools for a Just Society : Midterm: B | Final: A, PY3110 Research Methods I: (Orientation) : Midterm: A | Final: A,VA3200 Art Tutorials I : Midterm: A | Final: A,VA3400 Digital Imaging : Midterm: A | Final: B,,,,,,,,,,,606b5915962b7170e065a33e,Full Time,700009211,Cleo Laguerre,pYzRIi879s,1/6/1998,80900 Daystar Place,,,,,,,0
kdmisekdw@lulu.com,Industrial and Labor Relations,,,,,,,,,,,,,,,,,,,,,,,,,,,,,,,,,,,,,,,,,,,,,Undergraduate - Senior,fall 2017,VA2010 Intro. to Creative Thinking : Midterm: A | Final: A, PE 2650 Intro to U.S. Politics : Midterm: A | Final: B+,EL 1000 English Comp I : Exposition : Midterm: A | Final: A,MA 1020 College Algebra : Midterm: A- | Final: A,spring 2018, MA2300 Calculus for Business & Economics : Midterm: A | Final: A, IR 2210 Unions & Management: An Intro : Midterm: A | Final: A, VA2020 Basic Design : Midterm : A | Final: A, EL 2239 Horror Literature : Midterm : B | Final: A,fall 2018,HI 3640  African History : Midterm: A | Final: A,HI 3835 Islamic Cultures : Midterm: A | Final: A,EL 3010  Structure & Grammar of English : Miderm: A | Final: A, HI 3091 African Cultures : Midterm: B | Final: B-,spring 2019, PE 2300 Introduction to Law : Midterm: B | Final: A, IR 3140 Unions & Public Policy : Midterm: A | Final: B, IR 3300 CollectiveBarg & GrievanceProc : Midterm: A | Final: A, VA3100 Visual Culture : Midterm: B | Final: C+,fall 2019, IR 3330 Women : Midterm: B | Final: A, IR 3415 Labor Economics : Midterm: A | Final: A,VA3200 Art Tutorials I : Midterm: A | Final: A,VA3400 Digital Imaging : Midterm: A | Final: B,spring 2020,VA4200 Art Tutorials II : Midterm: A | Final: A, IR 3860 Development of the Modern Corp : Midterm: A | Final: A-, IR 3120  History:AmericanLaborRelations : Midterm: B | Final: A, IR 3260  Comparative Labor Relations : Midterm: A | Final: A,fall 2020, IR 3500 Arbitration & Mediation : Midterm: C | Final: B+, IR 4320 Labor & Employment Law : Midterm: A | Final: A, HS 4770  Occupational Health : Midterm: A | Final: A, IR 4200  Strategic Research/Organizers : Midterm: A | Final: A,606b5915962b7170e065a33f,Full Time,700661202,Kingston Dmisek,aFeIUTk,1/28/1997,7 Little Fleur Lane,,,,,,,0
dmenhenittdy@cafepress.com,Adolescence Education: Biology (7-12),,,,,,,,,,,,,,,,,,,,,,,,,,,,,,,,,,,,,,,,,,,,,Undergraduate - Freshman,,,,,,,,,,,,,,,,,,,,,,,,,,,,,,,,,,,,606b5915962b7170e065a340,Full Time,700384948,Dot Menhenitt,Q8R4oMWUhQ,9/2/1998,98 4th Center,,,,,,,0
hkellertdx@webnode.com,History,,,,,,,,,,,,,,,,,,,,,,,,,,,,,,,,,,,,,,,,,,,,,Undergraduate - Senior,fall 2017,VA2010 Intro. to Creative Thinking: Midterm: A | Final: A,AS 2112 American People I : Midterm: A | Final: B+,EL 1000 English Comp I: Exposition: Midterm: A | Final: A,MA 1020 College Algebra: Midterm: A- | Final: A,spring 2018,AS 2122 American People II : Midterm: A | Final: A, HI 2681 Intro to Europe Hist:1350-Present: Midterm: A | Final: A, VA2020 Basic Design : Midterm: A | Final: A,HI 3110 Latin American Culture : Midterm: B | Final: A,fall 2018,HI 3640  African History : Midterm: A | Final: A,HI 3835 Islamic Cultures : Midterm: A | Final: A,EL 3010  Structure & Grammar of English : Midterm: A | Final: A, HI 3091 African Cultures: Midterm: B | Final: B-,spring 2019,HI 4308 History Modern Middle East: Midterm: B | Final: A,HI 4632 Japanese History Through Literature : Midterm: A | Final: B,HI 4800  History of India : Midterm: A | Final: A,HI 4900 Modern China-Study Abroad: Midterm: B | Final: C+,fall 2019,PE 4690 Politics of Lat Amer/Caribbean : Midterm: B | Final: A,HI 4001 19th Century : Midterm: A | Final: A,VA3200 Art Tutorials I: Midterm: A | Final: A,VA3400 Digital Imaging : Midterm: A | Final: B,spring 2020,VA4200 Art Tutorials II: Midterm: A | Final: A,VA4260 Interactive Web Design : Midterm: A | Final: A-,HI 4011  20th Century : Midterm: B | Final: A,HI 4700  Modern Global Environments : Midterm: A | Final: A,fall 2020,HI 3610  America's African Heritage : Midterm: C | Final: B+,HI 3840 Crescent and Cross : Midterm: A | Final: A,HI 4650   History of African Enslavement : Midterm: A | Final: A,BS4400 Cell Biology: A | Final: A,606b5915962b7170e065a341,Full Time,700795352,Hammad Kellert,CljnYy52,8/27/1998,3748 Tony Pass,,,,,,,0
lbreawooddz@storify.com,Visual Arts: Electronic Media,,,,,,,,,,,,,,,,,,,,,,,,,,,,,,,,,,,,,,,,,,,,,Undergraduate - Senior,fall 2017,VA2010 Intro. to Creative Thinking : Midterm: A | Final: A, CS 2510 Computer Programming I : Midterm: A | Final: B+,EL 1000 English Comp I : Exposition : Midterm: A | Final: A,MA 1020 College Algebra : Midterm: A- | Final: A,spring 2018, CS 2511 Computer Programming II : Midterm: A | Final: A, VA2030 Drawing : Midterm: A | Final: A, MA2310 Calculus and Analytic Geometry I : Midterm : A | Final: A, EL 2239 Horror Literature : Midterm : B | Final: A,fall 2018,HI 3640  African History : Midterm: A | Final: A,HI 3835 Islamic Cultures : Midterm: A | Final: A,EL 3010  Structure & Grammar of English : Miderm: A | Final: A, HI 3091 African Cultures : Midterm: B | Final: B-,spring 2019, VA2020 Basic Design : Midterm: B | Final: A, VA2500 Art History I: 19th Century Art : Midterm: A | Final: B, VA2045 Introduction to Color : Midterm: A | Final: A, AS2020 New Media CE : Midterm: B | Final: C+,fall 2019, VA3100 Visual Culture : Midterm: B | Final: A, VA3380 Digital Video 4 : Midterm: A | Final: A,VA3200 Art Tutorials I : Midterm: A | Final: A, VA2320 Graphic Design I : Midterm: A | Final: B,spring 2020,VA4200 Art Tutorials II : Midterm: A | Final: A, VA4260 Interactive Web Design : Midterm: A | Final: A-, VA4320 Graphic Design II : Midterm: B | Final: A, VA3400 Digital Imaging : Midterm: A | Final: A,fall 2020, VA4265 3D Digital Design : Midterm: C | Final: B+, VA4900 Internship : Midterm: A | Final: A, VA4360 Advanced Electronic and Animation : Midterm: A | Final: A, VA4460 Digital Animation : Midterm: A | Final: A,606b5915962b7170e065a342,Full Time,700598800,Lishe Breawood,NEIog00An55,7/9/1995,69419 Burrows Drive,,,,,,,0
apocke3@dagondesign.com,English,,,,,,,,,,,,,,,,,,,,,,,,,,,,,,,,,,,,,,,,,,,,,Undergraduate - Freshman,,,,,,,,,,,,,,,,,,,,,,,,,,,,,,,,,,,,606b5915962b7170e065a343,Full Time,700535480,Alvina Pock,TbstdDk7Ehjx,1/8/1996,59 Truax Way,,,,,,,0
rslayforde0@nasa.gov,Chemistry,,,,,,,,,,,,,,,,,,,,,,,,,,,,,,,,,,,,,,,,,,,,,Graduate,fall 2017,VA2010 Intro. to Creative Thinking : Midterm: A | Final: A, CP 2120 Principles of Chemistry I : Midterm: A | Final: B+,EL 1000 English Comp I : Exposition : Midterm: A | Final: A, CP 2121 Principles of Chemistry Lab I : Midterm: A- | Final: A,spring 2018, MA2310 Calculus and Analytic Geometry I : Midterm: A | Final: A, CP 2130  Principles of Chemistry II : Midterm: A | Final: A, VA2020 Basic Design : Midterm : A | Final: A, CP 2131 Principles Chemistry Lab II : Midterm : B | Final: A,fall 2018,HI 3640  African History : Midterm: A | Final: A,HI 3835 Islamic Cultures : Midterm: A | Final: A,EL 3010  Structure & Grammar of English : Miderm: A | Final: A, HI 3091 African Cultures : Midterm: B | Final: B-,spring 2019, EL 2239 Horror Literature : Midterm: B | Final: A, CP 2240  General Physics I : Midterm: A | Final: B, CP 3230  Math Methods: Physical Science : Midterm: A | Final: A, VA3100 Visual Culture : Midterm: B | Final: C+,fall 2019, CP 2251 General Physics II Lab : Midterm: B | Final: A, CP 2250 General Physics II : Midterm: A | Final: A,VA3200 Art Tutorials I : Midterm: A | Final: A,VA3400 Digital Imaging : Midterm: A | Final: B,spring 2020,VA4200 Art Tutorials II : Midterm: A | Final: A, CP 3300 Organic Chemistry I : Midterm: A | Final: A-, CP 3302  Organic Chemistry Lab I : Midterm: B | Final: A, MA 3160  Linear Algebra : Midterm: A | Final: A,fall 2020, CP 4700  Physical Chemistry I : Midterm: C | Final: B+, CP 4720  Physical Chemistry Lab : Midterm: A | Final: A, CP 4800 Adv Chemical Methods: Lect/Lab : Midterm: A | Final: A, CP 4520 Biochemistry Lab : Midterm: A | Final: A,606b5915962b7170e065a344,Full Time,700416837,Roderic Slayford,O6ehjj6QEuCQ,2/19/1996,09 Caliangt Hill,spring 2021, CP 4710 Physical Chemistry II : Midterm: A | Final: A," ”,” CP 5920 Seminar I : Midterm: A | Final: A", CP 5921 Seminar II : Midterm: A | Final: B, MA 4360 Differential Equations : Midterm: B | Final: B+,,0
ckieranse1@posterous.com,Politics & Economics & Law,,,,,,,,,,,,,,,,,,,,,,,,,,,,,,,,,,,,,,,,,,,,,Undergraduate - Senior,fall 2017,VA2010 Intro. to Creative Thinking : Midterm: A | Final: A, PE2300 Introduction to Law : Midterm: A | Final: B+,,,spring 2018, PE2650 Introduction to U.S. Politics : Midterm: A | Final: A, IR2210 Unions and Management: An Introduction : Midterm: A | Final: A,,,fall 2018,HI 3640  African History : Midterm: A | Final: A,HI 3835 Islamic Cultures : Midterm: A | Final: A,,,spring 2019, PE2220 Introduction to Urban Issues : Midterm: B | Final: A, PE2400 Introduction to Political Economy : Midterm: A | Final: B,,,fall 2019, IR 3300 CollectiveBarg & GrievanceProc : Midterm: B | Final: A, PE3100 International Relations : Midterm: A | Final: A,,,spring 2020,VA4200 Art Tutorials II : Midterm: A | Final: A, BU3600 Principles Business Law : Midterm: A | Final: A-,,,fall 2020, PE4320 Jurisprudence: Legal Thought : Midterm: C | Final: B+, PE4470 History of Economic Thought : Midterm: A | Final: A,,,606b5915962b7170e065a345,Part Time,700037969,Clement Kierans,FIHJ5delJ,8/14/1997,780 Goodland Parkway,,,,,,,0
bgreenalle2@youku.com,Health and Society,,,,,,,,,,,,,,,,,,,,,,,,,,,,,,,,,,,,,,,,,,,,,Undergraduate - Senior,fall 2017,VA2010 Intro. to Creative Thinking : Midterm: A | Final: A, BS 2100 Biology for Non-Science Majors : Midterm: A | Final: B+,,,spring 2018, BS 2300  Anatomy&Physiology I Lecture : Midterm: A | Final: A, 2410  Basic Bio Sciences II : Midterm: A | Final: A,,,fall 2018,HI 3640  African History : Midterm: A | Final: A,HI 3835 Islamic Cultures : Midterm: A | Final: A,,,spring 2019, BS 2310  Anatomy&Physiology II Lecture : Midterm: B | Final: A, PH 3600  Social Determinants of Health : Midterm: A | Final: B,,,fall 2019, PH 3200 Nutrition & Society : Midterm: B | Final: A, PH 3700  Medical Anthropology : Midterm: A | Final: A,,,spring 2020,VA4200 Art Tutorials II : Midterm: A | Final: A, PH 4670 Biostatistics : Midterm: A | Final: A-,,,fall 2020, PH 4900 Community Health Field Placmt : Midterm: C | Final: B+, PH 4600  Health Program Planning & Eval : Midterm: A | Final: A,,,606b5915962b7170e065a346,Part Time,700964339,Brent Greenall,qpYPgWWA,7/5/1998,17918 Kipling Center,,,,,,,0
hfallanchee5@cbc.ca,English,,,,,,,,,,,,,,,,,,,,,,,,,,,,,,,,,,,,,,,,,,,,,Undergraduate - Freshman,,,,,,,,,,,,,,,,,,,,,,,,,,,,,,,,,,,,606b5915962b7170e065a347,Full Time,700834496,Hillary Fallanche,o9wHdWXEnL,9/29/1997,855 Stoughton Alley,,,,,,,0
mgrimme4@fda.gov,Biological Sciences,,,,,,,,,,,,,,,,,,,,,,,,,,,,,,,,,,,,,,,,,,,,,Undergraduate - Junior,fall 2018,VA2010 Intro. to Creative Thinking : Midterm: A | Final: A, BS2490 Environmental Science : Midterm: A | Final: B+,,,spring 2019, BS3400 Vertebrate Physiology : Midterm: A | Final: A, BS3450 Plant Biology : Midterm: A | Final: A,,,fall 2019,HI 3640  African History : Midterm: A | Final: A,HI 3835 Islamic Cultures : Midterm: A | Final: A,,,spring 2020, BS3510 Parasitology : Midterm: B | Final: A, BS3531 Comparative Genomics Lab : Midterm: A | Final: B,,,fall 2020, BS3520 Comparative Anatomy : Midterm: B | Final: A, BS3710 Environmental Physiology : Midterm: A | Final: A,,,,,,,,,,,,,606b5915962b7170e065a348,Part Time,700977190,My Grimm,GiSCVhhe2,1/20/1996,95077 Sutteridge Park,,,,,,,0
ahattoee6@biglobe.ne.jp,Psychology,,,,,,,,,,,,,,,,,,,,,,,,,,,,,,,,,,,,,,,,,,,,,Undergraduate - Junior,fall 2018,VA2010 Intro. to Creative Thinking: Midterm: A | Final: A, PY2010 Introduction to Psychology : Midterm: A | Final: B+,,,spring 2019, PY2530 Psychology of Prejudice : Midterm: A | Final: A, PY2720 Psychology of Gender: Midterm: A | Final: A,,,fall 2019,HI 3640  African History : Midterm: A | Final: A,HI 3835 Islamic Cultures : Midterm: A | Final: A,,,spring 2020, PY3110 Research Methods I: (Orientation): Midterm: B | Final: A, PY2340 Community Psychology : Midterm: A | Final: B,,,fall 2020, PY3120 Research Methods II: (Statistics) : Midterm: B | Final: A, PY3610 Brain & Behavior: A | Final: A,,,,,,,,,,,,,606b5915962b7170e065a349,Part Time,700347900,Archibald Hattoe,yLs7y6IKfLE,5/14/1998,0 Vahlen Junction,,,,,,,0
jmccourte9@seesaa.net,Psychology,,,,,,,,,,,,,,,,,,,,,,,,,,,,,,,,,,,,,,,,,,,,,Undergraduate - Sophomore,fall 2019,VA2010 Intro. to Creative Thinking: Midterm: A | Final: A, PY2010 Introduction to Psychology : Midterm: A | Final: B+,,,spring 2020, PY2530 Psychology of Prejudice : Midterm: A | Final: A, PY2720 Psychology of Gender: Midterm: A | Final: A,,,fall 2020,HI 3640  African History : Midterm: A | Final: A,HI 3835 Islamic Cultures : Midterm: A | Final: A,,,,,,,,,,,,,,,,,,,,,,,606b5915962b7170e065a34a,Part Time,700605210,Joelly McCourt,Q1IBG6,11/5/1996,82 Blue Bill Park Drive,,,,,,,0
cjeyesea@mashable.com,Criminology,,,,,,,,,,,,,,,,,,,,,,,,,,,,,,,,,,,,,,,,,,,,,Undergraduate - Sophomore,fall 2019,VA2010 Intro. to Creative Thinking : Midterm: A | Final: A, SY 1500  Intro Sociology : Midterm: A | Final: B+,,,spring 2020, CR 1500 Intro to Criminology : Midterm: A | Final: A, CR 2090  Juvenile Delinquency : Midterm: A | Final: A,,,fall 2020,HI 3640  African History : Midterm: A | Final: A,HI 3835 Islamic Cultures : Midterm: A | Final: A,,,,,,,,,,,,,,,,,,,,,,,606b5915962b7170e065a34b,Part Time,700227989,Clemence Jeyes,fXIEuyzqDH4T,2/1/1997,5695 Fuller Lane,,,,,,,0
daimere7@instagram.com,Adolescence Education: Biology (7-12),,,,,,,,,,,,,,,,,,,,,,,,,,,,,,,,,,,,,,,,,,,,,Undergraduate - Freshman,,,,,,,,,,,,,,,,,,,,,,,,,,,,,,,,,,,,606b5915962b7170e065a34c,Full Time,700591167,Dael Aimer,L4WwU921e,5/3/1995,411 Darwin Court,,,,,,,0
bcasadoeb@com.com,English,,,,,,,,,,,,,,,,,,,,,,,,,,,,,,,,,,,,,,,,,,,,,Undergraduate - Freshman,,,,,,,,,,,,,,,,,,,,,,,,,,,,,,,,,,,,606b5915962b7170e065a34d,Full Time,700059805,Brooks Casado,8m89X4,4/14/1997,6536 Norway Maple Avenue,,,,,,,0
ayoxene8@zdnet.com,History,,,,,,,,,,,,,,,,,,,,,,,,,,,,,,,,,,,,,,,,,,,,,Undergraduate - Freshman,,,,,,,,,,,,,,,,,,,,,,,,,,,,,,,,,,,,606b5915962b7170e065a34e,Full Time,700794731,Arnuad Yoxen,JZc0tFvq3Zr,7/19/1997,25015 Columbus Point,,,,,,,0
pstainsbyee@livejournal.com,Chemistry,,,,,,,,,,,,,,,,,,,,,,,,,,,,,,,,,,,,,,,,,,,,,Undergraduate - Freshman,,,,,,,,,,,,,,,,,,,,,,,,,,,,,,,,,,,,606b5915962b7170e065a34f,Full Time,700434362,Patricio Stainsby,EHv6Jbf1GW16,2/12/1995,1 Vidon Street,,,,,,,0
flabordeec@shinystat.com,Adolescence Education: Social Studies (7-12),,,,,,,,,,,,,,,,,,,,,,,,,,,,,,,,,,,,,,,,,,,,,Undergraduate - Sophomore,fall 2019,VA2010 Intro. to Creative Thinking : Midterm: A | Final: A, HI 2681 Intro to Europe Hist:1350-Present : Midterm: A | Final: B+,EL 1000 English Comp I : Exposition : Midterm: A | Final: A,MA 1020 College Algebra : Midterm: A- | Final: A,spring 2020, AS 2112 American People I : Midterm: A | Final: A, HI 3080   Asian Cultures : Midterm: A | Final: A, VA2020 Basic Design : Midterm : A | Final: A, EL 2239 Horror Literature : Midterm : B | Final: A,fall 2020,HI 3640  African History : Midterm: A | Final: A,HI 3835 Islamic Cultures : Midterm: A | Final: A,EL 3010  Structure & Grammar of English : Miderm: A | Final: A, HI 3091 African Cultures : Midterm: B | Final: B-,,,,,,,,,,,,,,,,,,,,,606b5915962b7170e065a350,Full Time,700128192,Far Laborde,x0Lv454hXXx,3/7/1997,5248 High Crossing Plaza,,,,,,,0
jbrockhouseeh@imageshack.us,Chemistry,,,,,,,,,,,,,,,,,,,,,,,,,,,,,,,,,,,,,,,,,,,,,Undergraduate - Freshman,,,,,,,,,,,,,,,,,,,,,,,,,,,,,,,,,,,,606b5915962b7170e065a351,Full Time,700108781,Jonathan Brockhouse,XQm23y6xCKl,10/6/1997,26 Eastwood Terrace,,,,,,,0
fmilleaef@xing.com,Industrial and Labor Relations,,,,,,,,,,,,,,,,,,,,,,,,,,,,,,,,,,,,,,,,,,,,,Undergraduate - Junior,fall 2018,VA2010 Intro. to Creative Thinking : Midterm: A | Final: A, PE 2650 Intro to U.S. Politics : Midterm: A | Final: B+,EL 1000 English Comp I : Exposition : Midterm: A | Final: A,MA 1020 College Algebra : Midterm: A- | Final: A,spring 2019, MA2300 Calculus for Business & Economics : Midterm: A | Final: A, IR 2210 Unions & Management: An Intro : Midterm: A | Final: A, VA2020 Basic Design : Midterm : A | Final: A, EL 2239 Horror Literature : Midterm : B | Final: A,fall 2019,HI 3640  African History : Midterm: A | Final: A,HI 3835 Islamic Cultures : Midterm: A | Final: A,EL 3010  Structure & Grammar of English : Miderm: A | Final: A, HI 3091 African Cultures : Midterm: B | Final: B-,spring 2020, PE 2300 Introduction to Law : Midterm: B | Final: A, IR 3140 Unions & Public Policy : Midterm: A | Final: B, IR 3300 CollectiveBarg & GrievanceProc : Midterm: A | Final: A, VA3100 Visual Culture : Midterm: B | Final: C+,fall 2020, IR 3330 Women : Midterm: B | Final: A, IR 3415 Labor Economics : Midterm: A | Final: A,VA3200 Art Tutorials I : Midterm: A | Final: A,VA3400 Digital Imaging : Midterm: A | Final: B,,,,,,,,,,,606b5915962b7170e065a352,Full Time,700482062,Franz Millea,LediqSk5Zg,11/5/1996,2 Summer Ridge Pass,,,,,,,0
lsimionied@mayoclinic.com,Visual Arts: Electronic Media,,,,,,,,,,,,,,,,,,,,,,,,,,,,,,,,,,,,,,,,,,,,,Graduate,fall 2017,VA2010 Intro. to Creative Thinking : Midterm: A | Final: A, CS 2510 Computer Programming I : Midterm: A | Final: B+,EL 1000 English Comp I : Exposition : Midterm: A | Final: A,MA 1020 College Algebra : Midterm: A- | Final: A,spring 2018, CS 2511 Computer Programming II : Midterm: A | Final: A, VA2030 Drawing : Midterm: A | Final: A, MA2310 Calculus and Analytic Geometry I : Midterm : A | Final: A, EL 2239 Horror Literature : Midterm : B | Final: A,fall 2018,HI 3640  African History : Midterm: A | Final: A,HI 3835 Islamic Cultures : Midterm: A | Final: A,EL 3010  Structure & Grammar of English : Miderm: A | Final: A, HI 3091 African Cultures : Midterm: B | Final: B-,spring 2019, VA2020 Basic Design : Midterm: B | Final: A, VA2500 Art History I: 19th Century Art : Midterm: A | Final: B, VA2045 Introduction to Color : Midterm: A | Final: A, AS2020 New Media CE : Midterm: B | Final: C+,fall 2019, VA3100 Visual Culture : Midterm: B | Final: A, VA3380 Digital Video 4 : Midterm: A | Final: A,VA3200 Art Tutorials I : Midterm: A | Final: A, VA2320 Graphic Design I : Midterm: A | Final: B,spring 2020,VA4200 Art Tutorials II : Midterm: A | Final: A, VA4260 Interactive Web Design : Midterm: A | Final: A-, VA4320 Graphic Design II : Midterm: B | Final: A, VA3400 Digital Imaging : Midterm: A | Final: A,fall 2020, VA4265 3D Digital Design : Midterm: C | Final: B+, VA4900 Internship : Midterm: A | Final: A, VA4360 Advanced Electronic and Animation : Midterm: A | Final: A, VA4460 Digital Animation : Midterm: A | Final: A,606b5915962b7170e065a353,Full Time,700629031,Latia Simioni,NrHAGz,3/26/1995,23 Ridgeway Park,spring 2021, VA5200 Art Tutorials III : Midterm: A | Final: A, AS4722 Film: Ideas and Aesthetics : Midterm: A | Final: A, AS4725 The Photograph and American Culture : Midterm: A | Final: B, AS4280 Global Media : Midterm: B | Final: B+,,0
semilienej@sourceforge.net,Psychology,,,,,,,,,,,,,,,,,,,,,,,,,,,,,,,,,,,,,,,,,,,,,Undergraduate - Sophomore,fall 2019,VA2010 Intro. to Creative Thinking: Midterm: A | Final: A, PY2010 Introduction to Psychology : Midterm: A | Final: B+,EL 1000 English Comp I: Exposition: Midterm: A | Final: A,MA 1020 College Algebra: Midterm: A- | Final: A,spring 2020, PY2530 Psychology of Prejudice : Midterm: A | Final: A, PY2720 Psychology of Gender: Midterm: A | Final: A, VA2020 Basic Design : Midterm: A | Final: A, EL 2239 Horror Literature : Midterm: B | Final: A,fall 2020,HI 3640  African History : Midterm: A | Final: A,HI 3835 Islamic Cultures : Midterm: A | Final: A,EL 3010  Structure & Grammar of English : Miderm: A | Final: A, HI 3091 African Cultures: Midterm: B | Final: B-,,,,,,,,,,,,,,,,,,,,,606b5915962b7170e065a354,Full Time,700645661,Shelba Emilien,480vnu,9/20/1998,74539 Corben Alley,,,,,,,0
amartygineg@seattletimes.com,Politics & Economics & Law,,,,,,,,,,,,,,,,,,,,,,,,,,,,,,,,,,,,,,,,,,,,,Undergraduate - Freshman,,,,,,,,,,,,,,,,,,,,,,,,,,,,,,,,,,,,606b5915962b7170e065a355,Full Time,700381730,Augie Martygin,3kwsM7Xvgh,9/3/1995,68426 Algoma Road,,,,,,,0
bfaillek@hostgator.com,Visual Arts: Electronic Media,,,,,,,,,,,,,,,,,,,,,,,,,,,,,,,,,,,,,,,,,,,,,Undergraduate - Sophomore,fall 2019,VA2010 Intro. to Creative Thinking : Midterm: A | Final: A, CS 2510 Computer Programming I : Midterm: A | Final: B+,,,spring 2020, CS 2511 Computer Programming II : Midterm: A | Final: A, VA2030 Drawing : Midterm: A | Final: A,,,fall 2020,HI 3640  African History : Midterm: A | Final: A,HI 3835 Islamic Cultures : Midterm: A | Final: A,,,,,,,,,,,,,,,,,,,,,,,606b5915962b7170e065a356,Part Time,700397097,Billy Faill,nRDkPqG9TZeY,6/25/1997,4 Springs Hill,,,,,,,0
mfairbeardem@about.com,History,,,,,,,,,,,,,,,,,,,,,,,,,,,,,,,,,,,,,,,,,,,,,Undergraduate - Freshman,,,,,,,,,,,,,,,,,,,,,,,,,,,,,,,,,,,,606b5915962b7170e065a357,Full Time,700278636,Marilee Fairbeard,C37ClO3PRd,10/22/1998,44913 Pleasure Hill,,,,,,,0
hgentiryei@miibeian.gov.cn,English,,,,,,,,,,,,,,,,,,,,,,,,,,,,,,,,,,,,,,,,,,,,,Graduate,fall 2017,VA2010 Intro. to Creative Thinking : Midterm: A | Final: A, HI1010 World Religions: West : Midterm: A | Final: B+,EL 1000 English Comp I : Exposition : Midterm: A | Final: A,MA 1020 College Algebra : Midterm: A- | Final: A,spring 2018, EL 2239 Horror Literature : Midterm: A | Final: A, 2410  Basic Bio Sciences II : Midterm: A | Final: A, VA2020 Basic Design : Midterm : A | Final: A, EL 3010  Structure & Grammar of English : Midterm : B | Final: A,fall 2018,HI 3640  African History : Midterm: A | Final: A,HI 3835 Islamic Cultures : Midterm: A | Final: A, EL 3500  Lit Across Cultures I:Analysis : Miderm: A | Final: A, HI 3091 African Cultures : Midterm: B | Final: B-,spring 2019, EL 3510  Lit Across Cultures II:Theory : Midterm: B | Final: A, EL 3600 US Literature I : Midterm: A | Final: B, EL 3800 Eng Lit I:Beowulf-18th Century : Midterm: A | Final: A, VA3100 Visual Culture : Midterm: B | Final: C+,fall 2019, EL 3610  US Literature II : Midterm: B | Final: A, EL 3810  Eng Lit II:Romantics - Present : Midterm: A | Final: A,VA3200 Art Tutorials I : Midterm: A | Final: A,VA3400 Digital Imaging : Midterm: A | Final: B,spring 2020,VA4200 Art Tutorials II : Midterm: A | Final: A, EL 3560  Literatures of Europe:Part I : Midterm: A | Final: A-, EL 3950  Creative Non-Fiction : Midterm: B | Final: A, EL 4311 Greek Drama : Midterm: A | Final: A,fall 2020, EL 3561 Literatures of Europe:Part II : Midterm: C | Final: B+, EL 4312 Greek Mythology : Midterm: A | Final: A, EL 4325 Shakespeare: Selected Plays : Midterm: A | Final: A, EL 4400  Critical Theory : Midterm: A | Final: A,606b5915962b7170e065a358,Full Time,700328915,Harlene Gentiry,34AUgUGMva,8/3/1998,461 Colorado Plaza,spring 2021, EL 4402 Sin & Sexuality in Literature : Midterm: A | Final: A, EL 4500 Topics in British/US Lit : Midterm: A | Final: A, EL 4510  Modern Drama & Theatre : Midterm: A | Final: B, SY 5990  Senior Seminar : Midterm: B | Final: B+,,0
ahassentep@irs.gov,History,,,,,,,,,,,,,,,,,,,,,,,,,,,,,,,,,,,,,,,,,,,,,Undergraduate - Freshman,,,,,,,,,,,,,,,,,,,,,,,,,,,,,,,,,,,,606b5915962b7170e065a359,Part Time,700654900,Adelle Hassent,3DXZ3D4blvNd,6/6/1995,8536 Mcbride Plaza,,,,,,,0
dfaunteo@gnu.org,Psychology,,,,,,,,,,,,,,,,,,,,,,,,,,,,,,,,,,,,,,,,,,,,,Undergraduate - Sophomore,fall 2019,VA2010 Intro. to Creative Thinking: Midterm: A | Final: A, PY2010 Introduction to Psychology : Midterm: A | Final: B+,EL 1000 English Comp I: Exposition: Midterm: A | Final: A,MA 1020 College Algebra: Midterm: A- | Final: A,spring 2020, PY2530 Psychology of Prejudice : Midterm: A | Final: A, PY2720 Psychology of Gender: Midterm: A | Final: A, VA2020 Basic Design : Midterm: A | Final: A, EL 2239 Horror Literature : Midterm: B | Final: A,fall 2020,HI 3640  African History : Midterm: A | Final: A,HI 3835 Islamic Cultures : Midterm: A | Final: A,EL 3010  Structure & Grammar of English : Miderm: A | Final: A, HI 3091 African Cultures: Midterm: B | Final: B-,,,,,,,,,,,,,,,,,,,,,606b5915962b7170e065a35a,Full Time,700386680,Dianemarie Faunt,OWyQISzvPV,4/29/1995,258 Algoma Hill,,,,,,,0
rwilkersonel@sciencedaily.com,Adolescence Education: Chemistry (7-12),,,,,,,,,,,,,,,,,,,,,,,,,,,,,,,,,,,,,,,,,,,,,Graduate,fall 2017,VA2010 Intro. to Creative Thinking : Midterm: A | Final: A, BS 2400 Basic Bio Sciences I : Midterm: A | Final: B+,EL 1000 English Comp I : Exposition : Midterm: A | Final: A,MA 1020 College Algebra : Midterm: A- | Final: A,spring 2018, CP 2120 Principles of Chemistry I : Midterm: A | Final: A, CP 2121 Principles of Chemistry Lab I : Midterm: A | Final: A, VA2020 Basic Design : Midterm : A | Final: A, EL 2239 Horror Literature : Midterm : B | Final: A,fall 2018,HI 3640  African History : Midterm: A | Final: A,HI 3835 Islamic Cultures : Midterm: A | Final: A,EL 3010  Structure & Grammar of English : Miderm: A | Final: A, HI 3091 African Cultures : Midterm: B | Final: B-,spring 2019, CP 2130 Principles of Chemistry II : Midterm: B | Final: A, CP 2131 Principles Chemistry Lab II : Midterm: A | Final: B, CP 4510 Biochemistry I : Midterm: A | Final: A, VA3100 Visual Culture : Midterm: B | Final: C+,fall 2019, CP 3300 Organic Chemistry I : Midterm: B | Final: A, CP 3302 Organic Chemistry Lab I : Midterm: A | Final: A,VA3200 Art Tutorials I : Midterm: A | Final: A,VA3400 Digital Imaging : Midterm: A | Final: B,spring 2020,VA4200 Art Tutorials II : Midterm: A | Final: A, CP 3310 Organic Chemistry II : Midterm: A | Final: A-, CP 3312 Organic Chemistry Lab II : Midterm: B | Final: A, CP 3400 Analytical Chemistry-Lect/Lab : Midterm: A | Final: A,fall 2020, CP 4700 Physical Chemistry I : Midterm: C | Final: B+, CP 4515 Biochemistry II : Midterm: A | Final: A, CP 4520 Biochemistry Lab : Midterm: A | Final: A, CP 5920 Seminar I : Midterm: A | Final: A,606b5915962b7170e065a35b,Full Time,700478595,Rodrigo Wilkerson,hrUKGK,7/6/1997,78429 Eliot Pass,spring 2021, CP 6500 Science and the Community : Midterm: A | Final: A, CP 6740 Topics in Earth&Space Science : Midterm: A | Final: A, CP 5921 Seminar II : Midterm: A | Final: B, CP 6590 Topics: Environmental Science : Midterm: B | Final: B+,,0
mandrollien@slideshare.net,Mathematics,,,,,,,,,,,,,,,,,,,,,,,,,,,,,,,,,,,,,,,,,,,,,Graduate,fall 2017,VA2010 Intro. to Creative Thinking : Midterm: A | Final: A, MA2310 Calculus and Analytic Geometry I : Midterm: A | Final: B+,EL 1000 English Comp I : Exposition : Midterm: A | Final: A, CS2510 Computer Programming I : Midterm: A- | Final: A,spring 2018, MA2320 Calculus and Analytic Geometry II : Midterm: A | Final: A, CS2511 Computer Programming II : Midterm: A | Final: A, VA2020 Basic Design : Midterm : A | Final: A, EL 2239 Horror Literature : Midterm : B | Final: A,fall 2018,HI 3640  African History : Midterm: A | Final: A,HI 3835 Islamic Cultures : Midterm: A | Final: A,EL 3010  Structure & Grammar of English : Miderm: A | Final: A, HI 3091 African Cultures : Midterm: B | Final: B-,spring 2019, MA3030 Discrete Mathematics : Midterm: B | Final: A, MA3160 Linear Algebra : Midterm : A | Final: B, MA3210 Intro. To Probability & Statistics : Midterm: A | Final: A, VA3100 Visual Culture : Midterm: B | Final: C+,fall 2019, MA3330 Calculus and Analytic Geometry III : Midterm: B | Final: A, MA3520 Transition to Advanced Mathematics : Midterm: A | Final: A,VA3200 Art Tutorials I : Midterm: A | Final: A,VA3400 Digital Imaging : Midterm: A | Final: B,spring 2020,VA4200 Art Tutorials II : Midterm: A | Final: A, MA4360 Differential Equations : Midterm: A | Final: A-, MA4100 Number Theory : Midterm: B | Final: A, MA4200 Probability : Midterm: A | Final: A,fall 2020, MA4510 Geometry : Midterm: C | Final: B+, MA4910 Operations Research I : Midterm: A | Final: A, MA5120 Abstract Algebra I : Midterm: A | Final: A, MA5320 Advanced Calculus I : Midterm: A | Final: A,606b5915962b7170e065a35c,Full Time,700640796,Martguerita Androlli,jHh6CdUJAY,2/15/1997,405 Emmet Crossing,spring 2021, MA4920 Operations Research II : Midterm: A | Final: A, MA5230 Mathematical Statistics : Midterm: A | Final: A, MA5380 Complex Analysis : Midterm: A | Final: B, MA5510 Topology : Midterm: B | Final: B+,,0
mclickeq@godaddy.com,Mathematics,,,,,,,,,,,,,,,,,,,,,,,,,,,,,,,,,,,,,,,,,,,,,Undergraduate - Sophomore,fall 2019,VA2010 Intro. to Creative Thinking : Midterm: A | Final: A, MA2310 Calculus and Analytic Geometry I : Midterm: A | Final: B+,EL 1000 English Comp I : Exposition : Midterm: A | Final: A, CS2510 Computer Programming I : Midterm: A- | Final: A,spring 2020, MA2320 Calculus and Analytic Geometry II : Midterm: A | Final: A, CS2511 Computer Programming II : Midterm: A | Final: A, VA2020 Basic Design : Midterm : A | Final: A, EL 2239 Horror Literature : Midterm : B | Final: A,fall 2020,HI 3640  African History : Midterm: A | Final: A,HI 3835 Islamic Cultures : Midterm: A | Final: A,EL 3010  Structure & Grammar of English : Miderm: A | Final: A, HI 3091 African Cultures : Midterm: B | Final: B-,,,,,,,,,,,,,,,,,,,,,606b5915962b7170e065a35d,Full Time,700803424,Martica Click,YJd0vWY,3/1/1995,55792 Prairie Rose Circle,,,,,,,0
gpankettmaneu@vistaprint.com,Biological Sciences,,,,,,,,,,,,,,,,,,,,,,,,,,,,,,,,,,,,,,,,,,,,,Undergraduate - Freshman,,,,,,,,,,,,,,,,,,,,,,,,,,,,,,,,,,,,606b5915962b7170e065a35e,Full Time,700206096,Galvan Pankettman,fEUV5kzK,9/5/1997,549 Muir Lane,,,,,,,0
hklemtet@ca.gov,Business Administration,,,,,,,,,,,,,,,,,,,,,,,,,,,,,,,,,,,,,,,,,,,,,Undergraduate - Sophomore,fall 2019,VA2010 Intro. to Creative Thinking : Midterm: A | Final: A, AS 2112 American People I : Midterm: A | Final: B+,,,spring 2020, AS 2122 American People II : Midterm: A | Final: A, MA 2300 Calc/Business & Economics : Midterm: A | Final: A,,,fall 2020,HI 3640  African History : Midterm: A | Final: A,HI 3835 Islamic Cultures : Midterm : A | Final: A,,,,,,,,,,,,,,,,,,,,,,,606b5915962b7170e065a35f,Part Time,700040772,Hedda Klemt,Ch6DIhjl,8/2/1997,4 Vera Court,,,,,,,0
mcrosscombeer@techcrunch.com,Biological Sciences,,,,,,,,,,,,,,,,,,,,,,,,,,,,,,,,,,,,,,,,,,,,,Undergraduate - Junior,fall 2018,VA2010 Intro. to Creative Thinking : Midterm: A | Final: A, BS2490 Environmental Science : Midterm: A | Final: B+,,,spring 2019, BS3400 Vertebrate Physiology : Midterm: A | Final: A, BS3450 Plant Biology : Midterm: A | Final: A,,,fall 2019,HI 3640  African History : Midterm: A | Final: A,HI 3835 Islamic Cultures : Midterm: A | Final: A,,,spring 2020, BS3510 Parasitology : Midterm: B | Final: A, BS3531 Comparative Genomics Lab : Midterm: A | Final: B,,,fall 2020, BS3520 Comparative Anatomy : Midterm: B | Final: A, BS3710 Environmental Physiology : Midterm: A | Final: A,,,,,,,,,,,,,606b5915962b7170e065a360,Part Time,700343131,Malena Crosscombe,tH7eCP2ogvwj,6/28/1995,08 Tomscot Trail,,,,,,,0
bhaddestonew@miitbeian.gov.cn,Childhood Education (1-6),,,,,,,,,,,,,,,,,,,,,,,,,,,,,,,,,,,,,,,,,,,,,Undergraduate - Freshman,,,,,,,,,,,,,,,,,,,,,,,,,,,,,,,,,,,,606b5915962b7170e065a361,Part Time,700099982,Borg Haddeston,pR9i4XS6NwA,7/22/1997,5085 Dwight Plaza,,,,,,,0
mbuxsyev@mozilla.org,Biochemistry,,,,,,,,,,,,,,,,,,,,,,,,,,,,,,,,,,,,,,,,,,,,,Undergraduate - Sophomore,fall 2019,VA2010 Intro. to Creative Thinking : Midterm: A | Final: A, BS 2400 Basic Bio Sciences I : Midterm: A | Final: B+,,,spring 2020, CP 2120 Principles of Chemistry I : Midterm: A | Final: A, CP 2121 Principles of Chemistry Lab I : Midterm: A | Final: A,,,fall 2020,HI 3640  African History : Midterm: A | Final: A,HI 3835 Islamic Cultures : Midterm : A | Final: A,,,,,,,,,,,,,,,,,,,,,,,606b5915962b7170e065a362,Part Time,700441696,Mortie Buxsy,nAgJvBJu8xmr,5/1/1996,15163 Gale Terrace,,,,,,,0
rhowleyes@patch.com,Childhood Education (1-6),,,,,,,,,,,,,,,,,,,,,,,,,,,,,,,,,,,,,,,,,,,,,Undergraduate - Junior,fall 2018,VA2010 Intro. to Creative Thinking : Midterm: A | Final: A, PY2010 Introduction to Psychology : Midterm: A | Final: B+,EL 1000 English Comp I : Exposition : Midterm: A | Final: A,MA 1020 College Algebra : Midterm: A- | Final: A,spring 2019, PY2340 Community Psychology : Midterm: A | Final: A, PY2530 Psychology of Prejudice : Midterm: A | Final: A, VA2020 Basic Design : Midterm : A | Final: A, EL 2239 Horror Literature : Midterm : B | Final: A,fall 2019,HI 3640  African History : Midterm: A | Final: A,HI 3835 Islamic Cultures : Midterm: A | Final: A,EL 3010  Structure & Grammar of English : Miderm: A | Final: A, HI 3091 African Cultures : Midterm: B | Final: B-,spring 2020, PY2720 Psychology of Gender : Midterm: B | Final: A, ED3700 Child Development for Teachers : Midterm: A | Final: B, ED3820 Foundations of Special Education : Midterm: A | Final: A, VA3100 Visual Culture : Midterm: B | Final: C+,fall 2020, ED3950 Creating Schools for a Just Society : Midterm: B | Final: A, PY3110 Research Methods I: (Orientation) : Midterm: A | Final: A,VA3200 Art Tutorials I : Midterm: A | Final: A,VA3400 Digital Imaging : Midterm: A | Final: B,,,,,,,,,,,606b5915962b7170e065a363,Full Time,700317939,Rooney Howley,WZbHVpc,4/1/1996,8 Moulton Parkway,,,,,,,0
tsywellex@csmonitor.com,History,,,,,,,,,,,,,,,,,,,,,,,,,,,,,,,,,,,,,,,,,,,,,Undergraduate - Junior,fall 2018,VA2010 Intro. to Creative Thinking: Midterm: A | Final: A,AS 2112 American People I : Midterm: A | Final: B+,,,spring 2019,AS 2122 American People II : Midterm: A | Final: A, HI 2681 Intro to Europe Hist:1350-Present: Midterm: A | Final: A,,,fall 2019,HI 3640  African History : Midterm: A | Final: A,HI 3835 Islamic Cultures : Midterm: A | Final: A,,,spring 2020,HI 4308 History Modern Middle East: Midterm: B | Final: A,HI 4632 Japanese History Through Literature : Midterm: A | Final: B,,,,,,,,,,,,,,,,,,606b5915962b7170e065a364,Part Time,700833940,Teirtza Sywell,heRiFSWtu1w,10/30/1995,35 Lotheville Parkway,,,,,,,0
gdallewaterey@dmoz.org,Management Information Systems,,,,,,,,,,,,,,,,,,,,,,,,,,,,,,,,,,,,,,,,,,,,,Undergraduate - Junior,fall 2018,VA2010 Intro. to Creative Thinking : Midterm: A | Final: A, CS 2510 Computer Programming I : Midterm: A | Final: B+,EL 1000 English Comp I : Exposition : Midterm: A | Final: A,MA 1020 College Algebra : Midterm: A- | Final: A,spring 2019, CS 2511 Computer Programming II : Midterm: A | Final: A, MA2000 Applied Statistics : Midterm: A | Final: A, VA2020 Basic Design : Midterm : A | Final: A, EL 2239 Horror Literature : Midterm : B | Final: A,fall 2019,HI 3640  African History : Midterm: A | Final: A,HI 3835 Islamic Cultures : Midterm : A | Final: A,EL 3010  Structure & Grammar of English : Miderm: A | Final: A, HI 3091 African Cultures : Midterm: B | Final: B-,spring 2020, CS 3611 Advanced C# : Midterm: B | Final: A, BU 3800 Marketing: Principles&Concepts : Midterm: A | Final: B, BU3010 Information Systems for Managers : Midterm: A | Final: A, VA3100 Visual Culture : Midterm: B | Final: C+,fall 2020, CS 3620 Computer Architecture I : Midterm: B | Final: A, CS 4501 Software Engineering : Midterm: A | Final: A,VA3200 Art Tutorials I : Midterm: A | Final: A,VA3400 Digital Imaging : Midterm: A | Final: B,,,,,,,,,,,606b5915962b7170e065a365,Full Time,700099732,Gill Dallewater,4HZHceYmElt,12/2/1996,20814 Bobwhite Lane,,,,,,,0
boboyf1@wikispaces.com,Finance,,,,,,,,,,,,,,,,,,,,,,,,,,,,,,,,,,,,,,,,,,,,,Undergraduate - Sophomore,fall 2019,VA2010 Intro. to Creative Thinking : Midterm: A | Final: A, BU 3502 Principles of Accounting I : Midterm: A | Final: B+,EL 1000 English Comp I : Exposition : Midterm: A | Final: A, MA2310 Calculus and Analytic Geometry I : Midterm: A- | Final: A,spring 2020, MA2000 Applied Statistics : Midterm: A | Final: A, BU 3511Principles of Accounting II : Midterm: A | Final: A, VA2020 Basic Design : Midterm : A | Final: A, EL 2239 Horror Literature : Midterm : B | Final: A,fall 2020,HI 3640  African History : Midterm: A | Final: A,HI 3835 Islamic Cultures : Midterm : A | Final: A,EL 3010  Structure & Grammar of English : Miderm: A | Final: A, HI 3091 African Cultures : Midterm: B | Final: B-,,,,,,,,,,,,,,,,,,,,,606b5915962b7170e065a366,Full Time,700767810,Bastian Oboy,i9Igr2fPS,6/27/1998,36 Schmedeman Plaza,,,,,,,0
xaugustinef0@icio.us,Adolescence Education: Mathematics (7-12),,,,,,,,,,,,,,,,,,,,,,,,,,,,,,,,,,,,,,,,,,,,,Undergraduate - Freshman,,,,,,,,,,,,,,,,,,,,,,,,,,,,,,,,,,,,606b5915962b7170e065a367,Full Time,700949405,Xaviera Augustine,2MJBEzlmVSDb,6/24/1995,803 Buell Trail,,,,,,,0
rjowettf4@1688.com,Psychology,,,,,,,,,,,,,,,,,,,,,,,,,,,,,,,,,,,,,,,,,,,,,Undergraduate - Sophomore,fall 2019,VA2010 Intro. to Creative Thinking: Midterm: A | Final: A, PY2010 Introduction to Psychology : Midterm: A | Final: B+,EL 1000 English Comp I: Exposition: Midterm: A | Final: A,MA 1020 College Algebra: Midterm: A- | Final: A,spring 2020, PY2530 Psychology of Prejudice : Midterm: A | Final: A, PY2720 Psychology of Gender: Midterm: A | Final: A, VA2020 Basic Design : Midterm: A | Final: A, EL 2239 Horror Literature : Midterm: B | Final: A,fall 2020,HI 3640  African History : Midterm: A | Final: A,HI 3835 Islamic Cultures : Midterm: A | Final: A,EL 3010  Structure & Grammar of English : Miderm: A | Final: A, HI 3091 African Cultures: Midterm: B | Final: B-,,,,,,,,,,,,,,,,,,,,,606b5915962b7170e065a368,Full Time,700829606,Ronnie Jowett,OyDZSgo8N,9/3/1996,200 Talisman Circle,,,,,,,0
dparslowf3@dailymail.co.uk,Adolescence Education: Biology (7-12),,,,,,,,,,,,,,,,,,,,,,,,,,,,,,,,,,,,,,,,,,,,,Undergraduate - Senior,fall 2017,VA2010 Intro. to Creative Thinking : Midterm: A | Final: A, BS2490 Environmental Science : Midterm: A | Final: B+,EL 1000 English Comp I : Exposition : Midterm: A | Final: A,MA 1020 College Algebra : Midterm: A- | Final: A,spring 2018, BS3450 Plant Biology : Midterm: A | Final: A, BS3520 Comparative Anatomy : Midterm: A | Final: A, VA2020 Basic Design : Midterm : A | Final: A, EL 2239 Horror Literature : Midterm : B | Final: A,fall 2018,HI 3640  African History : Midterm: A | Final: A,HI 3835 Islamic Cultures : Midterm: A | Final: A,EL 3010  Structure & Grammar of English : Miderm: A | Final: A, HI 3091 African Cultures : Midterm: B | Final: B-,spring 2019, PY3110 Research Methods I: (Orientation) : Midterm: B | Final: A, PY2340 Community Psychology : Midterm: A | Final: B, PY3420 Learning & Motivation : Midterm: A | Final: A, VA3100 Visual Culture : Midterm: B | Final: C+,fall 2019, BS4400  Cell Biology : Midterm: B | Final: A, BS4420  Microbiology : Midterm: A | Final: A,VA3200 Art Tutorials I : Midterm: A | Final: A,VA3400 Digital Imaging : Midterm: A | Final: B,spring 2020,VA4200 Art Tutorials II : Midterm: A | Final: A, BS4430  Developmental Biology : Midterm: A | Final: A-, BS4470  Ecology : Midterm: B | Final: A, ED 6000 Foundations of Education : Midterm: A | Final: A,fall 2020, ED 6001 Human Growth&Dvlpmnt MAT : Midterm: C | Final: B+, ED 6002 Foundations of Literacy MAT : Midterm: A | Final: A, ED 6003 The Exceptional Learner MAT : Midterm: A | Final: A, ED 6900 Student Teaching: Science : Midterm: A | Final: A,606b5915962b7170e065a369,Full Time,700323422,Davide Parslow,4XSfShd,9/30/1996,5 Crowley Junction,,,,,,,0
bbercherez@ibm.com,Sociology,,,,,,,,,,,,,,,,,,,,,,,,,,,,,,,,,,,,,,,,,,,,,Undergraduate - Sophomore,fall 2019,VA2010 Intro. to Creative Thinking: Midterm: A | Final: A, SY2400 Sociology Through the Arts : Midterm: A | Final: B+,EL 1000 English Comp I: Exposition: Midterm: A | Final: A,MA 1020 College Algebra: Midterm: A- | Final: A,spring 2020, SY2550 Social Problems: Midterm: A | Final: A, SY2600 Social Deviance: Midterm: A | Final: A, VA2020 Basic Design : Midterm: A | Final: A, EL 2239 Horror Literature : Midterm: B | Final: A,fall 2020,HI 3640  African History : Midterm: A | Final: A,HI 3835 Islamic Cultures : Midterm: A | Final: A,EL 3010  Structure & Grammar of English : Miderm: A | Final: A, HI 3091 African Cultures: Midterm: B | Final: B-,,,,,,,,,,,,,,,,,,,,,606b5915962b7170e065a36a,Full Time,700427795,Bondon Bercher,o1Zp5n3eWJB3,6/26/1996,51509 Annamark Park,,,,,,,0
npawelf5@hp.com,Psychology,,,,,,,,,,,,,,,,,,,,,,,,,,,,,,,,,,,,,,,,,,,,,Undergraduate - Sophomore,fall 2019,VA2010 Intro. to Creative Thinking: Midterm: A | Final: A, PY2010 Introduction to Psychology : Midterm: A | Final: B+,EL 1000 English Comp I: Exposition: Midterm: A | Final: A,MA 1020 College Algebra: Midterm: A- | Final: A,spring 2020, PY2530 Psychology of Prejudice : Midterm: A | Final: A, PY2720 Psychology of Gender: Midterm: A | Final: A, VA2020 Basic Design : Midterm: A | Final: A, EL 2239 Horror Literature : Midterm: B | Final: A,fall 2020,HI 3640  African History : Midterm: A | Final: A,HI 3835 Islamic Cultures : Midterm: A | Final: A,EL 3010  Structure & Grammar of English : Miderm: A | Final: A, HI 3091 African Cultures: Midterm: B | Final: B-,,,,,,,,,,,,,,,,,,,,,606b5915962b7170e065a36b,Full Time,700112647,Nerta Pawel,wGFu6o4wPy,10/21/1996,1 Mcguire Junction,,,,,,,0
gexrollf7@mac.com,History,,,,,,,,,,,,,,,,,,,,,,,,,,,,,,,,,,,,,,,,,,,,,Undergraduate - Freshman,,,,,,,,,,,,,,,,,,,,,,,,,,,,,,,,,,,,606b5915962b7170e065a36c,Part Time,700829831,Gerty Exroll,EqL1OXYLDzeq,5/3/1995,82037 Lillian Trail,,,,,,,0
aplewesf6@cnet.com,Adolescence Education: Chemistry (7-12),,,,,,,,,,,,,,,,,,,,,,,,,,,,,,,,,,,,,,,,,,,,,Undergraduate - Sophomore,fall 2019,VA2010 Intro. to Creative Thinking : Midterm: A | Final: A, BS 2400 Basic Bio Sciences I : Midterm: A | Final: B+,EL 1000 English Comp I : Exposition : Midterm: A | Final: A,MA 1020 College Algebra : Midterm: A- | Final: A,spring 2020, CP 2120 Principles of Chemistry I : Midterm: A | Final: A, CP 2121 Principles of Chemistry Lab I : Midterm: A | Final: A, VA2020 Basic Design : Midterm : A | Final: A, EL 2239 Horror Literature : Midterm : B | Final: A,fall 2020,HI 3640  African History : Midterm: A | Final: A,HI 3835 Islamic Cultures : Midterm: A | Final: A,EL 3010  Structure & Grammar of English : Miderm: A | Final: A, HI 3091 African Cultures : Midterm: B | Final: B-,,,,,,,,,,,,,,,,,,,,,606b5915962b7170e065a36d,Full Time,700604900,Ardys Plewes,0wbpM2iKgxP,5/11/1995,09513 Moose Alley,,,,,,,0
gtippettf2@ow.ly,Childhood Education (1-6),,,,,,,,,,,,,,,,,,,,,,,,,,,,,,,,,,,,,,,,,,,,,Graduate,fall 2017,VA2010 Intro. to Creative Thinking : Midterm: A | Final: A, PY2010 Introduction to Psychology : Midterm: A | Final: B+,EL 1000 English Comp I : Exposition : Midterm: A | Final: A,MA 1020 College Algebra : Midterm: A- | Final: A,spring 2018, PY2340 Community Psychology : Midterm: A | Final: A, PY2530 Psychology of Prejudice : Midterm: A | Final: A, VA2020 Basic Design : Midterm : A | Final: A, EL 2239 Horror Literature : Midterm : B | Final: A,fall 2018,HI 3640  African History : Midterm: A | Final: A,HI 3835 Islamic Cultures : Midterm: A | Final: A,EL 3010  Structure & Grammar of English : Miderm: A | Final: A, HI 3091 African Cultures : Midterm: B | Final: B-,spring 2019, PY2720 Psychology of Gender : Midterm: B | Final: A, ED3700 Child Development for Teachers : Midterm: A | Final: B, ED3820 Foundations of Special Education : Midterm: A | Final: A, VA3100 Visual Culture : Midterm: B | Final: C+,fall 2019, ED3950 Creating Schools for a Just Society : Midterm: B | Final: A, PY3110 Research Methods I: (Orientation) : Midterm: A | Final: A,VA3200 Art Tutorials I : Midterm: A | Final: A,VA3400 Digital Imaging : Midterm: A | Final: B,spring 2020,VA4200 Art Tutorials II : Midterm: A | Final: A, PY3215 Foundations of Child Development : Midterm: A | Final: A-, PY3310 Abnormal Human Behavior : Midterm: B | Final: A, PY3420 Learning & Motivation : Midterm: A | Final: A,fall 2020, PY3510 Social Psychology : Midterm: C | Final: B+, PY3610 Brain & Behavior : Midterm: A | Final: A, ED4121 Methods & Materials of Teaching Elementary Science Methods : Midterm: A | Final: A, ED4122 Methods & Materials of Teaching Elementary Math Methods : Midterm: A | Final: A,606b5915962b7170e065a36e,Full Time,700226146,Gleda Tippett,po0bAyCZe,10/24/1995,451 Kennedy Terrace,spring 2021, ED4200 Literacy for All Students : Midterm: A | Final: A, ED4220 Language Arts in the Context of Childhood Education : Midterm: A | Final: A, ED5925 Building a Classroom Community for All Learners : Midterm: A | Final: B, ED4050 Innovative Instructional Design and Assessment : Midterm: B | Final: B+,,0
dsilverthornf8@creativecommons.org,Visual Arts: Electronic Media,,,,,,,,,,,,,,,,,,,,,,,,,,,,,,,,,,,,,,,,,,,,,Undergraduate - Junior,fall 2018,VA2010 Intro. to Creative Thinking : Midterm: A | Final: A, CS 2510 Computer Programming I : Midterm: A | Final: B+,,,spring 2019, CS 2511 Computer Programming II : Midterm: A | Final: A, VA2030 Drawing : Midterm: A | Final: A,,,fall 2019,HI 3640  African History : Midterm: A | Final: A,HI 3835 Islamic Cultures : Midterm: A | Final: A,,,spring 2020, VA2020 Basic Design : Midterm: B | Final: A, VA2500 Art History I: 19th Century Art : Midterm: A | Final: B,,,fall 2020, VA3100 Visual Culture : Midterm: B | Final: A, VA3380 Digital Video 4 : Midterm: A | Final: A,,,,,,,,,,,,,606b5915962b7170e065a36f,Part Time,700835022,Dan Silverthorn,tNxoMznCr5f,9/15/1998,885 Browning Crossing,,,,,,,0
wspaciefc@noaa.gov,Industrial and Labor Relations,,,,,,,,,,,,,,,,,,,,,,,,,,,,,,,,,,,,,,,,,,,,,Undergraduate - Freshman,,,,,,,,,,,,,,,,,,,,,,,,,,,,,,,,,,,,606b5915962b7170e065a370,Full Time,700521304,Wileen Spacie,UJiznEWokYN,6/26/1995,02 Arrowood Pass,,,,,,,0
dfahyfd@issuu.com,Adolescence Education: Social Studies (7-12),,,,,,,,,,,,,,,,,,,,,,,,,,,,,,,,,,,,,,,,,,,,,Undergraduate - Freshman,,,,,,,,,,,,,,,,,,,,,,,,,,,,,,,,,,,,606b5915962b7170e065a371,Full Time,700235681,Deloria Fahy,fYQg7zaP,12/28/1996,451 Moland Terrace,,,,,,,0
fcruessf9@reddit.com,Media and Communications,,,,,,,,,,,,,,,,,,,,,,,,,,,,,,,,,,,,,,,,,,,,,Graduate,fall 2017,VA2010 Intro. to Creative Thinking : Midterm: A | Final: A, AS2020 New Media CE : Midterm: A | Final: B+,EL 1000 English Comp I : Exposition : Midterm: A | Final: A, MA2310 Calculus and Analytic Geometry I : Midterm: A- | Final: A,spring 2018, AS2652 Media Studies : Midterm: A | Final: A, AS2700 The Engaged Eye : Midterm: A | Final: A, VA2020 Basic Design : Midterm : A | Final: A, EL 2239 Horror Literature : Midterm : B | Final: A,fall 2018,HI 3640  African History : Midterm: A | Final: A,HI 3835 Islamic Cultures : Midterm : A | Final: A,EL 3010  Structure & Grammar of English : Miderm: A | Final: A, HI 3091 African Cultures : Midterm: B | Final: B-,spring 2019, AS3310 From Citizen to Consumer : Midterm: B | Final: A, AS3632 History of U.S. Film : Midterm: A | Final: B, AS3712 American Film Genres : Midterm: A | Final: A, VA3100 Visual Culture : Midterm: B | Final: C+,fall 2019, AS3722 History of Mass Media : Midterm: B | Final: A, AS3732 Politics of Media & Inst : Midterm: A | Final: A,VA3200 Art Tutorials I : Midterm: A | Final: A,VA3400 Digital Imaging : Midterm: A | Final: B,spring 2020,VA4200 Art Tutorials II : Midterm: A | Final: A, AS3735 Documentary Media Studies : Midterm: A | Final: A-, AS3742 Myths and Images in Film : Midterm: B | Final: A, AS3745 Feminine and Masculine in Film : Midterm: A | Final: A,fall 2020, AS3810 Music and Media : Midterm: C | Final: B+, AS3830 Public Relations and Society : Midterm: A | Final: A, AS3842 African-Americans and the Mass Media : Midterm: A | Final: A, AS3852 Women and the Media : Midterm: A | Final: A,606b5915962b7170e065a372,Full Time,700596454,Fulvia Cruess,tH8CTvN,6/30/1997,8228 Rowland Court,spring 2021, AS4160 Special Topics in Media Studies : Midterm: A | Final: A, AS4280 Global Media : Midterm: A | Final: A, AS4722 Film: Ideas and Aesthetics : Midterm: A | Final: B, AS4725 The Photograph and American Culture : Midterm: B | Final: B+,,0
mhueyfe@ted.com,Industrial and Labor Relations,,,,,,,,,,,,,,,,,,,,,,,,,,,,,,,,,,,,,,,,,,,,,Undergraduate - Sophomore,fall 2019,VA2010 Intro. to Creative Thinking : Midterm: A | Final: A, PE 2650 Intro to U.S. Politics : Midterm: A | Final: B+,EL 1000 English Comp I : Exposition : Midterm: A | Final: A,MA 1020 College Algebra : Midterm: A- | Final: A,spring 2020, MA2300 Calculus for Business & Economics : Midterm: A | Final: A, IR 2210 Unions & Management: An Intro : Midterm: A | Final: A, VA2020 Basic Design : Midterm : A | Final: A, EL 2239 Horror Literature : Midterm : B | Final: A,fall 2020,HI 3640  African History : Midterm: A | Final: A,HI 3835 Islamic Cultures : Midterm: A | Final: A,EL 3010  Structure & Grammar of English : Miderm: A | Final: A, HI 3091 African Cultures : Midterm: B | Final: B-,,,,,,,,,,,,,,,,,,,,,606b5915962b7170e065a373,Full Time,700137734,Myca Huey,Ms02nEBGY,8/1/1996,0 Westend Avenue,,,,,,,0
vuphamfb@flavors.me,Management Information Systems,,,,,,,,,,,,,,,,,,,,,,,,,,,,,,,,,,,,,,,,,,,,,Graduate,fall 2017,VA2010 Intro. to Creative Thinking : Midterm: A | Final: A, CS 2510 Computer Programming I : Midterm: A | Final: B+,EL 1000 English Comp I : Exposition : Midterm: A | Final: A,MA 1020 College Algebra : Midterm: A- | Final: A,spring 2018, CS 2511 Computer Programming II : Midterm: A | Final: A, MA2000 Applied Statistics : Midterm: A | Final: A, VA2020 Basic Design : Midterm : A | Final: A, EL 2239 Horror Literature : Midterm : B | Final: A,fall 2018,HI 3640  African History : Midterm: A | Final: A,HI 3835 Islamic Cultures : Midterm : A | Final: A,EL 3010  Structure & Grammar of English : Miderm: A | Final: A, HI 3091 African Cultures : Midterm: B | Final: B-,spring 2019, CS 3611 Advanced C# : Midterm: B | Final: A, BU 3800 Marketing: Principles&Concepts : Midterm: A | Final: B, BU3010 Information Systems for Managers : Midterm: A | Final: A, VA3100 Visual Culture : Midterm: B | Final: C+,fall 2019, CS 3620 Computer Architecture I : Midterm: B | Final: A, CS 4501 Software Engineering : Midterm: A | Final: A,VA3200 Art Tutorials I : Midterm: A | Final: A,VA3400 Digital Imaging : Midterm: A | Final: B,spring 2020,VA4200 Art Tutorials II : Midterm: A | Final: A, CS 3911 C++in Object Oriented Design : Midterm: A | Final: A-, CS 4550 Database Management Systems : Midterm: B | Final: A, CS 3810  Data Structures & Algorithms : Midterm: A | Final: A,fall 2020, CS 4720 Internet & Web Tech : Midterm: C | Final: B+, CS 4400  Artificial Intelligence : Midterm: A | Final: A, CS 5710 Computer Networks : Midterm: A | Final: A, CS 4705 Intro to Computer Security : Midterm: A | Final: A,606b5915962b7170e065a374,Full Time,700732768,Vikky Upham,Hp2xAdqR5ZM,7/27/1995,27 Stone Corner Center,spring 2021, CS 5910 Systems Design & Implement : Midterm: A | Final: A, CS 5610  Operating Systems : Midterm: A | Final: A, CS 5810  Data Mining : Midterm: A | Final: B, CS 4100 Technical Communications : Midterm: B | Final: B+,,0
chowsfa@dmoz.org,Special Education and Childhood Education (1-6),,,,,,,,,,,,,,,,,,,,,,,,,,,,,,,,,,,,,,,,,,,,,Undergraduate - Senior,fall 2017,VA2010 Intro. to Creative Thinking : Midterm: A | Final: A, SY2400 Sociology Through the Arts : Midterm: A | Final: B+,EL 1000 English Comp I : Exposition : Midterm: A | Final: A,MA 1020 College Algebra : Midterm: A- | Final: A,spring 2018, SY2550 Social Problems : Midterm: A | Final: A, SY2600 Social Deviance : Midterm: A | Final: A, VA2020 Basic Design : Midterm : A | Final: A, EL 2239 Horror Literature : Midterm : B | Final: A,fall 2018,HI 3640  African History : Midterm: A | Final: A,HI 3835 Islamic Cultures : Midterm: A | Final: A,EL 3010  Structure & Grammar of English : Miderm: A | Final: A, HI 3091 African Cultures : Midterm: B | Final: B-,spring 2019, PY3110 Research Methods I: (Orientation) : Midterm: B | Final: A, PY2010 Introduction to Psychology : Midterm: A | Final: B, PY3215 Foundations of Child Development : Midterm: A | Final: A, VA3100 Visual Culture : Midterm: B | Final: C+,fall 2019, PY3120 Research Methods II: (Statistics) : Midterm: B | Final: A, PY3410 Cognitive Psychology : Midterm: A | Final: A,VA3200 Art Tutorials I : Midterm: A | Final: A,VA3400 Digital Imaging : Midterm: A | Final: B,spring 2020,VA4200 Art Tutorials II : Midterm: A | Final: A, PY3610 Brain & Behavior : Midterm: A | Final: A-, ED3700 Child Development : Midterm: B | Final: A, PY3420 Learning & Motivation : Midterm: A | Final: A,fall 2020, ED4122 Methods and Materials for Teaching Elementary Math Methods : Midterm: C | Final: B+, ED4121 Methods and Materials for Teaching Elementary Science Majors : Midterm: A | Final: A, ED4300 Assessment and Evidence-based Decision Making in Special Education : Midterm: A | Final: A, ED4810 Positive Behavior Supports and Interventions for Students with Disabilities : Midterm: A | Final: A,606b5915962b7170e065a375,Full Time,700581085,Calypso Hows,ToA7uK0IGm43,6/11/1995,05125 Anthes Terrace,,,,,,,0
edibnahff@facebook.com,Biochemistry,,,,,,,,,,,,,,,,,,,,,,,,,,,,,,,,,,,,,,,,,,,,,Undergraduate - Sophomore,fall 2019,VA2010 Intro. to Creative Thinking : Midterm: A | Final: A, BS 2400 Basic Bio Sciences I : Midterm: A | Final: B+,EL 1000 English Comp I : Exposition : Midterm: A | Final: A,MA 1020 College Algebra : Midterm: A- | Final: A,spring 2020, CP 2120 Principles of Chemistry I : Midterm: A | Final: A, CP 2121 Principles of Chemistry Lab I : Midterm: A | Final: A, VA2020 Basic Design : Midterm : A | Final: A, EL 2239 Horror Literature : Midterm : B | Final: A,fall 2020,HI 3640  African History : Midterm: A | Final: A,HI 3835 Islamic Cultures : Midterm : A | Final: A,EL 3010  Structure & Grammar of English : Miderm: A | Final: A, HI 3091 African Cultures : Midterm: B | Final: B-,,,,,,,,,,,,,,,,,,,,,606b5915962b7170e065a376,Full Time,700392043,Ed Dibnah,4mGmspL,1/3/1996,53277 Manley Crossing,,,,,,,0
rweinbergfg@plala.or.jp,Industrial and Labor Relations,,,,,,,,,,,,,,,,,,,,,,,,,,,,,,,,,,,,,,,,,,,,,Undergraduate - Freshman,,,,,,,,,,,,,,,,,,,,,,,,,,,,,,,,,,,,606b5915962b7170e065a377,Part Time,700047989,Renae Weinberg,XHUPziibjq,12/19/1998,08684 Chive Terrace,,,,,,,0
mspybyfh@google.ru,History,,,,,,,,,,,,,,,,,,,,,,,,,,,,,,,,,,,,,,,,,,,,,Undergraduate - Junior,fall 2018,VA2010 Intro. to Creative Thinking: Midterm: A | Final: A,AS 2112 American People I : Midterm: A | Final: B+,,,spring 2019,AS 2122 American People II : Midterm: A | Final: A, HI 2681 Intro to Europe Hist:1350-Present: Midterm: A | Final: A,,,fall 2019,HI 3640  African History : Midterm: A | Final: A,HI 3835 Islamic Cultures : Midterm: A | Final: A,,,spring 2020,HI 4308 History Modern Middle East: Midterm: B | Final: A,HI 4632 Japanese History Through Literature : Midterm: A | Final: B,,,fall 2020,PE 4690 Politics of Lat Amer/Caribbean : Midterm: B | Final: A,HI 4001 19th Century : Midterm: A | Final: A,,,,,,,,,,,,,606b5915962b7170e065a378,Part Time,700927040,Marga Spyby,31aEK7ul9JD,12/1/1997,2137 Sage Alley,,,,,,,0
etallachfk@springer.com,Computer & Information Science,,,,,,,,,,,,,,,,,,,,,,,,,,,,,,,,,,,,,,,,,,,,,Undergraduate - Senior,fall 2017,VA2010 Intro. to Creative Thinking: Midterm: A | Final: A,CS 2510 Computer Programming I : Midterm: A | Final: B+,,,spring 2018, CS 2511 Computer Programming II: Midterm: A | Final: A, MA2310 Calculus and Analytic Geometry I: Midterm: A | Final: A,,,fall 2018,HI 3640  African History : Midterm: A | Final: A,HI 3835 Islamic Cultures : Midterm: A | Final: A,,,spring 2019, CS 3620 Computer Architecture I: Midterm: B | Final: A, CS 3810  Data Structures & Algorithms : Midterm: A | Final: B,,,fall 2019, MA 3210  Intro to Prob & Statistics : Midterm: B | Final: A, CS 4501 Software Engineering : Midterm: A | Final: A,,,spring 2020,VA4200 Art Tutorials II: Midterm: A | Final: A, CS 4550 Database Management Systems : Midterm: A | Final: A-,,,fall 2020, CS 4400  Artificial Intelligence : Midterm: C | Final: B+, CS 4705 Intro to Computer Security : Midterm: A | Final: A,,,606b5915962b7170e065a379,Part Time,700895536,Even Tallach,Hq9DCi,8/10/1996,417 Anzinger Hill,,,,,,,0
kjeenesfl@issuu.com,Psychology,,,,,,,,,,,,,,,,,,,,,,,,,,,,,,,,,,,,,,,,,,,,,Undergraduate - Sophomore,fall 2019,VA2010 Intro. to Creative Thinking: Midterm: A | Final: A, PY2010 Introduction to Psychology : Midterm: A | Final: B+,,,spring 2020, PY2530 Psychology of Prejudice : Midterm: A | Final: A, PY2720 Psychology of Gender: Midterm: A | Final: A,,,fall 2020,HI 3640  African History : Midterm: A | Final: A,HI 3835 Islamic Cultures : Midterm: A | Final: A,,,,,,,,,,,,,,,,,,,,,,,606b5915962b7170e065a37a,Part Time,700287214,Kendre Jeenes,WVXv58jr,2/10/1998,87818 Fair Oaks Place,,,,,,,0
sbinnsfi@constantcontact.com,Adolescence Education: Chemistry (7-12),,,,,,,,,,,,,,,,,,,,,,,,,,,,,,,,,,,,,,,,,,,,,Undergraduate - Junior,fall 2018,VA2010 Intro. to Creative Thinking : Midterm: A | Final: A, BS 2400 Basic Bio Sciences I : Midterm: A | Final: B+,,,spring 2019, CP 2120 Principles of Chemistry I : Midterm: A | Final: A, CP 2121 Principles of Chemistry Lab I : Midterm: A | Final: A,,,fall 2019,HI 3640  African History : Midterm: A | Final: A,HI 3835 Islamic Cultures : Midterm: A | Final: A,,,spring 2020, CP 2130 Principles of Chemistry II : Midterm: B | Final: A, CP 2131 Principles Chemistry Lab II : Midterm: A | Final: B,,,fall 2020, CP 3300 Organic Chemistry I : Midterm: B | Final: A, CP 3302 Organic Chemistry Lab I : Midterm: A | Final: A,,,,,,,,,,,,,606b5915962b7170e065a37b,Part Time,700897854,Sibbie Binns,3ngSBhU8iZ,11/17/1997,430 Schmedeman Trail,,,,,,,0
fsteanfo@deliciousdays.com,Special Education and Childhood Education (1-6),,,,,,,,,,,,,,,,,,,,,,,,,,,,,,,,,,,,,,,,,,,,,Undergraduate - Freshman,,,,,,,,,,,,,,,,,,,,,,,,,,,,,,,,,,,,606b5915962b7170e065a37c,Part Time,700132785,Fitz Stean,0YgkqgU7HPFq,10/15/1995,82567 Saint Paul Trail,,,,,,,0
okarolovskyfn@booking.com,Adolescence Education: Mathematics (7-12),,,,,,,,,,,,,,,,,,,,,,,,,,,,,,,,,,,,,,,,,,,,,Undergraduate - Sophomore,fall 2019,VA2010 Intro. to Creative Thinking : Midterm: A | Final: A, MA2000 Applied Statistics : Midterm: A | Final: B+,EL 1000 English Comp I : Exposition : Midterm: A | Final: A, MA2310 Calculus and Analytic Geometry I : Midterm: A- | Final: A,spring 2020, MA2320 Calculus and Analytic Geometry II : Midterm: A | Final: A, MA3030 Discrete Mathematics : Midterm: A | Final: A, VA2020 Basic Design : Midterm : A | Final: A, EL 2239 Horror Literature : Midterm : B | Final: A,fall 2020,HI 3640  African History : Midterm: A | Final: A,HI 3835 Islamic Cultures : Midterm : A | Final: A,EL 3010  Structure & Grammar of English : Miderm: A | Final: A, HI 3091 African Cultures : Midterm: B | Final: B-,,,,,,,,,,,,,,,,,,,,,606b5915962b7170e065a37d,Full Time,700388480,Orelia Karolovsky,YPrpuRxkKHH,8/6/1995,921 Dakota Avenue,,,,,,,0
spyerfm@oaic.gov.au,Mathematics,,,,,,,,,,,,,,,,,,,,,,,,,,,,,,,,,,,,,,,,,,,,,Undergraduate - Senior,fall 2017,VA2010 Intro. to Creative Thinking : Midterm: A | Final: A, MA2310 Calculus and Analytic Geometry I : Midterm: A | Final: B+,,,spring 2018, MA2320 Calculus and Analytic Geometry II : Midterm: A | Final: A, CS2511 Computer Programming II : Midterm: A | Final: A,,,fall 2018,HI 3640  African History : Midterm: A | Final: A,HI 3835 Islamic Cultures : Midterm: A | Final: A,,,spring 2019, MA3030 Discrete Mathematics : Midterm: B | Final: A, MA3160 Linear Algebra : Midterm : A | Final: B,,,fall 2019, MA3330 Calculus and Analytic Geometry III : Midterm: B | Final: A, MA3520 Transition to Advanced Mathematics : Midterm: A | Final: A,,,spring 2020,VA4200 Art Tutorials II : Midterm: A | Final: A, MA4360 Differential Equations : Midterm: A | Final: A-,,,fall 2020, MA4510 Geometry : Midterm: C | Final: B+, MA4910 Operations Research I : Midterm: A | Final: A,,,606b5915962b7170e065a37e,Part Time,700552736,Stevie Pyer,xaBc60DzUy0,9/8/1998,5 Stoughton Place,,,,,,,0
mfrowingfj@goo.gl,Biological Sciences,,,,,,,,,,,,,,,,,,,,,,,,,,,,,,,,,,,,,,,,,,,,,Undergraduate - Junior,fall 2018,VA2010 Intro. to Creative Thinking : Midterm: A | Final: A, BS2490 Environmental Science : Midterm: A | Final: B+,,,spring 2019, BS3400 Vertebrate Physiology : Midterm: A | Final: A, BS3450 Plant Biology : Midterm: A | Final: A,,,fall 2019,HI 3640  African History : Midterm: A | Final: A,HI 3835 Islamic Cultures : Midterm: A | Final: A,,,spring 2020, BS3510 Parasitology : Midterm: B | Final: A, BS3531 Comparative Genomics Lab : Midterm: A | Final: B,,,fall 2020, BS3520 Comparative Anatomy : Midterm: B | Final: A, BS3710 Environmental Physiology : Midterm: A | Final: A,,,,,,,,,,,,,606b5915962b7170e065a37f,Part Time,700590309,Mathias Frowing,SlKQ8tx,9/2/1998,886 Reinke Road,,,,,,,0
mgaylardfq@utexas.edu,Psychology,,,,,,,,,,,,,,,,,,,,,,,,,,,,,,,,,,,,,,,,,,,,,Undergraduate - Freshman,,,,,,,,,,,,,,,,,,,,,,,,,,,,,,,,,,,,606b5915962b7170e065a380,Part Time,700837959,Marlo Gaylard,wMFszeo80a,8/23/1996,4 Doe Crossing Circle,,,,,,,0
egoughfp@netlog.com,Philosophy and Religion,,,,,,,,,,,,,,,,,,,,,,,,,,,,,,,,,,,,,,,,,,,,,Graduate,fall 2017,VA2010 Intro. to Creative Thinking : Midterm: A | Final: A, HI1010 World Religions: West : Midterm: A | Final: B+,EL 1000 English Comp I : Exposition : Midterm: A | Final: A, MA2310 Calculus and Analytic Geometry I : Midterm: A- | Final: A,spring 2018, HI1020 World Religions: East : Midterm: A | Final: A, HI2155 Introduction to Comparative Religion : Midterm: A | Final: A, VA2020 Basic Design : Midterm : A | Final: A, EL 2239 Horror Literature : Midterm : B | Final: A,fall 2018,HI 3640  African History : Midterm: A | Final: A,HI 3835 Islamic Cultures : Midterm : A | Final: A,EL 3010  Structure & Grammar of English : Miderm: A | Final: A, HI 3091 African Cultures : Midterm: B | Final: B-,spring 2019, HI2700 Introduction to Logic : Midterm: B | Final: A, HI2720 Introduction to Philosophy : Midterm: A | Final: B, AS 2112 American People I : Midterm: A | Final: A, VA3100 Visual Culture : Midterm: B | Final: C+,fall 2019, HI3080 Asian Cultures : Midterm: B | Final: A, HI3840 Crescent and Cross : Midterm: A | Final: A,VA3200 Art Tutorials I : Midterm: A | Final: A,VA3400 Digital Imaging : Midterm: A | Final: B,spring 2020,VA4200 Art Tutorials II : Midterm: A | Final: A, HI3011 Foundations of Judeo-Christian Tradition : Midterm: A | Final: A-, HI3323 Buddhism : Midterm: B | Final: A, HI3525 Ancient Greek Philosophy : Midterm: A | Final: A,fall 2020, HI3703 Modern Philosophy : Midterm: C | Final: B+, HI3704 African Religions and Philosophy : Midterm: A | Final: A, HI3710 Contemporary Philosophical Issues : Midterm: A | Final: A, HI3950 Philosophy of Religion : Midterm: A | Final: A,606b5915962b7170e065a381,Full Time,700478883,Eleonora Gough,neW4laNFs,9/5/1996,82 Carberry Way,spring 2021, HI4051 Logic and Scientific Reasoning : Midterm: A | Final: A, HI4318 Islamic Philosophy and Mysticism : Midterm: A | Final: A, HI4395 20th & 21st Century Philosophy : Midterm: A | Final: B, HI4905 Chinese Civilization : Midterm: B | Final: B+,,0
ssheddfu@trellian.com,Industrial and Labor Relations,,,,,,,,,,,,,,,,,,,,,,,,,,,,,,,,,,,,,,,,,,,,,Undergraduate - Freshman,,,,,,,,,,,,,,,,,,,,,,,,,,,,,,,,,,,,606b5915962b7170e065a382,Part Time,700035949,Sergeant Shedd,kZk2532mzNh,11/23/1995,43510 Jenifer Center,,,,,,,0
bhavesidesft@technorati.com,Health and Society,,,,,,,,,,,,,,,,,,,,,,,,,,,,,,,,,,,,,,,,,,,,,Undergraduate - Junior,fall 2018,VA2010 Intro. to Creative Thinking : Midterm: A | Final: A, BS 2100 Biology for Non-Science Majors : Midterm: A | Final: B+,,,spring 2019, BS 2300  Anatomy&Physiology I Lecture : Midterm: A | Final: A, 2410  Basic Bio Sciences II : Midterm: A | Final: A,,,fall 2019,HI 3640  African History : Midterm: A | Final: A,HI 3835 Islamic Cultures : Midterm: A | Final: A,,,spring 2020, BS 2310  Anatomy&Physiology II Lecture : Midterm: B | Final: A, PH 3600  Social Determinants of Health : Midterm: A | Final: B,,,fall 2020, PH 3200 Nutrition & Society : Midterm: B | Final: A, PH 3700  Medical Anthropology : Midterm: A | Final: A,,,,,,,,,,,,,606b5915962b7170e065a383,Part Time,700753161,Bambi Havesides,kOr20M56ZNzL,3/7/1997,8 Lotheville Pass,,,,,,,0
lduplockfr@gov.uk,Marketing,,,,,,,,,,,,,,,,,,,,,,,,,,,,,,,,,,,,,,,,,,,,,Undergraduate - Senior,fall 2017,VA2010 Intro. to Creative Thinking : Midterm: A | Final: A, IR 2210 Unions & Management: An Intro : Midterm: A | Final: B+,EL 1000 English Comp I : Exposition : Midterm: A | Final: A, MA2310 Calculus and Analytic Geometry I : Midterm: A- | Final: A,spring 2018, MA2300 Calculus for Business & Economics : Midterm: A | Final: A, PE 2650 Intro to U.S. Politics : Midterm: A | Final: A, VA2020 Basic Design : Midterm : A | Final: A, EL 2239 Horror Literature : Midterm : B | Final: A,fall 2018,HI 3640  African History : Midterm: A | Final: A,HI 3835 Islamic Cultures : Midterm : A | Final: A,EL 3010  Structure & Grammar of English : Miderm: A | Final: A, HI 3091 African Cultures : Midterm: B | Final: B-,spring 2019, BU3600 Principles Business Law : Midterm: B | Final: A, BU3800 Marketing: Principles & Concepts : Midterm: A | Final: B, MA2320 Calculus and Analytic Geometry II : Midterm: A | Final: A, VA3100 Visual Culture : Midterm: B | Final: C+,fall 2019, BU3905 Business Communication : Midterm: B | Final: A, IR 3140 Unions & Public Policy : Midterm: A | Final: A,VA3200 Art Tutorials I : Midterm: A | Final: A,VA3400 Digital Imaging : Midterm: A | Final: B,spring 2020,VA4200 Art Tutorials II : Midterm: A | Final: A, IR 3300 CollectiveBarg & GrievanceProc : Midterm: A | Final: A-, BU4110 Organizational Behavior & Management : Midterm: B | Final: A, IR 4320 Labor & Employment Law : Midterm: A | Final: A,fall 2020, BU4762 Financial Management : Midterm: C | Final: B+, BU4800 Marketing Research : Midterm: A | Final: A, BU4820 International Marketing : Midterm: A | Final: A, BU4851 Consumer Behavior : Midterm: A | Final: A,606b5915962b7170e065a384,Full Time,700510174,Lazare Duplock,N6lSMB,11/2/1996,3 Russell Trail,,,,,,,0
nwarrilowfs@state.tx.us,Psychology,,,,,,,,,,,,,,,,,,,,,,,,,,,,,,,,,,,,,,,,,,,,,Undergraduate - Senior,fall 2017,VA2010 Intro. to Creative Thinking: Midterm: A | Final: A, PY2010 Introduction to Psychology : Midterm: A | Final: B+,,,spring 2018, PY2530 Psychology of Prejudice : Midterm: A | Final: A, PY2720 Psychology of Gender: Midterm: A | Final: A,,,fall 2018,HI 3640  African History : Midterm: A | Final: A,HI 3835 Islamic Cultures : Midterm: A | Final: A,,,spring 2019, PY3110 Research Methods I: (Orientation): Midterm: B | Final: A, PY2340 Community Psychology : Midterm: A | Final: B,,,fall 2019, PY3120 Research Methods II: (Statistics) : Midterm: B | Final: A, PY3610 Brain & Behavior: A | Final: A,,,spring 2020,VA4200 Art Tutorials II: Midterm: A | Final: A, PY4100 Research Methods III (Advanced Research Skills) : Midterm: A | Final: A-,,,fall 2020, PY4130 Field Experience and Research : Midterm: C | Final: B+, PY3310 Abnormal Human Behavior : Midterm: A | Final: A,,,606b5915962b7170e065a385,Part Time,700608070,Ninnetta Warrilow,HNxU5PkV,10/1/1998,86679 Thompson Trail,,,,,,,0
ghadyefw@microsoft.com,History,,,,,,,,,,,,,,,,,,,,,,,,,,,,,,,,,,,,,,,,,,,,,Undergraduate - Senior,fall 2017,VA2010 Intro. to Creative Thinking: Midterm: A | Final: A,AS 2112 American People I : Midterm: A | Final: B+,,,spring 2018,AS 2122 American People II : Midterm: A | Final: A, HI 2681 Intro to Europe Hist:1350-Present: Midterm: A | Final: A,,,fall 2018,HI 3640  African History : Midterm: A | Final: A,HI 3835 Islamic Cultures : Midterm: A | Final: A,,,spring 2019,HI 4308 History Modern Middle East: Midterm: B | Final: A,HI 4632 Japanese History Through Literature : Midterm: A | Final: B,,,fall 2019,PE 4690 Politics of Lat Amer/Caribbean : Midterm: B | Final: A,HI 4001 19th Century : Midterm: A | Final: A,,,spring 2020,VA4200 Art Tutorials II: Midterm: A | Final: A,VA4260 Interactive Web Design : Midterm: A | Final: A-,,,fall 2020,HI 3610  America's African Heritage : Midterm: C | Final: B+,HI 3840 Crescent and Cross : Midterm: A | Final: A,,,606b5915962b7170e065a386,Part Time,700755050,Gayle Hadye,g4fzTB4TIC4,3/20/1997,161 Sugar Place,,,,,,,0
vhammfv@tmall.com,English,,,,,,,,,,,,,,,,,,,,,,,,,,,,,,,,,,,,,,,,,,,,,Undergraduate - Senior,fall 2017,VA2010 Intro. to Creative Thinking : Midterm: A | Final: A, HI1010 World Religions: West : Midterm: A | Final: B+,EL 1000 English Comp I : Exposition : Midterm: A | Final: A,MA 1020 College Algebra : Midterm: A- | Final: A,spring 2018, EL 2239 Horror Literature : Midterm: A | Final: A, 2410  Basic Bio Sciences II : Midterm: A | Final: A, VA2020 Basic Design : Midterm : A | Final: A, EL 3010  Structure & Grammar of English : Midterm : B | Final: A,fall 2018,HI 3640  African History : Midterm: A | Final: A,HI 3835 Islamic Cultures : Midterm: A | Final: A, EL 3500  Lit Across Cultures I:Analysis : Miderm: A | Final: A, HI 3091 African Cultures : Midterm: B | Final: B-,spring 2019, EL 3510  Lit Across Cultures II:Theory : Midterm: B | Final: A, EL 3600 US Literature I : Midterm: A | Final: B, EL 3800 Eng Lit I:Beowulf-18th Century : Midterm: A | Final: A, VA3100 Visual Culture : Midterm: B | Final: C+,fall 2019, EL 3610  US Literature II : Midterm: B | Final: A, EL 3810  Eng Lit II:Romantics - Present : Midterm: A | Final: A,VA3200 Art Tutorials I : Midterm: A | Final: A,VA3400 Digital Imaging : Midterm: A | Final: B,spring 2020,VA4200 Art Tutorials II : Midterm: A | Final: A, EL 3560  Literatures of Europe:Part I : Midterm: A | Final: A-, EL 3950  Creative Non-Fiction : Midterm: B | Final: A, EL 4311 Greek Drama : Midterm: A | Final: A,fall 2020, EL 3561 Literatures of Europe:Part II : Midterm: C | Final: B+, EL 4312 Greek Mythology : Midterm: A | Final: A, EL 4325 Shakespeare: Selected Plays : Midterm: A | Final: A, EL 4400  Critical Theory : Midterm: A | Final: A,606b5915962b7170e065a387,Full Time,700772245,Veronica Hamm,w6kq3Uop9a,5/27/1998,5672 Scofield Point,,,,,,,0
vtottmanfz@drupal.org,Visual Arts: Electronic Media,,,,,,,,,,,,,,,,,,,,,,,,,,,,,,,,,,,,,,,,,,,,,Undergraduate - Sophomore,fall 2019,VA2010 Intro. to Creative Thinking : Midterm: A | Final: A, CS 2510 Computer Programming I : Midterm: A | Final: B+,EL 1000 English Comp I : Exposition : Midterm: A | Final: A,MA 1020 College Algebra : Midterm: A- | Final: A,spring 2020, CS 2511 Computer Programming II : Midterm: A | Final: A, VA2030 Drawing : Midterm: A | Final: A, MA2310 Calculus and Analytic Geometry I : Midterm : A | Final: A, EL 2239 Horror Literature : Midterm : B | Final: A,fall 2020,HI 3640  African History : Midterm: A | Final: A,HI 3835 Islamic Cultures : Midterm: A | Final: A,EL 3010  Structure & Grammar of English : Miderm: A | Final: A, HI 3091 African Cultures : Midterm: B | Final: B-,,,,,,,,,,,,,,,,,,,,,606b5915962b7170e065a388,Full Time,700544679,Vally Tottman,EnY1WAeM,9/18/1995,0 Trailsway Terrace,,,,,,,0
dnorssisterfx@wikispaces.com,Biological Sciences,,,,,,,,,,,,,,,,,,,,,,,,,,,,,,,,,,,,,,,,,,,,,Undergraduate - Senior,fall 2017,VA2010 Intro. to Creative Thinking : Midterm: A | Final: A, BS2490 Environmental Science : Midterm: A | Final: B+,EL 1000 English Comp I : Exposition : Midterm: A | Final: A,MA 1020 College Algebra : Midterm: A- | Final: A,spring 2018, BS3400 Vertebrate Physiology : Midterm: A | Final: A, BS3450 Plant Biology : Midterm: A | Final: A, VA2020 Basic Design : Midterm : A | Final: A, EL 2239 Horror Literature : Midterm : B | Final: A,fall 2018,HI 3640  African History : Midterm: A | Final: A,HI 3835 Islamic Cultures : Midterm: A | Final: A,EL 3010  Structure & Grammar of English : Miderm: A | Final: A, HI 3091 African Cultures : Midterm: B | Final: B-,spring 2019, BS3510 Parasitology : Midterm: B | Final: A, BS3531 Comparative Genomics Lab : Midterm: A | Final: B, BS3530 Comparative Genomics : Midterm: A | Final: A, VA3100 Visual Culture : Midterm: B | Final: C+,fall 2019, BS3520 Comparative Anatomy : Midterm: B | Final: A, BS3710 Environmental Physiology : Midterm: A | Final: A,VA3200 Art Tutorials I : Midterm: A | Final: A,VA3400 Digital Imaging : Midterm: A | Final: B,spring 2020,VA4200 Art Tutorials II : Midterm: A | Final: A, BS3810  Biological Aspects of Aging : Midterm: A | Final: A-, BS4400 Cell Biology : Midterm: B | Final: A, BS4460 Genetics : Midterm: A | Final: A,fall 2020, BS4440 Evolution : Midterm: C | Final: B+, BS4410  Histology : Midterm: A | Final: A, BS4420  Microbiology : Midterm: A | Final: A, BS4430  Developmental Biology : Midterm: A | Final: A,606b5915962b7170e065a389,Full Time,700105394,Delila Norssister,RH25quV,9/27/1998,02688 Crescent Oaks Circle,,,,,,,0
ttoynefy@dropbox.com,History,,,,,,,,,,,,,,,,,,,,,,,,,,,,,,,,,,,,,,,,,,,,,Undergraduate - Junior,fall 2018,VA2010 Intro. to Creative Thinking: Midterm: A | Final: A,AS 2112 American People I : Midterm: A | Final: B+,,,spring 2019,AS 2122 American People II : Midterm: A | Final: A, HI 2681 Intro to Europe Hist:1350-Present: Midterm: A | Final: A,,,fall 2019,HI 3640  African History : Midterm: A | Final: A,HI 3835 Islamic Cultures : Midterm: A | Final: A,,,spring 2020,HI 4308 History Modern Middle East: Midterm: B | Final: A,HI 4632 Japanese History Through Literature : Midterm: A | Final: B,,,fall 2020,PE 4690 Politics of Lat Amer/Caribbean : Midterm: B | Final: A,HI 4001 19th Century : Midterm: A | Final: A,,,,,,,,,,,,,606b5915962b7170e065a38a,Part Time,700951877,Talia Toyne,345QJRodO,7/27/1998,561 Sachs Alley,,,,,,,0
gmacconchieg2@nytimes.com,Criminology,,,,,,,,,,,,,,,,,,,,,,,,,,,,,,,,,,,,,,,,,,,,,Undergraduate - Freshman,,,,,,,,,,,,,,,,,,,,,,,,,,,,,,,,,,,,606b5915962b7170e065a38b,Part Time,700429145,Gwendolin MacConchie,HsFsZtmHZiXg,8/31/1998,40623 Magdeline Hill,,,,,,,0
kevettg0@hexun.com,Adolescence Education: Mathematics (7-12),,,,,,,,,,,,,,,,,,,,,,,,,,,,,,,,,,,,,,,,,,,,,Undergraduate - Freshman,,,,,,,,,,,,,,,,,,,,,,,,,,,,,,,,,,,,606b5915962b7170e065a38c,Part Time,700532777,Karry Evett,SOlRBjv,2/10/1998,41 Old Gate Circle,,,,,,,0
rlapwoodg1@ocn.ne.jp,Politics & Economics & Law,,,,,,,,,,,,,,,,,,,,,,,,,,,,,,,,,,,,,,,,,,,,,Graduate,fall 2017,VA2010 Intro. to Creative Thinking : Midterm: A | Final: A, PE2300 Introduction to Law : Midterm: A | Final: B+,EL 1000 English Comp I : Exposition : Midterm: A | Final: A,MA 1020 College Algebra : Midterm: A- | Final: A,spring 2018, PE2650 Introduction to U.S. Politics : Midterm: A | Final: A, IR2210 Unions and Management: An Introduction : Midterm: A | Final: A, VA2020 Basic Design : Midterm : A | Final: A, EL 2239 Horror Literature : Midterm : B | Final: A,fall 2018,HI 3640  African History : Midterm: A | Final: A,HI 3835 Islamic Cultures : Midterm: A | Final: A,EL 3010  Structure & Grammar of English : Miderm: A | Final: A, HI 3091 African Cultures : Midterm: B | Final: B-,spring 2019, PE2220 Introduction to Urban Issues : Midterm: B | Final: A, PE2400 Introduction to Political Economy : Midterm: A | Final: B, IR 3140 Unions & Public Policy: Midterm: A | Final: A, VA3100 Visual Culture : Midterm: B | Final: C+,fall 2019, IR 3300 CollectiveBarg & GrievanceProc : Midterm: B | Final: A, PE3100 International Relations : Midterm: A | Final: A,VA3200 Art Tutorials I : Midterm: A | Final: A,VA3400 Digital Imaging : Midterm: A | Final: B,spring 2020,VA4200 Art Tutorials II : Midterm: A | Final: A, BU3600 Principles Business Law : Midterm: A | Final: A-, IR 3415 Labor Economics : Midterm: B | Final: A, IR 3860 Development of the Modern Corp : Midterm: A | Final: A,fall 2020, PE4320 Jurisprudence: Legal Thought : Midterm: C | Final: B+, PE4470 History of Economic Thought : Midterm: A | Final: A, PE4620 Political and Social Thought : Midterm: A | Final: A, PE4580 Origins of the Capitalist Economy : Midterm: A | Final: A,606b5915962b7170e065a38d,Full Time,700722123,Revkah Lapwood,BScu4pYiO,5/13/1995,34 Northport Hill,spring 2021, PE4590 Global Economy in the 20th Century : Midterm: A | Final: A, IR 4320 Labor & Employment Law : Midterm: A | Final: A, BU 5125  Business Ethics : Midterm: A | Final: B, BU5841 Strategic Marketing : Midterm: B | Final: B+,,0
mperrinsg3@lulu.com,Biochemistry,,,,,,,,,,,,,,,,,,,,,,,,,,,,,,,,,,,,,,,,,,,,,Graduate,fall 2017,VA2010 Intro. to Creative Thinking : Midterm: A | Final: A, BS 2400 Basic Bio Sciences I : Midterm: A | Final: B+,EL 1000 English Comp I : Exposition : Midterm: A | Final: A,MA 1020 College Algebra : Midterm: A- | Final: A,spring 2018, CP 2120 Principles of Chemistry I : Midterm: A | Final: A, CP 2121 Principles of Chemistry Lab I : Midterm: A | Final: A, VA2020 Basic Design : Midterm : A | Final: A, EL 2239 Horror Literature : Midterm : B | Final: A,fall 2018,HI 3640  African History : Midterm: A | Final: A,HI 3835 Islamic Cultures : Midterm : A | Final: A,EL 3010  Structure & Grammar of English : Miderm: A | Final: A, HI 3091 African Cultures : Midterm: B | Final: B-,spring 2019, BS 2410 Basic Bio Sciences II : Midterm: B | Final: A, CP 2130 Principles of Chemistry II : Midterm: A | Final: B, CP 2131 Principles Chemistry Lab II : Midterm: A | Final: A, VA3100 Visual Culture : Midterm: B | Final: C+,fall 2019, CP 2220 Structure of Physics I : Midterm: B | Final: A, CP 2221 Structure of Physics I Lab : Midterm: A | Final: A,VA3200 Art Tutorials I : Midterm: A | Final: A,VA3400 Digital Imaging : Midterm: A | Final: B,spring 2020,VA4200 Art Tutorials II : Midterm: A | Final: A, CP 3300 Organic Chemistry I : Midterm: A | Final: A-, CP 3302 Organic Chemistry Lab I : Midterm: B | Final: A, CP 3400 Analytical Chemistry-Lect/Lab : Midterm: A | Final: A,fall 2020, CP 3310 Organic Chemistry II : Midterm: C | Final: B+, CP 3312 Organic Chemistry Lab II : Midterm: A | Final: A, CP 4510 Biochemistry I : Midterm: A | Final: A, CP 4520 Biochemistry Lab : Midterm: A | Final: A,606b5915962b7170e065a38e,Full Time,700381014,Munmro Perrins,GBKjouhjq,8/27/1995,9 Northridge Center,spring 2021, CP 4515 Biochemistry II : Midterm: A | Final: A, CP 4700 Physical Chemistry I : Midterm: A | Final: A, BS 4560 Molecular Biology : Midterm: A | Final: B, BS 4460 Genetics : Midterm: B | Final: B+,,0
lashardg5@ask.com,Adolescence Education: Biology (7-12),,,,,,,,,,,,,,,,,,,,,,,,,,,,,,,,,,,,,,,,,,,,,Undergraduate - Sophomore,fall 2019,VA2010 Intro. to Creative Thinking : Midterm: A | Final: A, BS2490 Environmental Science : Midterm: A | Final: B+,EL 1000 English Comp I : Exposition : Midterm: A | Final: A,MA 1020 College Algebra : Midterm: A- | Final: A,spring 2020, BS3450 Plant Biology : Midterm: A | Final: A, BS3520 Comparative Anatomy : Midterm: A | Final: A, VA2020 Basic Design : Midterm : A | Final: A, EL 2239 Horror Literature : Midterm : B | Final: A,fall 2020,HI 3640  African History : Midterm: A | Final: A,HI 3835 Islamic Cultures : Midterm: A | Final: A,EL 3010  Structure & Grammar of English : Miderm: A | Final: A, HI 3091 African Cultures : Midterm: B | Final: B-,,,,,,,,,,,,,,,,,,,,,606b5915962b7170e065a38f,Full Time,700990159,Luisa Ashard,lYvn5KC,10/23/1997,6525 Pleasure Crossing,,,,,,,0
kbeebisg4@tinyurl.com,Chemistry,,,,,,,,,,,,,,,,,,,,,,,,,,,,,,,,,,,,,,,,,,,,,Graduate,fall 2017,VA2010 Intro. to Creative Thinking : Midterm: A | Final: A, CP 2120 Principles of Chemistry I : Midterm: A | Final: B+,EL 1000 English Comp I : Exposition : Midterm: A | Final: A, CP 2121 Principles of Chemistry Lab I : Midterm: A- | Final: A,spring 2018, MA2310 Calculus and Analytic Geometry I : Midterm: A | Final: A, CP 2130  Principles of Chemistry II : Midterm: A | Final: A, VA2020 Basic Design : Midterm : A | Final: A, CP 2131 Principles Chemistry Lab II : Midterm : B | Final: A,fall 2018,HI 3640  African History : Midterm: A | Final: A,HI 3835 Islamic Cultures : Midterm: A | Final: A,EL 3010  Structure & Grammar of English : Miderm: A | Final: A, HI 3091 African Cultures : Midterm: B | Final: B-,spring 2019, EL 2239 Horror Literature : Midterm: B | Final: A, CP 2240  General Physics I : Midterm: A | Final: B, CP 3230  Math Methods: Physical Science : Midterm: A | Final: A, VA3100 Visual Culture : Midterm: B | Final: C+,fall 2019, CP 2251 General Physics II Lab : Midterm: B | Final: A, CP 2250 General Physics II : Midterm: A | Final: A,VA3200 Art Tutorials I : Midterm: A | Final: A,VA3400 Digital Imaging : Midterm: A | Final: B,spring 2020,VA4200 Art Tutorials II : Midterm: A | Final: A, CP 3300 Organic Chemistry I : Midterm: A | Final: A-, CP 3302  Organic Chemistry Lab I : Midterm: B | Final: A, MA 3160  Linear Algebra : Midterm: A | Final: A,fall 2020, CP 4700  Physical Chemistry I : Midterm: C | Final: B+, CP 4720  Physical Chemistry Lab : Midterm: A | Final: A, CP 4800 Adv Chemical Methods: Lect/Lab : Midterm: A | Final: A, CP 4520 Biochemistry Lab : Midterm: A | Final: A,606b5915962b7170e065a390,Full Time,700620752,Kelila Beebis,9oB8QEE,1/23/1998,63977 Anderson Terrace,spring 2021, CP 4710 Physical Chemistry II : Midterm: A | Final: A," ”,” CP 5920 Seminar I : Midterm: A | Final: A", CP 5921 Seminar II : Midterm: A | Final: B, MA 4360 Differential Equations : Midterm: B | Final: B+,,0
rsketchleyg8@answers.com,History,,,,,,,,,,,,,,,,,,,,,,,,,,,,,,,,,,,,,,,,,,,,,Undergraduate - Freshman,,,,,,,,,,,,,,,,,,,,,,,,,,,,,,,,,,,,606b5915962b7170e065a391,Part Time,700746018,Rudiger Sketchley,3b9BxlNmsv,9/24/1997,01 Pankratz Plaza,,,,,,,0
fdoylendg7@jalbum.net,Biological Sciences,,,,,,,,,,,,,,,,,,,,,,,,,,,,,,,,,,,,,,,,,,,,,Undergraduate - Sophomore,fall 2019,VA2010 Intro. to Creative Thinking : Midterm: A | Final: A, BS2490 Environmental Science : Midterm: A | Final: B+,,,spring 2020, BS3400 Vertebrate Physiology : Midterm: A | Final: A, BS3450 Plant Biology : Midterm: A | Final: A,,,fall 2020,HI 3640  African History : Midterm: A | Final: A,HI 3835 Islamic Cultures : Midterm: A | Final: A,,,,,,,,,,,,,,,,,,,,,,,606b5915962b7170e065a392,Part Time,700050301,Fonzie Doylend,GCbt04o,3/21/1995,57 Northview Point,,,,,,,0
ddenneyg6@wufoo.com,Media and Communications,,,,,,,,,,,,,,,,,,,,,,,,,,,,,,,,,,,,,,,,,,,,,Undergraduate - Junior,fall 2018,VA2010 Intro. to Creative Thinking : Midterm: A | Final: A, AS2020 New Media CE : Midterm: A | Final: B+,EL 1000 English Comp I : Exposition : Midterm: A | Final: A, MA2310 Calculus and Analytic Geometry I : Midterm: A- | Final: A,spring 2019, AS2652 Media Studies : Midterm: A | Final: A, AS2700 The Engaged Eye : Midterm: A | Final: A, VA2020 Basic Design : Midterm : A | Final: A, EL 2239 Horror Literature : Midterm : B | Final: A,fall 2019,HI 3640  African History : Midterm: A | Final: A,HI 3835 Islamic Cultures : Midterm : A | Final: A,EL 3010  Structure & Grammar of English : Miderm: A | Final: A, HI 3091 African Cultures : Midterm: B | Final: B-,spring 2020, AS3310 From Citizen to Consumer : Midterm: B | Final: A, AS3632 History of U.S. Film : Midterm: A | Final: B, AS3712 American Film Genres : Midterm: A | Final: A, VA3100 Visual Culture : Midterm: B | Final: C+,fall 2020, AS3722 History of Mass Media : Midterm: B | Final: A, AS3732 Politics of Media & Inst : Midterm: A | Final: A,VA3200 Art Tutorials I : Midterm: A | Final: A,VA3400 Digital Imaging : Midterm: A | Final: B,,,,,,,,,,,606b5915962b7170e065a393,Full Time,700794458,Doy Denney,yIiNEOqVvD,7/26/1995,2104 Birchwood Pass,,,,,,,0
ghabbemag9@sakura.ne.jp,Biological Sciences,,,,,,,,,,,,,,,,,,,,,,,,,,,,,,,,,,,,,,,,,,,,,Undergraduate - Senior,fall 2017,VA2010 Intro. to Creative Thinking : Midterm: A | Final: A, BS2490 Environmental Science : Midterm: A | Final: B+,EL 1000 English Comp I : Exposition : Midterm: A | Final: A,MA 1020 College Algebra : Midterm: A- | Final: A,spring 2018, BS3400 Vertebrate Physiology : Midterm: A | Final: A, BS3450 Plant Biology : Midterm: A | Final: A, VA2020 Basic Design : Midterm : A | Final: A, EL 2239 Horror Literature : Midterm : B | Final: A,fall 2018,HI 3640  African History : Midterm: A | Final: A,HI 3835 Islamic Cultures : Midterm: A | Final: A,EL 3010  Structure & Grammar of English : Miderm: A | Final: A, HI 3091 African Cultures : Midterm: B | Final: B-,spring 2019, BS3510 Parasitology : Midterm: B | Final: A, BS3531 Comparative Genomics Lab : Midterm: A | Final: B, BS3530 Comparative Genomics : Midterm: A | Final: A, VA3100 Visual Culture : Midterm: B | Final: C+,fall 2019, BS3520 Comparative Anatomy : Midterm: B | Final: A, BS3710 Environmental Physiology : Midterm: A | Final: A,VA3200 Art Tutorials I : Midterm: A | Final: A,VA3400 Digital Imaging : Midterm: A | Final: B,spring 2020,VA4200 Art Tutorials II : Midterm: A | Final: A, BS3810  Biological Aspects of Aging : Midterm: A | Final: A-, BS4400 Cell Biology : Midterm: B | Final: A, BS4460 Genetics : Midterm: A | Final: A,fall 2020, BS4440 Evolution : Midterm: C | Final: B+, BS4410  Histology : Midterm: A | Final: A, BS4420  Microbiology : Midterm: A | Final: A, BS4430  Developmental Biology : Midterm: A | Final: A,606b5915962b7170e065a394,Full Time,700505694,Gerardo Habbema,kiYMg3rBII,2/7/1996,79 Autumn Leaf Park,,,,,,,0
chamorgd@loc.gov,Industrial and Labor Relations,,,,,,,,,,,,,,,,,,,,,,,,,,,,,,,,,,,,,,,,,,,,,Undergraduate - Sophomore,fall 2019,VA2010 Intro. to Creative Thinking : Midterm: A | Final: A, PE 2650 Intro to U.S. Politics : Midterm: A | Final: B+,,,spring 2020, MA2300 Calculus for Business & Economics : Midterm: A | Final: A, IR 2210 Unions & Management: An Intro : Midterm: A | Final: A,,,fall 2020,HI 3640  African History : Midterm: A | Final: A,HI 3835 Islamic Cultures : Midterm: A | Final: A,,,,,,,,,,,,,,,,,,,,,,,606b5915962b7170e065a395,Part Time,700419579,Casey Hamor,6prpETPr18q,12/31/1998,822 Hoepker Hill,,,,,,,0
gstaytga@weebly.com,English,,,,,,,,,,,,,,,,,,,,,,,,,,,,,,,,,,,,,,,,,,,,,Undergraduate - Senior,fall 2017,VA2010 Intro. to Creative Thinking : Midterm: A | Final: A, HI1010 World Religions: West : Midterm: A | Final: B+,,,spring 2018, EL 2239 Horror Literature : Midterm: A | Final: A, 2410  Basic Bio Sciences II : Midterm: A | Final: A,,,fall 2018,HI 3640  African History : Midterm: A | Final: A,HI 3835 Islamic Cultures : Midterm: A | Final: A,,,spring 2019, EL 3510  Lit Across Cultures II:Theory : Midterm: B | Final: A, EL 3600 US Literature I : Midterm: A | Final: B,,,fall 2019, EL 3610  US Literature II : Midterm: B | Final: A, EL 3810  Eng Lit II:Romantics - Present : Midterm: A | Final: A,,,spring 2020,VA4200 Art Tutorials II : Midterm: A | Final: A, EL 3560  Literatures of Europe:Part I : Midterm: A | Final: A-,,,fall 2020, EL 3561 Literatures of Europe:Part II : Midterm: C | Final: B+, EL 4312 Greek Mythology : Midterm: A | Final: A,,,606b5915962b7170e065a396,Part Time,700310888,Georgy Stayt,GciThAwq,4/7/1996,9655 Hermina Hill,,,,,,,0
amckimmiegc@census.gov,Chemistry,,,,,,,,,,,,,,,,,,,,,,,,,,,,,,,,,,,,,,,,,,,,,Undergraduate - Freshman,,,,,,,,,,,,,,,,,,,,,,,,,,,,,,,,,,,,606b5915962b7170e065a397,Full Time,700479751,Almire McKimmie,MPctk39,3/28/1995,262 Golf Place,,,,,,,0
gemneygb@odnoklassniki.ru,Management Information Systems,,,,,,,,,,,,,,,,,,,,,,,,,,,,,,,,,,,,,,,,,,,,,Undergraduate - Junior,fall 2018,VA2010 Intro. to Creative Thinking : Midterm: A | Final: A, CS 2510 Computer Programming I : Midterm: A | Final: B+,EL 1000 English Comp I : Exposition : Midterm: A | Final: A,MA 1020 College Algebra : Midterm: A- | Final: A,spring 2019, CS 2511 Computer Programming II : Midterm: A | Final: A, MA2000 Applied Statistics : Midterm: A | Final: A, VA2020 Basic Design : Midterm : A | Final: A, EL 2239 Horror Literature : Midterm : B | Final: A,fall 2019,HI 3640  African History : Midterm: A | Final: A,HI 3835 Islamic Cultures : Midterm : A | Final: A,EL 3010  Structure & Grammar of English : Miderm: A | Final: A, HI 3091 African Cultures : Midterm: B | Final: B-,spring 2020, CS 3611 Advanced C# : Midterm: B | Final: A, BU 3800 Marketing: Principles&Concepts : Midterm: A | Final: B, BU3010 Information Systems for Managers : Midterm: A | Final: A, VA3100 Visual Culture : Midterm: B | Final: C+,fall 2020, CS 3620 Computer Architecture I : Midterm: B | Final: A, CS 4501 Software Engineering : Midterm: A | Final: A,VA3200 Art Tutorials I : Midterm: A | Final: A,VA3400 Digital Imaging : Midterm: A | Final: B,,,,,,,,,,,606b5915962b7170e065a398,Full Time,700214617,Granthem Emney,sKujqqw4vOzO,5/8/1998,874 Londonderry Lane,,,,,,,0
wmccriskengf@soup.io,Psychology,,,,,,,,,,,,,,,,,,,,,,,,,,,,,,,,,,,,,,,,,,,,,Graduate,fall 2017,VA2010 Intro. to Creative Thinking: Midterm: A | Final: A, PY2010 Introduction to Psychology : Midterm: A | Final: B+,EL 1000 English Comp I: Exposition: Midterm: A | Final: A,MA 1020 College Algebra: Midterm: A- | Final: A,spring 2018, PY2530 Psychology of Prejudice : Midterm: A | Final: A, PY2720 Psychology of Gender: Midterm: A | Final: A, VA2020 Basic Design : Midterm: A | Final: A, EL 2239 Horror Literature : Midterm: B | Final: A,fall 2018,HI 3640  African History : Midterm: A | Final: A,HI 3835 Islamic Cultures : Midterm: A | Final: A,EL 3010  Structure & Grammar of English : Miderm: A | Final: A, HI 3091 African Cultures: Midterm: B | Final: B-,spring 2019, PY3110 Research Methods I: (Orientation): Midterm: B | Final: A, PY2340 Community Psychology : Midterm: A | Final: B, PY3420 Learning & Motivation : Midterm: A | Final: A, VA3100 Visual Culture: Midterm: B | Final: C+,fall 2019, PY3120 Research Methods II: (Statistics) : Midterm: B | Final: A, PY3610 Brain & Behavior: A | Final: A,VA3200 Art Tutorials I: Midterm: A | Final: A,VA3400 Digital Imaging : Midterm: A | Final: B,spring 2020,VA4200 Art Tutorials II: Midterm: A | Final: A, PY4100 Research Methods III (Advanced Research Skills) : Midterm: A | Final: A-, PY3620 Drugs & Behavior : Midterm: B | Final: A, PY3215 Foundations of Child Development : Midterm: A | Final: A,fall 2020, PY4130 Field Experience and Research : Midterm: C | Final: B+, PY3310 Abnormal Human Behavior : Midterm: A | Final: A, PY3311 Theories of Personality : Midterm: A | Final: A, PY3410 Cognitive Psychology: Midterm: A | Final: A,606b5915962b7170e065a399,Full Time,700911909,Wadsworth McCrisken,Uk0EguIFI6,10/9/1996,4022 Hanson Hill,spring 2021, PH 3610 Intro.-U.S.Health Care System : Midterm: A | Final: A, PH 3600  Social Determinants of Health : Midterm: A | Final: A, PY3710 Psychology & Social Justice : Midterm: A | Final: B, PH 5900 Research Methods : Midterm: B | Final: B+,,0
mcolleymorege@globo.com,Adolescence Education: Chemistry (7-12),,,,,,,,,,,,,,,,,,,,,,,,,,,,,,,,,,,,,,,,,,,,,Graduate,fall 2017,VA2010 Intro. to Creative Thinking : Midterm: A | Final: A, BS 2400 Basic Bio Sciences I : Midterm: A | Final: B+,EL 1000 English Comp I : Exposition : Midterm: A | Final: A,MA 1020 College Algebra : Midterm: A- | Final: A,spring 2018, CP 2120 Principles of Chemistry I : Midterm: A | Final: A, CP 2121 Principles of Chemistry Lab I : Midterm: A | Final: A, VA2020 Basic Design : Midterm : A | Final: A, EL 2239 Horror Literature : Midterm : B | Final: A,fall 2018,HI 3640  African History : Midterm: A | Final: A,HI 3835 Islamic Cultures : Midterm: A | Final: A,EL 3010  Structure & Grammar of English : Miderm: A | Final: A, HI 3091 African Cultures : Midterm: B | Final: B-,spring 2019, CP 2130 Principles of Chemistry II : Midterm: B | Final: A, CP 2131 Principles Chemistry Lab II : Midterm: A | Final: B, CP 4510 Biochemistry I : Midterm: A | Final: A, VA3100 Visual Culture : Midterm: B | Final: C+,fall 2019, CP 3300 Organic Chemistry I : Midterm: B | Final: A, CP 3302 Organic Chemistry Lab I : Midterm: A | Final: A,VA3200 Art Tutorials I : Midterm: A | Final: A,VA3400 Digital Imaging : Midterm: A | Final: B,spring 2020,VA4200 Art Tutorials II : Midterm: A | Final: A, CP 3310 Organic Chemistry II : Midterm: A | Final: A-, CP 3312 Organic Chemistry Lab II : Midterm: B | Final: A, CP 3400 Analytical Chemistry-Lect/Lab : Midterm: A | Final: A,fall 2020, CP 4700 Physical Chemistry I : Midterm: C | Final: B+, CP 4515 Biochemistry II : Midterm: A | Final: A, CP 4520 Biochemistry Lab : Midterm: A | Final: A, CP 5920 Seminar I : Midterm: A | Final: A,606b5915962b7170e065a39a,Full Time,700196835,Marabel Colleymore,8PxHuemg8q8O,1/20/1997,4 Stuart Road,spring 2021, CP 6500 Science and the Community : Midterm: A | Final: A, CP 6740 Topics in Earth&Space Science : Midterm: A | Final: A, CP 5921 Seminar II : Midterm: A | Final: B, CP 6590 Topics: Environmental Science : Midterm: B | Final: B+,,0
mcapnorgh@dailymotion.com,Health and Society,,,,,,,,,,,,,,,,,,,,,,,,,,,,,,,,,,,,,,,,,,,,,Undergraduate - Senior,fall 2017,VA2010 Intro. to Creative Thinking : Midterm: A | Final: A, BS 2100 Biology for Non-Science Majors : Midterm: A | Final: B+,EL 1000 English Comp I : Exposition : Midterm: A | Final: A,MA 1020 College Algebra : Midterm: A- | Final: A,spring 2018, BS 2300  Anatomy&Physiology I Lecture : Midterm: A | Final: A, 2410  Basic Bio Sciences II : Midterm: A | Final: A, VA2020 Basic Design : Midterm : A | Final: A, EL 2239 Horror Literature : Midterm : B | Final: A,fall 2018,HI 3640  African History : Midterm: A | Final: A,HI 3835 Islamic Cultures : Midterm: A | Final: A,EL 3010  Structure & Grammar of English : Miderm: A | Final: A, HI 3091 African Cultures : Midterm: B | Final: B-,spring 2019, BS 2310  Anatomy&Physiology II Lecture : Midterm: B | Final: A, PH 3600  Social Determinants of Health : Midterm: A | Final: B, PH 3610 Intro.-U.S.Health Care System : Midterm: A | Final: A, VA3100 Visual Culture : Midterm: B | Final: C+,fall 2019, PH 3200 Nutrition & Society : Midterm: B | Final: A, PH 3700  Medical Anthropology : Midterm: A | Final: A,VA3200 Art Tutorials I : Midterm: A | Final: A,VA3400 Digital Imaging : Midterm: A | Final: B,spring 2020,VA4200 Art Tutorials II : Midterm: A | Final: A, PH 4670 Biostatistics : Midterm: A | Final: A-, PH 4800 Epidemiology : Midterm: B | Final: A, PH 4450 Human Sexuality : Midterm: A | Final: A,fall 2020, PH 4900 Community Health Field Placmt : Midterm: C | Final: B+, PH 4600  Health Program Planning & Eval : Midterm: A | Final: A, PH 4610 Women's Health : Midterm: A | Final: A, PH 4631  Mental Health : Midterm: A | Final: A,606b5915962b7170e065a39b,Full Time,700569450,Moria Capnor,w68JmUgpx,8/30/1998,899 Kenwood Court,,,,,,,0
sfabbrogg@fema.gov,Visual Arts: Electronic Media,,,,,,,,,,,,,,,,,,,,,,,,,,,,,,,,,,,,,,,,,,,,,Undergraduate - Senior,fall 2017,VA2010 Intro. to Creative Thinking : Midterm: A | Final: A, CS 2510 Computer Programming I : Midterm: A | Final: B+,EL 1000 English Comp I : Exposition : Midterm: A | Final: A,MA 1020 College Algebra : Midterm: A- | Final: A,spring 2018, CS 2511 Computer Programming II : Midterm: A | Final: A, VA2030 Drawing : Midterm: A | Final: A, MA2310 Calculus and Analytic Geometry I : Midterm : A | Final: A, EL 2239 Horror Literature : Midterm : B | Final: A,fall 2018,HI 3640  African History : Midterm: A | Final: A,HI 3835 Islamic Cultures : Midterm: A | Final: A,EL 3010  Structure & Grammar of English : Miderm: A | Final: A, HI 3091 African Cultures : Midterm: B | Final: B-,spring 2019, VA2020 Basic Design : Midterm: B | Final: A, VA2500 Art History I: 19th Century Art : Midterm: A | Final: B, VA2045 Introduction to Color : Midterm: A | Final: A, AS2020 New Media CE : Midterm: B | Final: C+,fall 2019, VA3100 Visual Culture : Midterm: B | Final: A, VA3380 Digital Video 4 : Midterm: A | Final: A,VA3200 Art Tutorials I : Midterm: A | Final: A, VA2320 Graphic Design I : Midterm: A | Final: B,spring 2020,VA4200 Art Tutorials II : Midterm: A | Final: A, VA4260 Interactive Web Design : Midterm: A | Final: A-, VA4320 Graphic Design II : Midterm: B | Final: A, VA3400 Digital Imaging : Midterm: A | Final: A,fall 2020, VA4265 3D Digital Design : Midterm: C | Final: B+, VA4900 Internship : Midterm: A | Final: A, VA4360 Advanced Electronic and Animation : Midterm: A | Final: A, VA4460 Digital Animation : Midterm: A | Final: A,606b5915962b7170e065a39c,Full Time,700878049,Sebastien Fabbro,8TgbrRag,9/22/1997,740 Oriole Terrace,,,,,,,0
rdmitrovicgi@constantcontact.com,Computer & Information Science,,,,,,,,,,,,,,,,,,,,,,,,,,,,,,,,,,,,,,,,,,,,,Undergraduate - Senior,fall 2017,VA2010 Intro. to Creative Thinking: Midterm: A | Final: A,CS 2510 Computer Programming I : Midterm: A | Final: B+,EL 1000 English Comp I: Exposition: Midterm: A | Final: A,MA 1020 College Algebra: Midterm: A- | Final: A,spring 2018, CS 2511 Computer Programming II: Midterm: A | Final: A, MA2310 Calculus and Analytic Geometry I: Midterm: A | Final: A, VA2020 Basic Design : Midterm: A | Final: A, EL 2239 Horror Literature : Midterm: B | Final: A,fall 2018,HI 3640  African History : Midterm: A | Final: A,HI 3835 Islamic Cultures : Midterm: A | Final: A,EL 3010  Structure & Grammar of English : Miderm: A | Final: A, HI 3091 African Cultures: Midterm: B | Final: B-,spring 2019, CS 3620 Computer Architecture I: Midterm: B | Final: A, CS 3810  Data Structures & Algorithms : Midterm: A | Final: B, CS 3911 C++in Object Oriented Design : Midterm: A | Final: A, VA3100 Visual Culture: Midterm: B | Final: C+,fall 2019, MA 3210  Intro to Prob & Statistics : Midterm: B | Final: A, CS 4501 Software Engineering : Midterm: A | Final: A,VA3200 Art Tutorials I: Midterm: A | Final: A,VA3400 Digital Imaging : Midterm: A | Final: B,spring 2020,VA4200 Art Tutorials II: Midterm: A | Final: A, CS 4550 Database Management Systems : Midterm: A | Final: A-, CS 4720 Internet & Web Tech : Midterm: B | Final: A, CS 5710 Computer Networks : Midterm: A | Final: A,fall 2020, CS 4400  Artificial Intelligence : Midterm: C | Final: B+, CS 4705 Intro to Computer Security : Midterm: A | Final: A,HI 4650   History of African Enslavement : Midterm: A | Final: A,BS4400 Cell Biology: A | Final: A,606b5915962b7170e065a39d,Full Time,700093995,Roscoe Dmitrovic,PWtYZD,8/24/1996,109 Everett Junction,,,,,,,0
apilgramgj@studiopress.com,Health and Society,,,,,,,,,,,,,,,,,,,,,,,,,,,,,,,,,,,,,,,,,,,,,Undergraduate - Freshman,,,,,,,,,,,,,,,,,,,,,,,,,,,,,,,,,,,,606b5915962b7170e065a39e,Full Time,700975546,Ara Pilgram,bKj7ljD,10/18/1995,1208 Everett Street,,,,,,,0
zgorvingk@abc.net.au,Adolescence Education: Chemistry (7-12),,,,,,,,,,,,,,,,,,,,,,,,,,,,,,,,,,,,,,,,,,,,,Graduate,fall 2017,VA2010 Intro. to Creative Thinking : Midterm: A | Final: A, BS 2400 Basic Bio Sciences I : Midterm: A | Final: B+,EL 1000 English Comp I : Exposition : Midterm: A | Final: A,MA 1020 College Algebra : Midterm: A- | Final: A,spring 2018, CP 2120 Principles of Chemistry I : Midterm: A | Final: A, CP 2121 Principles of Chemistry Lab I : Midterm: A | Final: A, VA2020 Basic Design : Midterm : A | Final: A, EL 2239 Horror Literature : Midterm : B | Final: A,fall 2018,HI 3640  African History : Midterm: A | Final: A,HI 3835 Islamic Cultures : Midterm: A | Final: A,EL 3010  Structure & Grammar of English : Miderm: A | Final: A, HI 3091 African Cultures : Midterm: B | Final: B-,spring 2019, CP 2130 Principles of Chemistry II : Midterm: B | Final: A, CP 2131 Principles Chemistry Lab II : Midterm: A | Final: B, CP 4510 Biochemistry I : Midterm: A | Final: A, VA3100 Visual Culture : Midterm: B | Final: C+,fall 2019, CP 3300 Organic Chemistry I : Midterm: B | Final: A, CP 3302 Organic Chemistry Lab I : Midterm: A | Final: A,VA3200 Art Tutorials I : Midterm: A | Final: A,VA3400 Digital Imaging : Midterm: A | Final: B,spring 2020,VA4200 Art Tutorials II : Midterm: A | Final: A, CP 3310 Organic Chemistry II : Midterm: A | Final: A-, CP 3312 Organic Chemistry Lab II : Midterm: B | Final: A, CP 3400 Analytical Chemistry-Lect/Lab : Midterm: A | Final: A,fall 2020, CP 4700 Physical Chemistry I : Midterm: C | Final: B+, CP 4515 Biochemistry II : Midterm: A | Final: A, CP 4520 Biochemistry Lab : Midterm: A | Final: A, CP 5920 Seminar I : Midterm: A | Final: A,606b5915962b7170e065a39f,Full Time,700879669,Zahara Gorvin,crwvFo,12/16/1998,3 Lien Place,spring 2021, CP 6500 Science and the Community : Midterm: A | Final: A, CP 6740 Topics in Earth&Space Science : Midterm: A | Final: A, CP 5921 Seminar II : Midterm: A | Final: B, CP 6590 Topics: Environmental Science : Midterm: B | Final: B+,,0
aalexandersengm@jigsy.com,History,,,,,,,,,,,,,,,,,,,,,,,,,,,,,,,,,,,,,,,,,,,,,Undergraduate - Junior,fall 2018,VA2010 Intro. to Creative Thinking: Midterm: A | Final: A,AS 2112 American People I : Midterm: A | Final: B+,EL 1000 English Comp I: Exposition: Midterm: A | Final: A,MA 1020 College Algebra: Midterm: A- | Final: A,spring 2019,AS 2122 American People II : Midterm: A | Final: A, HI 2681 Intro to Europe Hist:1350-Present: Midterm: A | Final: A, VA2020 Basic Design : Midterm: A | Final: A,HI 3110 Latin American Culture : Midterm: B | Final: A,fall 2019,HI 3640  African History : Midterm: A | Final: A,HI 3835 Islamic Cultures : Midterm: A | Final: A,EL 3010  Structure & Grammar of English : Midterm: A | Final: A, HI 3091 African Cultures: Midterm: B | Final: B-,spring 2020,HI 4308 History Modern Middle East: Midterm: B | Final: A,HI 4632 Japanese History Through Literature : Midterm: A | Final: B,HI 4800  History of India : Midterm: A | Final: A,HI 4900 Modern China-Study Abroad: Midterm: B | Final: C+,fall 2020,PE 4690 Politics of Lat Amer/Caribbean : Midterm: B | Final: A,HI 4001 19th Century : Midterm: A | Final: A,VA3200 Art Tutorials I: Midterm: A | Final: A,VA3400 Digital Imaging : Midterm: A | Final: B,,,,,,,,,,,606b5915962b7170e065a3a0,Full Time,700412086,Alwin Alexandersen,j2jAThr,1/3/1998,298 Grim Way,,,,,,,0
bseeneygl@un.org,Adolescence Education: Biology (7-12),,,,,,,,,,,,,,,,,,,,,,,,,,,,,,,,,,,,,,,,,,,,,Undergraduate - Sophomore,fall 2019,VA2010 Intro. to Creative Thinking : Midterm: A | Final: A, BS2490 Environmental Science : Midterm: A | Final: B+,EL 1000 English Comp I : Exposition : Midterm: A | Final: A,MA 1020 College Algebra : Midterm: A- | Final: A,spring 2020, BS3450 Plant Biology : Midterm: A | Final: A, BS3520 Comparative Anatomy : Midterm: A | Final: A, VA2020 Basic Design : Midterm : A | Final: A, EL 2239 Horror Literature : Midterm : B | Final: A,fall 2020,HI 3640  African History : Midterm: A | Final: A,HI 3835 Islamic Cultures : Midterm: A | Final: A,EL 3010  Structure & Grammar of English : Miderm: A | Final: A, HI 3091 African Cultures : Midterm: B | Final: B-,,,,,,,,,,,,,,,,,,,,,606b5915962b7170e065a3a1,Full Time,700925463,Bambie Seeney,t27EMQWV,10/16/1996,92493 Straubel Park,,,,,,,0
ciblegn@stumbleupon.com,Industrial and Labor Relations,,,,,,,,,,,,,,,,,,,,,,,,,,,,,,,,,,,,,,,,,,,,,Undergraduate - Senior,fall 2017,VA2010 Intro. to Creative Thinking : Midterm: A | Final: A, PE 2650 Intro to U.S. Politics : Midterm: A | Final: B+,EL 1000 English Comp I : Exposition : Midterm: A | Final: A,MA 1020 College Algebra : Midterm: A- | Final: A,spring 2018, MA2300 Calculus for Business & Economics : Midterm: A | Final: A, IR 2210 Unions & Management: An Intro : Midterm: A | Final: A, VA2020 Basic Design : Midterm : A | Final: A, EL 2239 Horror Literature : Midterm : B | Final: A,fall 2018,HI 3640  African History : Midterm: A | Final: A,HI 3835 Islamic Cultures : Midterm: A | Final: A,EL 3010  Structure & Grammar of English : Miderm: A | Final: A, HI 3091 African Cultures : Midterm: B | Final: B-,spring 2019, PE 2300 Introduction to Law : Midterm: B | Final: A, IR 3140 Unions & Public Policy : Midterm: A | Final: B, IR 3300 CollectiveBarg & GrievanceProc : Midterm: A | Final: A, VA3100 Visual Culture : Midterm: B | Final: C+,fall 2019, IR 3330 Women : Midterm: B | Final: A, IR 3415 Labor Economics : Midterm: A | Final: A,VA3200 Art Tutorials I : Midterm: A | Final: A,VA3400 Digital Imaging : Midterm: A | Final: B,spring 2020,VA4200 Art Tutorials II : Midterm: A | Final: A, IR 3860 Development of the Modern Corp : Midterm: A | Final: A-, IR 3120  History:AmericanLaborRelations : Midterm: B | Final: A, IR 3260  Comparative Labor Relations : Midterm: A | Final: A,fall 2020, IR 3500 Arbitration & Mediation : Midterm: C | Final: B+, IR 4320 Labor & Employment Law : Midterm: A | Final: A, HS 4770  Occupational Health : Midterm: A | Final: A, IR 4200  Strategic Research/Organizers : Midterm: A | Final: A,606b5915962b7170e065a3a2,Full Time,700508510,Clive Ible,qtExaP2,4/29/1996,5 Pennsylvania Lane,,,,,,,0
gdenmeadgo@bigcartel.com,Psychology,,,,,,,,,,,,,,,,,,,,,,,,,,,,,,,,,,,,,,,,,,,,,Graduate,fall 2017,VA2010 Intro. to Creative Thinking: Midterm: A | Final: A, PY2010 Introduction to Psychology : Midterm: A | Final: B+,EL 1000 English Comp I: Exposition: Midterm: A | Final: A,MA 1020 College Algebra: Midterm: A- | Final: A,spring 2018, PY2530 Psychology of Prejudice : Midterm: A | Final: A, PY2720 Psychology of Gender: Midterm: A | Final: A, VA2020 Basic Design : Midterm: A | Final: A, EL 2239 Horror Literature : Midterm: B | Final: A,fall 2018,HI 3640  African History : Midterm: A | Final: A,HI 3835 Islamic Cultures : Midterm: A | Final: A,EL 3010  Structure & Grammar of English : Miderm: A | Final: A, HI 3091 African Cultures: Midterm: B | Final: B-,spring 2019, PY3110 Research Methods I: (Orientation): Midterm: B | Final: A, PY2340 Community Psychology : Midterm: A | Final: B, PY3420 Learning & Motivation : Midterm: A | Final: A, VA3100 Visual Culture: Midterm: B | Final: C+,fall 2019, PY3120 Research Methods II: (Statistics) : Midterm: B | Final: A, PY3610 Brain & Behavior: A | Final: A,VA3200 Art Tutorials I: Midterm: A | Final: A,VA3400 Digital Imaging : Midterm: A | Final: B,spring 2020,VA4200 Art Tutorials II: Midterm: A | Final: A, PY4100 Research Methods III (Advanced Research Skills) : Midterm: A | Final: A-, PY3620 Drugs & Behavior : Midterm: B | Final: A, PY3215 Foundations of Child Development : Midterm: A | Final: A,fall 2020, PY4130 Field Experience and Research : Midterm: C | Final: B+, PY3310 Abnormal Human Behavior : Midterm: A | Final: A, PY3311 Theories of Personality : Midterm: A | Final: A, PY3410 Cognitive Psychology: Midterm: A | Final: A,606b5915962b7170e065a3a3,Full Time,700177543,Gerard Denmead,isscvt2diFZ,4/5/1996,3197 Amoth Avenue,spring 2021, PH 3610 Intro.-U.S.Health Care System : Midterm: A | Final: A, PH 3600  Social Determinants of Health : Midterm: A | Final: A, PY3710 Psychology & Social Justice : Midterm: A | Final: B, PH 5900 Research Methods : Midterm: B | Final: B+,,0
rgodspedegq@weibo.com,Marketing,,,,,,,,,,,,,,,,,,,,,,,,,,,,,,,,,,,,,,,,,,,,,Undergraduate - Junior,fall 2018,VA2010 Intro. to Creative Thinking : Midterm: A | Final: A, IR 2210 Unions & Management: An Intro : Midterm: A | Final: B+,EL 1000 English Comp I : Exposition : Midterm: A | Final: A, MA2310 Calculus and Analytic Geometry I : Midterm: A- | Final: A,spring 2019, MA2300 Calculus for Business & Economics : Midterm: A | Final: A, PE 2650 Intro to U.S. Politics : Midterm: A | Final: A, VA2020 Basic Design : Midterm : A | Final: A, EL 2239 Horror Literature : Midterm : B | Final: A,fall 2019,HI 3640  African History : Midterm: A | Final: A,HI 3835 Islamic Cultures : Midterm : A | Final: A,EL 3010  Structure & Grammar of English : Miderm: A | Final: A, HI 3091 African Cultures : Midterm: B | Final: B-,spring 2020, BU3600 Principles Business Law : Midterm: B | Final: A, BU3800 Marketing: Principles & Concepts : Midterm: A | Final: B, MA2320 Calculus and Analytic Geometry II : Midterm: A | Final: A, VA3100 Visual Culture : Midterm: B | Final: C+,fall 2020, BU3905 Business Communication : Midterm: B | Final: A, IR 3140 Unions & Public Policy : Midterm: A | Final: A,VA3200 Art Tutorials I : Midterm: A | Final: A,VA3400 Digital Imaging : Midterm: A | Final: B,,,,,,,,,,,606b5915962b7170e065a3a4,Full Time,700826089,Retha Godspede,NluwktxsN,8/22/1997,48602 Meadow Vale Hill,,,,,,,0
ftrathengp@spiegel.de,Spanish Language,,,,,,,,,,,,,,,,,,,,,,,,,,,,,,,,,,,,,,,,,,,,,Graduate,fall 2017,VA2010 Intro. to Creative Thinking : Midterm: A | Final: A, ML2100 Intermediate Spanish Conversation I : Midterm: A | Final: B+,EL 1000 English Comp I : Exposition : Midterm: A | Final: A,MA 1020 College Algebra : Midterm: A- | Final: A,spring 2018, ML2110 Intermediate Spanish Conversation II : Midterm: A | Final: A, ML3100 Advanced Spanish Conversation and Composition : Midterm: A | Final: A, VA2020 Basic Design : Midterm : A | Final: A, EL 2239 Horror Literature : Midterm : B | Final: A,fall 2018,HI 3640  African History : Midterm: A | Final: A,HI 3835 Islamic Cultures : Midterm : A | Final: A,EL 3010  Structure & Grammar of English : Miderm: A | Final: A, HI 3091 African Cultures : Midterm: B | Final: B-,spring 2019, ML3362 Advanced Spanish Grammar and Composition : Midterm: B | Final: A, ML3200 Translation Workshop : Midterm: A | Final: B, ML3250 Spanish Linguistics : Midterm: A | Final: A, VA3100 Visual Culture : Midterm: B | Final: C+,fall 2019, ML3260 Spanish Linguistics: Universals of Grammar : Midterm: B | Final: A, ML3500 Critical Writing and Textual Analysis : Midterm: A | Final: A,VA3200 Art Tutorials I : Midterm: A | Final: A,VA3400 Digital Imaging : Midterm: A | Final: B,spring 2020,VA4200 Art Tutorials II : Midterm: A | Final: A, ML3300 Artistic Expressions of Spain : Midterm: A | Final: A-, ML3310 Topics in Hispanic Cultural Studies : Midterm: B | Final: A, ML3410 Latino/a Writers in the US : Midterm: A | Final: A,fall 2020, ML3650 Latin American Cinema : Midterm: C | Final: B+, ML4100 The Spanish Golden Age : Midterm: A | Final: A, ML3880 Masterpieces of Hispanic Literature : Midterm: A | Final: A, ML4500 Culture and Literature of Spain from the Middle Ages to the 18th century : Midterm: A | Final: A,606b5915962b7170e065a3a5,Full Time,700161822,Fredia Trathen,ZRN2YTgb,8/13/1998,155 Leroy Park,spring 2021, ML4510 Civilization and Culture of Spain : Midterm: A | Final: A, ML4325 Contemporary Theatre of the Hispanic World : Midterm: A | Final: A, ML4350 Recurrent Themes in Latin American Painting and Literature : Midterm: A | Final: B, ML4450 Hispanic Women Writers : Midterm: B | Final: B+,,0
dkohnemanngr@pen.io,Marketing,,,,,,,,,,,,,,,,,,,,,,,,,,,,,,,,,,,,,,,,,,,,,Graduate,fall 2017,VA2010 Intro. to Creative Thinking : Midterm: A | Final: A, IR 2210 Unions & Management: An Intro : Midterm: A | Final: B+,EL 1000 English Comp I : Exposition : Midterm: A | Final: A, MA2310 Calculus and Analytic Geometry I : Midterm: A- | Final: A,spring 2018, MA2300 Calculus for Business & Economics : Midterm: A | Final: A, PE 2650 Intro to U.S. Politics : Midterm: A | Final: A, VA2020 Basic Design : Midterm : A | Final: A, EL 2239 Horror Literature : Midterm : B | Final: A,fall 2018,HI 3640  African History : Midterm: A | Final: A,HI 3835 Islamic Cultures : Midterm : A | Final: A,EL 3010  Structure & Grammar of English : Miderm: A | Final: A, HI 3091 African Cultures : Midterm: B | Final: B-,spring 2019, BU3600 Principles Business Law : Midterm: B | Final: A, BU3800 Marketing: Principles & Concepts : Midterm: A | Final: B, MA2320 Calculus and Analytic Geometry II : Midterm: A | Final: A, VA3100 Visual Culture : Midterm: B | Final: C+,fall 2019, BU3905 Business Communication : Midterm: B | Final: A, IR 3140 Unions & Public Policy : Midterm: A | Final: A,VA3200 Art Tutorials I : Midterm: A | Final: A,VA3400 Digital Imaging : Midterm: A | Final: B,spring 2020,VA4200 Art Tutorials II : Midterm: A | Final: A, IR 3300 CollectiveBarg & GrievanceProc : Midterm: A | Final: A-, BU4110 Organizational Behavior & Management : Midterm: B | Final: A, IR 4320 Labor & Employment Law : Midterm: A | Final: A,fall 2020, BU4762 Financial Management : Midterm: C | Final: B+, BU4800 Marketing Research : Midterm: A | Final: A, BU4820 International Marketing : Midterm: A | Final: A, BU4851 Consumer Behavior : Midterm: A | Final: A,606b5915962b7170e065a3a6,Full Time,700238937,Dave Kohnemann,EG5E18b,10/31/1996,07476 Dryden Point,spring 2021, BU5115 Operations Management : Midterm: A | Final: A, BU5190 Business Strategy & Policy : Midterm: A | Final: A, BU5880 Brand Theory & Strategy : Midterm: A | Final: B, MA5230 Mathematical Statistics : Midterm: B | Final: B+,,0
sscranchergt@networksolutions.com,Marketing,,,,,,,,,,,,,,,,,,,,,,,,,,,,,,,,,,,,,,,,,,,,,Undergraduate - Junior,fall 2018,VA2010 Intro. to Creative Thinking : Midterm: A | Final: A, IR 2210 Unions & Management: An Intro : Midterm: A | Final: B+,,,spring 2019, MA2300 Calculus for Business & Economics : Midterm: A | Final: A, PE 2650 Intro to U.S. Politics : Midterm: A | Final: A,,,fall 2019,HI 3640  African History : Midterm: A | Final: A,HI 3835 Islamic Cultures : Midterm : A | Final: A,,,spring 2020, BU3600 Principles Business Law : Midterm: B | Final: A, BU3800 Marketing: Principles & Concepts : Midterm: A | Final: B,,,fall 2020, BU3905 Business Communication : Midterm: B | Final: A, IR 3140 Unions & Public Policy : Midterm: A | Final: A,,,,,,,,,,,,,606b5915962b7170e065a3a7,Part Time,700183030,Syman Scrancher,Z5p3nxAnmSTW,2/1/1995,48766 Lake View Lane,,,,,,,0
jdeasgs@zimbio.com,Finance,,,,,,,,,,,,,,,,,,,,,,,,,,,,,,,,,,,,,,,,,,,,,Undergraduate - Senior,fall 2017,VA2010 Intro. to Creative Thinking : Midterm: A | Final: A, BU 3502 Principles of Accounting I : Midterm: A | Final: B+,EL 1000 English Comp I : Exposition : Midterm: A | Final: A, MA2310 Calculus and Analytic Geometry I : Midterm: A- | Final: A,spring 2018, MA2000 Applied Statistics : Midterm: A | Final: A, BU 3511Principles of Accounting II : Midterm: A | Final: A, VA2020 Basic Design : Midterm : A | Final: A, EL 2239 Horror Literature : Midterm : B | Final: A,fall 2018,HI 3640  African History : Midterm: A | Final: A,HI 3835 Islamic Cultures : Midterm : A | Final: A,EL 3010  Structure & Grammar of English : Miderm: A | Final: A, HI 3091 African Cultures : Midterm: B | Final: B-,spring 2019, BU 3010 Info Systems For Mgrs : Midterm: B | Final: A, BU 4500 Intermediate Accounting I : Midterm: A | Final: B, BU 4720   Global Financial Markets : Midterm: A | Final: A, VA3100 Visual Culture : Midterm: B | Final: C+,fall 2019, BU 4510 Intermediate Accounting II : Midterm: B | Final: A, BU 4774   Financial Markets & Inst : Midterm: A | Final: A,VA3200 Art Tutorials I : Midterm: A | Final: A,VA3400 Digital Imaging : Midterm: A | Final: B,spring 2020,VA4200 Art Tutorials II : Midterm: A | Final: A, BU 4570 Federal Income Tax I: Midterm: A | Final: A-, BU 4590 Cost Accounting : Midterm: B | Final: A, BU 5115  Operations Management : Midterm: A | Final: A,fall 2020, BU 5190  Business Strategy & Policy : Midterm: C | Final: B+, BU 5710   Fin. Modeling & Forecasting : Midterm: A | Final: A, BU 5505 Essentials-Gov't&Non-ProfAcctg : Midterm: A | Final: A, BU 5525 International Accounting : Midterm: A | Final: A,606b5915962b7170e065a3a8,Full Time,700071014,Johnna Deas,j9bMhG5AuR,7/19/1998,13 Hintze Center,,,,,,,0
ktillygx@is.gd,Health and Society,,,,,,,,,,,,,,,,,,,,,,,,,,,,,,,,,,,,,,,,,,,,,Undergraduate - Freshman,,,,,,,,,,,,,,,,,,,,,,,,,,,,,,,,,,,,606b5915962b7170e065a3a9,Full Time,700918244,Kristen Tilly,Er1wXJ9b,6/9/1995,79819 Waywood Court,,,,,,,0
dtappingv@webmd.com,Psychology,,,,,,,,,,,,,,,,,,,,,,,,,,,,,,,,,,,,,,,,,,,,,Undergraduate - Freshman,,,,,,,,,,,,,,,,,,,,,,,,,,,,,,,,,,,,606b5915962b7170e065a3aa,Part Time,700763650,Danice Tappin,Zzg75KvXBc,7/2/1997,88 Hansons Lane,,,,,,,0
bsalmangy@home.pl,Industrial and Labor Relations,,,,,,,,,,,,,,,,,,,,,,,,,,,,,,,,,,,,,,,,,,,,,Undergraduate - Sophomore,fall 2019,VA2010 Intro. to Creative Thinking : Midterm: A | Final: A, PE 2650 Intro to U.S. Politics : Midterm: A | Final: B+,EL 1000 English Comp I : Exposition : Midterm: A | Final: A,MA 1020 College Algebra : Midterm: A- | Final: A,spring 2020, MA2300 Calculus for Business & Economics : Midterm: A | Final: A, IR 2210 Unions & Management: An Intro : Midterm: A | Final: A, VA2020 Basic Design : Midterm : A | Final: A, EL 2239 Horror Literature : Midterm : B | Final: A,fall 2020,HI 3640  African History : Midterm: A | Final: A,HI 3835 Islamic Cultures : Midterm: A | Final: A,EL 3010  Structure & Grammar of English : Miderm: A | Final: A, HI 3091 African Cultures : Midterm: B | Final: B-,,,,,,,,,,,,,,,,,,,,,606b5915962b7170e065a3ab,Full Time,700608367,Barbabra Salman,hMKcvRi,11/7/1996,7 Sutteridge Hill,,,,,,,0
dduchesnegw@economist.com,Biological Sciences,,,,,,,,,,,,,,,,,,,,,,,,,,,,,,,,,,,,,,,,,,,,,Undergraduate - Junior,fall 2018,VA2010 Intro. to Creative Thinking : Midterm: A | Final: A, BS2490 Environmental Science : Midterm: A | Final: B+,EL 1000 English Comp I : Exposition : Midterm: A | Final: A,MA 1020 College Algebra : Midterm: A- | Final: A,spring 2019, BS3400 Vertebrate Physiology : Midterm: A | Final: A, BS3450 Plant Biology : Midterm: A | Final: A, VA2020 Basic Design : Midterm : A | Final: A, EL 2239 Horror Literature : Midterm : B | Final: A,fall 2019,HI 3640  African History : Midterm: A | Final: A,HI 3835 Islamic Cultures : Midterm: A | Final: A,EL 3010  Structure & Grammar of English : Miderm: A | Final: A, HI 3091 African Cultures : Midterm: B | Final: B-,spring 2020, BS3510 Parasitology : Midterm: B | Final: A, BS3531 Comparative Genomics Lab : Midterm: A | Final: B, BS3530 Comparative Genomics : Midterm: A | Final: A, VA3100 Visual Culture : Midterm: B | Final: C+,fall 2020, BS3520 Comparative Anatomy : Midterm: B | Final: A, BS3710 Environmental Physiology : Midterm: A | Final: A,VA3200 Art Tutorials I : Midterm: A | Final: A,VA3400 Digital Imaging : Midterm: A | Final: B,,,,,,,,,,,606b5915962b7170e065a3ac,Full Time,700112815,Donia Duchesne,cI8FkAgx0lXw,9/3/1997,04634 Saint Paul Park,,,,,,,0
hhexhamgz@mapquest.com,Biological Sciences,,,,,,,,,,,,,,,,,,,,,,,,,,,,,,,,,,,,,,,,,,,,,Graduate,fall 2017,VA2010 Intro. to Creative Thinking : Midterm: A | Final: A, BS2490 Environmental Science : Midterm: A | Final: B+,EL 1000 English Comp I : Exposition : Midterm: A | Final: A,MA 1020 College Algebra : Midterm: A- | Final: A,spring 2018, BS3400 Vertebrate Physiology : Midterm: A | Final: A, BS3450 Plant Biology : Midterm: A | Final: A, VA2020 Basic Design : Midterm : A | Final: A, EL 2239 Horror Literature : Midterm : B | Final: A,fall 2018,HI 3640  African History : Midterm: A | Final: A,HI 3835 Islamic Cultures : Midterm: A | Final: A,EL 3010  Structure & Grammar of English : Miderm: A | Final: A, HI 3091 African Cultures : Midterm: B | Final: B-,spring 2019, BS3510 Parasitology : Midterm: B | Final: A, BS3531 Comparative Genomics Lab : Midterm: A | Final: B, BS3530 Comparative Genomics : Midterm: A | Final: A, VA3100 Visual Culture : Midterm: B | Final: C+,fall 2019, BS3520 Comparative Anatomy : Midterm: B | Final: A, BS3710 Environmental Physiology : Midterm: A | Final: A,VA3200 Art Tutorials I : Midterm: A | Final: A,VA3400 Digital Imaging : Midterm: A | Final: B,spring 2020,VA4200 Art Tutorials II : Midterm: A | Final: A, BS3810  Biological Aspects of Aging : Midterm: A | Final: A-, BS4400 Cell Biology : Midterm: B | Final: A, BS4460 Genetics : Midterm: A | Final: A,fall 2020, BS4440 Evolution : Midterm: C | Final: B+, BS4410  Histology : Midterm: A | Final: A, BS4420  Microbiology : Midterm: A | Final: A, BS4430  Developmental Biology : Midterm: A | Final: A,606b5915962b7170e065a3ad,Full Time,700114591,Hester Hexham,nYfvrIzg0,11/24/1996,5623 Havey Point,spring 2021, BS4461  Immunology : Midterm: A | Final: A, BS4470  Ecology : Midterm: A | Final: A, MA5230 Mathematical Statistics : Midterm: A | Final: B, MA5380 Complex Analysis : Midterm: B | Final: B+,,0
dmccloshgu@bbc.co.uk,English,,,,,,,,,,,,,,,,,,,,,,,,,,,,,,,,,,,,,,,,,,,,,Graduate,fall 2017,VA2010 Intro. to Creative Thinking : Midterm: A | Final: A, HI1010 World Religions: West : Midterm: A | Final: B+,EL 1000 English Comp I : Exposition : Midterm: A | Final: A,MA 1020 College Algebra : Midterm: A- | Final: A,spring 2018, EL 2239 Horror Literature : Midterm: A | Final: A, 2410  Basic Bio Sciences II : Midterm: A | Final: A, VA2020 Basic Design : Midterm : A | Final: A, EL 3010  Structure & Grammar of English : Midterm : B | Final: A,fall 2018,HI 3640  African History : Midterm: A | Final: A,HI 3835 Islamic Cultures : Midterm: A | Final: A, EL 3500  Lit Across Cultures I:Analysis : Miderm: A | Final: A, HI 3091 African Cultures : Midterm: B | Final: B-,spring 2019, EL 3510  Lit Across Cultures II:Theory : Midterm: B | Final: A, EL 3600 US Literature I : Midterm: A | Final: B, EL 3800 Eng Lit I:Beowulf-18th Century : Midterm: A | Final: A, VA3100 Visual Culture : Midterm: B | Final: C+,fall 2019, EL 3610  US Literature II : Midterm: B | Final: A, EL 3810  Eng Lit II:Romantics - Present : Midterm: A | Final: A,VA3200 Art Tutorials I : Midterm: A | Final: A,VA3400 Digital Imaging : Midterm: A | Final: B,spring 2020,VA4200 Art Tutorials II : Midterm: A | Final: A, EL 3560  Literatures of Europe:Part I : Midterm: A | Final: A-, EL 3950  Creative Non-Fiction : Midterm: B | Final: A, EL 4311 Greek Drama : Midterm: A | Final: A,fall 2020, EL 3561 Literatures of Europe:Part II : Midterm: C | Final: B+, EL 4312 Greek Mythology : Midterm: A | Final: A, EL 4325 Shakespeare: Selected Plays : Midterm: A | Final: A, EL 4400  Critical Theory : Midterm: A | Final: A,606b5915962b7170e065a3ae,Full Time,700075079,Domini McClosh,Avkzzzpyt9C,1/1/1996,34 Debs Terrace,spring 2021, EL 4402 Sin & Sexuality in Literature : Midterm: A | Final: A, EL 4500 Topics in British/US Lit : Midterm: A | Final: A, EL 4510  Modern Drama & Theatre : Midterm: A | Final: B, SY 5990  Senior Seminar : Midterm: B | Final: B+,,0
lrivallanth0@slideshare.net,Biological Sciences,,,,,,,,,,,,,,,,,,,,,,,,,,,,,,,,,,,,,,,,,,,,,Undergraduate - Sophomore,fall 2019,VA2010 Intro. to Creative Thinking : Midterm: A | Final: A, BS2490 Environmental Science : Midterm: A | Final: B+,EL 1000 English Comp I : Exposition : Midterm: A | Final: A,MA 1020 College Algebra : Midterm: A- | Final: A,spring 2020, BS3400 Vertebrate Physiology : Midterm: A | Final: A, BS3450 Plant Biology : Midterm: A | Final: A, VA2020 Basic Design : Midterm : A | Final: A, EL 2239 Horror Literature : Midterm : B | Final: A,fall 2020,HI 3640  African History : Midterm: A | Final: A,HI 3835 Islamic Cultures : Midterm: A | Final: A,EL 3010  Structure & Grammar of English : Miderm: A | Final: A, HI 3091 African Cultures : Midterm: B | Final: B-,,,,,,,,,,,,,,,,,,,,,606b5915962b7170e065a3af,Full Time,700968211,Legra Rivallant,bWz2orsA,10/3/1997,60914 Ronald Regan Parkway,,,,,,,0
mbarttrumh2@columbia.edu,Adolescence Education: Social Studies (7-12),,,,,,,,,,,,,,,,,,,,,,,,,,,,,,,,,,,,,,,,,,,,,Undergraduate - Sophomore,fall 2019,VA2010 Intro. to Creative Thinking : Midterm: A | Final: A, HI 2681 Intro to Europe Hist:1350-Present : Midterm: A | Final: B+,,,spring 2020, AS 2112 American People I : Midterm: A | Final: A, HI 3080  Asian Cultures : Midterm: A | Final: A,,,fall 2020,HI 3640  African History : Midterm: A | Final: A,HI 3835 Islamic Cultures : Midterm: A | Final: A,,,,,,,,,,,,,,,,,,,,,,,606b5915962b7170e065a3b0,Part Time,700206400,Meggy Barttrum,zyV0F869QX,6/3/1996,3827 Shoshone Alley,,,,,,,0
fferribyh1@nsw.gov.au,History,,,,,,,,,,,,,,,,,,,,,,,,,,,,,,,,,,,,,,,,,,,,,Undergraduate - Junior,fall 2018,VA2010 Intro. to Creative Thinking: Midterm: A | Final: A,AS 2112 American People I : Midterm: A | Final: B+,EL 1000 English Comp I: Exposition: Midterm: A | Final: A,MA 1020 College Algebra: Midterm: A- | Final: A,spring 2019,AS 2122 American People II : Midterm: A | Final: A, HI 2681 Intro to Europe Hist:1350-Present: Midterm: A | Final: A, VA2020 Basic Design : Midterm: A | Final: A,HI 3110 Latin American Culture : Midterm: B | Final: A,fall 2019,HI 3640  African History : Midterm: A | Final: A,HI 3835 Islamic Cultures : Midterm: A | Final: A,EL 3010  Structure & Grammar of English : Midterm: A | Final: A, HI 3091 African Cultures: Midterm: B | Final: B-,spring 2020,HI 4308 History Modern Middle East: Midterm: B | Final: A,HI 4632 Japanese History Through Literature : Midterm: A | Final: B,HI 4800  History of India : Midterm: A | Final: A,HI 4900 Modern China-Study Abroad: Midterm: B | Final: C+,fall 2020,PE 4690 Politics of Lat Amer/Caribbean : Midterm: B | Final: A,HI 4001 19th Century : Midterm: A | Final: A,VA3200 Art Tutorials I: Midterm: A | Final: A,VA3400 Digital Imaging : Midterm: A | Final: B,,,,,,,,,,,606b5915962b7170e065a3b1,Full Time,700827745,Finlay Ferriby,xstyetCWE3,12/1/1998,37 Mallory Way,,,,,,,0
goh3@slate.com,Sociology,,,,,,,,,,,,,,,,,,,,,,,,,,,,,,,,,,,,,,,,,,,,,Undergraduate - Freshman,,,,,,,,,,,,,,,,,,,,,,,,,,,,,,,,,,,,606b5915962b7170e065a3b2,Part Time,700578222,Gerik O' Timony,YCdFxY,7/12/1996,72 Harper Way,,,,,,,0
wsmitherhamh4@chicagotribune.com,Spanish Language,,,,,,,,,,,,,,,,,,,,,,,,,,,,,,,,,,,,,,,,,,,,,Undergraduate - Freshman,,,,,,,,,,,,,,,,,,,,,,,,,,,,,,,,,,,,606b5915962b7170e065a3b3,Part Time,700276720,Wanids Smitherham,XMS9e7ITAt,1/19/1996,7 Laurel Parkway,,,,,,,0
jjerrardh5@fc2.com,Sociology,,,,,,,,,,,,,,,,,,,,,,,,,,,,,,,,,,,,,,,,,,,,,Undergraduate - Freshman,,,,,,,,,,,,,,,,,,,,,,,,,,,,,,,,,,,,606b5915962b7170e065a3b4,Full Time,700964337,Jacki Jerrard,kIgVoYUNQH,6/10/1997,5350 Carberry Way,,,,,,,0
vbaldockh7@ocn.ne.jp,Marketing,,,,,,,,,,,,,,,,,,,,,,,,,,,,,,,,,,,,,,,,,,,,,Undergraduate - Freshman,,,,,,,,,,,,,,,,,,,,,,,,,,,,,,,,,,,,606b5915962b7170e065a3b5,Full Time,700403641,Vlad Baldock,3U61rpCQ,1/1/1998,20 Truax Circle,,,,,,,0
igiovannaccih6@youku.com,Biochemistry,,,,,,,,,,,,,,,,,,,,,,,,,,,,,,,,,,,,,,,,,,,,,Undergraduate - Sophomore,fall 2019,VA2010 Intro. to Creative Thinking : Midterm: A | Final: A, BS 2400 Basic Bio Sciences I : Midterm: A | Final: B+,EL 1000 English Comp I : Exposition : Midterm: A | Final: A,MA 1020 College Algebra : Midterm: A- | Final: A,spring 2020, CP 2120 Principles of Chemistry I : Midterm: A | Final: A, CP 2121 Principles of Chemistry Lab I : Midterm: A | Final: A, VA2020 Basic Design : Midterm : A | Final: A, EL 2239 Horror Literature : Midterm : B | Final: A,fall 2020,HI 3640  African History : Midterm: A | Final: A,HI 3835 Islamic Cultures : Midterm : A | Final: A,EL 3010  Structure & Grammar of English : Miderm: A | Final: A, HI 3091 African Cultures : Midterm: B | Final: B-,,,,,,,,,,,,,,,,,,,,,606b5915962b7170e065a3b6,Full Time,700150586,Irene Giovannacc@i,oselfVa8vwu,8/23/1997,91593 Nelson Avenue,,,,,,,0
abonifacehb@google.fr,Adolescence Education: Biology (7-12),,,,,,,,,,,,,,,,,,,,,,,,,,,,,,,,,,,,,,,,,,,,,Graduate,fall 2017,VA2010 Intro. to Creative Thinking : Midterm: A | Final: A, BS2490 Environmental Science : Midterm: A | Final: B+,EL 1000 English Comp I : Exposition : Midterm: A | Final: A,MA 1020 College Algebra : Midterm: A- | Final: A,spring 2018, BS3450 Plant Biology : Midterm: A | Final: A, BS3520 Comparative Anatomy : Midterm: A | Final: A, VA2020 Basic Design : Midterm : A | Final: A, EL 2239 Horror Literature : Midterm : B | Final: A,fall 2018,HI 3640  African History : Midterm: A | Final: A,HI 3835 Islamic Cultures : Midterm: A | Final: A,EL 3010  Structure & Grammar of English : Miderm: A | Final: A, HI 3091 African Cultures : Midterm: B | Final: B-,spring 2019, PY3110 Research Methods I: (Orientation) : Midterm: B | Final: A, PY2340 Community Psychology : Midterm: A | Final: B, PY3420 Learning & Motivation : Midterm: A | Final: A, VA3100 Visual Culture : Midterm: B | Final: C+,fall 2019, BS4400  Cell Biology : Midterm: B | Final: A, BS4420  Microbiology : Midterm: A | Final: A,VA3200 Art Tutorials I : Midterm: A | Final: A,VA3400 Digital Imaging : Midterm: A | Final: B,spring 2020,VA4200 Art Tutorials II : Midterm: A | Final: A, BS4430  Developmental Biology : Midterm: A | Final: A-, BS4470  Ecology : Midterm: B | Final: A, ED 6000 Foundations of Education : Midterm: A | Final: A,fall 2020, ED 6001 Human Growth&Dvlpmnt MAT : Midterm: C | Final: B+, ED 6002 Foundations of Literacy MAT : Midterm: A | Final: A, ED 6003 The Exceptional Learner MAT : Midterm: A | Final: A, ED 6900 Student Teaching: Science : Midterm: A | Final: A,606b5915962b7170e065a3b7,Full Time,700663071,Alphonso Boniface,6yAjXktezGv,11/17/1998,02917 Katie Center,spring 2021, CP 6560 Topics:Molecular Bio & BioChem : Midterm: A | Final: A, BS 6590 Topics: Environmental Science : Midterm: A | Final: A, BS 6630  Developmental Biology/MAT : Midterm: A | Final: B, ED 6250 Teachng Ntr&Dvlmnt Science MAT : Midterm: B | Final: B+,,0
dbowskillha@mayoclinic.com,Adolescence Education: Chemistry (7-12),,,,,,,,,,,,,,,,,,,,,,,,,,,,,,,,,,,,,,,,,,,,,Undergraduate - Sophomore,fall 2019,VA2010 Intro. to Creative Thinking : Midterm: A | Final: A, BS 2400 Basic Bio Sciences I : Midterm: A | Final: B+,EL 1000 English Comp I : Exposition : Midterm: A | Final: A,MA 1020 College Algebra : Midterm: A- | Final: A,spring 2020, CP 2120 Principles of Chemistry I : Midterm: A | Final: A, CP 2121 Principles of Chemistry Lab I : Midterm: A | Final: A, VA2020 Basic Design : Midterm : A | Final: A, EL 2239 Horror Literature : Midterm : B | Final: A,fall 2020,HI 3640  African History : Midterm: A | Final: A,HI 3835 Islamic Cultures : Midterm: A | Final: A,EL 3010  Structure & Grammar of English : Miderm: A | Final: A, HI 3091 African Cultures : Midterm: B | Final: B-,,,,,,,,,,,,,,,,,,,,,606b5915962b7170e065a3b8,Full Time,700923508,Damita Bowskill,DlLuok9,1/29/1995,4 Village Plaza,,,,,,,0
rwollandhd@squidoo.com,Finance,,,,,,,,,,,,,,,,,,,,,,,,,,,,,,,,,,,,,,,,,,,,,Undergraduate - Junior,fall 2018,VA2010 Intro. to Creative Thinking : Midterm: A | Final: A, BU 3502 Principles of Accounting I : Midterm: A | Final: B+,EL 1000 English Comp I : Exposition : Midterm: A | Final: A, MA2310 Calculus and Analytic Geometry I : Midterm: A- | Final: A,spring 2019, MA2000 Applied Statistics : Midterm: A | Final: A, BU 3511Principles of Accounting II : Midterm: A | Final: A, VA2020 Basic Design : Midterm : A | Final: A, EL 2239 Horror Literature : Midterm : B | Final: A,fall 2019,HI 3640  African History : Midterm: A | Final: A,HI 3835 Islamic Cultures : Midterm : A | Final: A,EL 3010  Structure & Grammar of English : Miderm: A | Final: A, HI 3091 African Cultures : Midterm: B | Final: B-,spring 2020, BU 3010 Info Systems For Mgrs : Midterm: B | Final: A, BU 4500 Intermediate Accounting I : Midterm: A | Final: B, BU 4720   Global Financial Markets : Midterm: A | Final: A, VA3100 Visual Culture : Midterm: B | Final: C+,fall 2020, BU 4510 Intermediate Accounting II : Midterm: B | Final: A, BU 4774   Financial Markets & Inst : Midterm: A | Final: A,VA3200 Art Tutorials I : Midterm: A | Final: A,VA3400 Digital Imaging : Midterm: A | Final: B,,,,,,,,,,,606b5915962b7170e065a3b9,Full Time,700483281,Rubina Wolland,NlFjP7A,9/23/1997,860 Dottie Terrace,,,,,,,0
eabeleshc@purevolume.com,Childhood Education (1-6),,,,,,,,,,,,,,,,,,,,,,,,,,,,,,,,,,,,,,,,,,,,,Undergraduate - Senior,fall 2017,VA2010 Intro. to Creative Thinking : Midterm: A | Final: A, PY2010 Introduction to Psychology : Midterm: A | Final: B+,EL 1000 English Comp I : Exposition : Midterm: A | Final: A,MA 1020 College Algebra : Midterm: A- | Final: A,spring 2018, PY2340 Community Psychology : Midterm: A | Final: A, PY2530 Psychology of Prejudice : Midterm: A | Final: A, VA2020 Basic Design : Midterm : A | Final: A, EL 2239 Horror Literature : Midterm : B | Final: A,fall 2018,HI 3640  African History : Midterm: A | Final: A,HI 3835 Islamic Cultures : Midterm: A | Final: A,EL 3010  Structure & Grammar of English : Miderm: A | Final: A, HI 3091 African Cultures : Midterm: B | Final: B-,spring 2019, PY2720 Psychology of Gender : Midterm: B | Final: A, ED3700 Child Development for Teachers : Midterm: A | Final: B, ED3820 Foundations of Special Education : Midterm: A | Final: A, VA3100 Visual Culture : Midterm: B | Final: C+,fall 2019, ED3950 Creating Schools for a Just Society : Midterm: B | Final: A, PY3110 Research Methods I: (Orientation) : Midterm: A | Final: A,VA3200 Art Tutorials I : Midterm: A | Final: A,VA3400 Digital Imaging : Midterm: A | Final: B,spring 2020,VA4200 Art Tutorials II : Midterm: A | Final: A, PY3215 Foundations of Child Development : Midterm: A | Final: A-, PY3310 Abnormal Human Behavior : Midterm: B | Final: A, PY3420 Learning & Motivation : Midterm: A | Final: A,fall 2020, PY3510 Social Psychology : Midterm: C | Final: B+, PY3610 Brain & Behavior : Midterm: A | Final: A, ED4121 Methods & Materials of Teaching Elementary Science Methods : Midterm: A | Final: A, ED4122 Methods & Materials of Teaching Elementary Math Methods : Midterm: A | Final: A,606b5915962b7170e065a3ba,Full Time,700557332,Emanuele Abeles,LOn9Nhp7c,2/25/1996,1915 Redwing Terrace,,,,,,,0
rcucheyh8@amazon.de,Chemistry,,,,,,,,,,,,,,,,,,,,,,,,,,,,,,,,,,,,,,,,,,,,,Undergraduate - Senior,fall 2017,VA2010 Intro. to Creative Thinking : Midterm: A | Final: A, CP 2120 Principles of Chemistry I : Midterm: A | Final: B+,,,spring 2018, MA2310 Calculus and Analytic Geometry I : Midterm: A | Final: A, CP 2130  Principles of Chemistry II : Midterm: A | Final: A,,,fall 2018,HI 3640  African History : Midterm: A | Final: A,HI 3835 Islamic Cultures : Midterm: A | Final: A,,,spring 2019, EL 2239 Horror Literature : Midterm: B | Final: A, CP 2240  General Physics I : Midterm: A | Final: B,,,fall 2019, CP 2251 General Physics II Lab : Midterm: B | Final: A, CP 2250 General Physics II : Midterm: A | Final: A,,,spring 2020,VA4200 Art Tutorials II : Midterm: A | Final: A, CP 3300 Organic Chemistry I : Midterm: A | Final: A-,,,fall 2020, CP 4700  Physical Chemistry I : Midterm: C | Final: B+, CP 4720  Physical Chemistry Lab : Midterm: A | Final: A,,,606b5915962b7170e065a3bb,Part Time,700943025,Ryun Cuchey,lBsJ0UfF,10/3/1995,46 Melrose Way,,,,,,,0
wszymonihf@php.net,Psychology,,,,,,,,,,,,,,,,,,,,,,,,,,,,,,,,,,,,,,,,,,,,,Undergraduate - Senior,fall 2017,VA2010 Intro. to Creative Thinking: Midterm: A | Final: A, PY2010 Introduction to Psychology : Midterm: A | Final: B+,EL 1000 English Comp I: Exposition: Midterm: A | Final: A,MA 1020 College Algebra: Midterm: A- | Final: A,spring 2018, PY2530 Psychology of Prejudice : Midterm: A | Final: A, PY2720 Psychology of Gender: Midterm: A | Final: A, VA2020 Basic Design : Midterm: A | Final: A, EL 2239 Horror Literature : Midterm: B | Final: A,fall 2018,HI 3640  African History : Midterm: A | Final: A,HI 3835 Islamic Cultures : Midterm: A | Final: A,EL 3010  Structure & Grammar of English : Miderm: A | Final: A, HI 3091 African Cultures: Midterm: B | Final: B-,spring 2019, PY3110 Research Methods I: (Orientation): Midterm: B | Final: A, PY2340 Community Psychology : Midterm: A | Final: B, PY3420 Learning & Motivation : Midterm: A | Final: A, VA3100 Visual Culture: Midterm: B | Final: C+,fall 2019, PY3120 Research Methods II: (Statistics) : Midterm: B | Final: A, PY3610 Brain & Behavior: A | Final: A,VA3200 Art Tutorials I: Midterm: A | Final: A,VA3400 Digital Imaging : Midterm: A | Final: B,spring 2020,VA4200 Art Tutorials II: Midterm: A | Final: A, PY4100 Research Methods III (Advanced Research Skills) : Midterm: A | Final: A-, PY3620 Drugs & Behavior : Midterm: B | Final: A, PY3215 Foundations of Child Development : Midterm: A | Final: A,fall 2020, PY4130 Field Experience and Research : Midterm: C | Final: B+, PY3310 Abnormal Human Behavior : Midterm: A | Final: A, PY3311 Theories of Personality : Midterm: A | Final: A, PY3410 Cognitive Psychology: Midterm: A | Final: A,606b5915962b7170e065a3bc,Full Time,700211099,Waverly Szymoni,Upiveyhry4R,11/18/1997,13626 Oakridge Junction,,,,,,,0
caddenbrookehe@e-recht24.de,Business Administration,,,,,,,,,,,,,,,,,,,,,,,,,,,,,,,,,,,,,,,,,,,,,Graduate,fall 2017,VA2010 Intro. to Creative Thinking : Midterm: A | Final: A, AS 2112 American People I : Midterm: A | Final: B+,EL 1000 English Comp I : Exposition : Midterm: A | Final: A,MA 1020 College Algebra : Midterm: A- | Final: A,spring 2018, AS 2122 American People II : Midterm: A | Final: A, MA 2300 Calc/Business & Economics : Midterm: A | Final: A, VA2020 Basic Design : Midterm : A | Final: A, EL 2239 Horror Literature : Midterm : B | Final: A,fall 2018,HI 3640  African History : Midterm: A | Final: A,HI 3835 Islamic Cultures : Midterm : A | Final: A,EL 3010  Structure & Grammar of English : Miderm: A | Final: A, HI 3091 African Cultures : Midterm: B | Final: B-,spring 2019, BU 3010 Information Systems for Managers : Midterm: B | Final: A, BU 3502 Principles of Accounting I : Midterm: A | Final: B, BU3600 Principles Business Law : Midterm: A | Final: A, VA3100 Visual Culture : Midterm: B | Final: C+,fall 2019, BU 3511 Principles of Accounting II : Midterm: B | Final: A, BU3905 Business Communication : Midterm: A | Final: A,VA3200 Art Tutorials I : Midterm: A | Final: A,VA3400 Digital Imaging : Midterm: A | Final: B,spring 2020,VA4200 Art Tutorials II : Midterm: A | Final: A, BU 4110 Organizational Behavior & Mgmt : Midterm: A | Final: A-, BU 4120  Global Business : Midterm: B | Final: A, BU 4035 Web Sys & Electronic Commerce : Midterm: A | Final: A,fall 2020, BU 4130 Entrepreneurship : Midterm: C | Final: B+, BU4820 International Marketing : Midterm: A | Final: A, BU4851 Consumer Behavior : Midterm: A | Final: A, BU3800 Marketing: Principles & Concepts : Midterm: A | Final: A,606b5915962b7170e065a3bd,Full Time,700865407,Christyna Addenbrooke,bzI4Q7NvbiQN,6/17/1995,17234 Victoria Crossing,spring 2021, BU 5196 Leadership : Midterm: A | Final: A, BU 5171 Human Resource Management : Midterm: A | Final: A, BU5841 Strategic Marketing : Midterm: A | Final: B, BU 5195 Management Seminar : Midterm: B | Final: B+,,0
dkiddsh9@cyberchimps.com,Criminology,,,,,,,,,,,,,,,,,,,,,,,,,,,,,,,,,,,,,,,,,,,,,Undergraduate - Sophomore,fall 2019,VA2010 Intro. to Creative Thinking : Midterm: A | Final: A, SY 1500  Intro Sociology : Midterm: A | Final: B+,,,spring 2020, CR 1500 Intro to Criminology : Midterm: A | Final: A, CR 2090  Juvenile Delinquency : Midterm: A | Final: A,,,fall 2020,HI 3640  African History : Midterm: A | Final: A,HI 3835 Islamic Cultures : Midterm: A | Final: A,,,,,,,,,,,,,,,,,,,,,,,606b5915962b7170e065a3be,Part Time,700920877,Dane Kidds,MmNHEpJ,8/10/1995,167 Golden Leaf Parkway,,,,,,,0
jbarnewellhg@time.com,Business Administration,,,,,,,,,,,,,,,,,,,,,,,,,,,,,,,,,,,,,,,,,,,,,Undergraduate - Senior,fall 2017,VA2010 Intro. to Creative Thinking : Midterm: A | Final: A, AS 2112 American People I : Midterm: A | Final: B+,EL 1000 English Comp I : Exposition : Midterm: A | Final: A,MA 1020 College Algebra : Midterm: A- | Final: A,spring 2018, AS 2122 American People II : Midterm: A | Final: A, MA 2300 Calc/Business & Economics : Midterm: A | Final: A, VA2020 Basic Design : Midterm : A | Final: A, EL 2239 Horror Literature : Midterm : B | Final: A,fall 2018,HI 3640  African History : Midterm: A | Final: A,HI 3835 Islamic Cultures : Midterm : A | Final: A,EL 3010  Structure & Grammar of English : Miderm: A | Final: A, HI 3091 African Cultures : Midterm: B | Final: B-,spring 2019, BU 3010 Information Systems for Managers : Midterm: B | Final: A, BU 3502 Principles of Accounting I : Midterm: A | Final: B, BU3600 Principles Business Law : Midterm: A | Final: A, VA3100 Visual Culture : Midterm: B | Final: C+,fall 2019, BU 3511 Principles of Accounting II : Midterm: B | Final: A, BU3905 Business Communication : Midterm: A | Final: A,VA3200 Art Tutorials I : Midterm: A | Final: A,VA3400 Digital Imaging : Midterm: A | Final: B,spring 2020,VA4200 Art Tutorials II : Midterm: A | Final: A, BU 4110 Organizational Behavior & Mgmt : Midterm: A | Final: A-, BU 4120  Global Business : Midterm: B | Final: A, BU 4035 Web Sys & Electronic Commerce : Midterm: A | Final: A,fall 2020, BU 4130 Entrepreneurship : Midterm: C | Final: B+, BU4820 International Marketing : Midterm: A | Final: A, BU4851 Consumer Behavior : Midterm: A | Final: A, BU3800 Marketing: Principles & Concepts : Midterm: A | Final: A,606b5915962b7170e065a3bf,Full Time,700202917,Jeniffer Barnewell,QCMhViM9QQD,8/17/1997,929 Grim Plaza,,,,,,,0
shenburyhj@people.com.cn,Business Administration,,,,,,,,,,,,,,,,,,,,,,,,,,,,,,,,,,,,,,,,,,,,,Undergraduate - Senior,fall 2017,VA2010 Intro. to Creative Thinking : Midterm: A | Final: A, AS 2112 American People I : Midterm: A | Final: B+,,,spring 2018, AS 2122 American People II : Midterm: A | Final: A, MA 2300 Calc/Business & Economics : Midterm: A | Final: A,,,fall 2018,HI 3640  African History : Midterm: A | Final: A,HI 3835 Islamic Cultures : Midterm : A | Final: A,,,spring 2019, BU 3010 Information Systems for Managers : Midterm: B | Final: A, BU 3502 Principles of Accounting I : Midterm: A | Final: B,,,fall 2019, BU 3511 Principles of Accounting II : Midterm: B | Final: A, BU3905 Business Communication : Midterm: A | Final: A,,,spring 2020,VA4200 Art Tutorials II : Midterm: A | Final: A, BU 4110 Organizational Behavior & Mgmt : Midterm: A | Final: A-,,,fall 2020, BU 4130 Entrepreneurship : Midterm: C | Final: B+, BU4820 International Marketing : Midterm: A | Final: A,,,606b5915962b7170e065a3c0,Part Time,700293870,Sherlocke Henbury,GjyGRYoQPnn,10/11/1995,45646 Vidon Place,,,,,,,0
urosengrenhl@wp.com,Biochemistry,,,,,,,,,,,,,,,,,,,,,,,,,,,,,,,,,,,,,,,,,,,,,Undergraduate - Freshman,,,,,,,,,,,,,,,,,,,,,,,,,,,,,,,,,,,,606b5915962b7170e065a3c1,Part Time,700217744,Ursala Rosengren,Wsqp9x,9/12/1998,82426 Ilene Street,,,,,,,0
isukbhanshk@topsy.com,Spanish Language,,,,,,,,,,,,,,,,,,,,,,,,,,,,,,,,,,,,,,,,,,,,,Graduate,fall 2017,VA2010 Intro. to Creative Thinking : Midterm: A | Final: A, ML2100 Intermediate Spanish Conversation I : Midterm: A | Final: B+,EL 1000 English Comp I : Exposition : Midterm: A | Final: A,MA 1020 College Algebra : Midterm: A- | Final: A,spring 2018, ML2110 Intermediate Spanish Conversation II : Midterm: A | Final: A, ML3100 Advanced Spanish Conversation and Composition : Midterm: A | Final: A, VA2020 Basic Design : Midterm : A | Final: A, EL 2239 Horror Literature : Midterm : B | Final: A,fall 2018,HI 3640  African History : Midterm: A | Final: A,HI 3835 Islamic Cultures : Midterm : A | Final: A,EL 3010  Structure & Grammar of English : Miderm: A | Final: A, HI 3091 African Cultures : Midterm: B | Final: B-,spring 2019, ML3362 Advanced Spanish Grammar and Composition : Midterm: B | Final: A, ML3200 Translation Workshop : Midterm: A | Final: B, ML3250 Spanish Linguistics : Midterm: A | Final: A, VA3100 Visual Culture : Midterm: B | Final: C+,fall 2019, ML3260 Spanish Linguistics: Universals of Grammar : Midterm: B | Final: A, ML3500 Critical Writing and Textual Analysis : Midterm: A | Final: A,VA3200 Art Tutorials I : Midterm: A | Final: A,VA3400 Digital Imaging : Midterm: A | Final: B,spring 2020,VA4200 Art Tutorials II : Midterm: A | Final: A, ML3300 Artistic Expressions of Spain : Midterm: A | Final: A-, ML3310 Topics in Hispanic Cultural Studies : Midterm: B | Final: A, ML3410 Latino/a Writers in the US : Midterm: A | Final: A,fall 2020, ML3650 Latin American Cinema : Midterm: C | Final: B+, ML4100 The Spanish Golden Age : Midterm: A | Final: A, ML3880 Masterpieces of Hispanic Literature : Midterm: A | Final: A, ML4500 Culture and Literature of Spain from the Middle Ages to the 18th century : Midterm: A | Final: A,606b5915962b7170e065a3c2,Full Time,700870605,Inigo Sukbhans,wUbRRMan,7/7/1998,743 Nova Center,spring 2021, ML4510 Civilization and Culture of Spain : Midterm: A | Final: A, ML4325 Contemporary Theatre of the Hispanic World : Midterm: A | Final: A, ML4350 Recurrent Themes in Latin American Painting and Literature : Midterm: A | Final: B, ML4450 Hispanic Women Writers : Midterm: B | Final: B+,,0
rbettenayhm@ca.gov,English,,,,,,,,,,,,,,,,,,,,,,,,,,,,,,,,,,,,,,,,,,,,,Undergraduate - Junior,fall 2018,VA2010 Intro. to Creative Thinking : Midterm: A | Final: A, HI1010 World Religions: West : Midterm: A | Final: B+,,,spring 2019, EL 2239 Horror Literature : Midterm: A | Final: A, 2410  Basic Bio Sciences II : Midterm: A | Final: A,,,fall 2019,HI 3640  African History : Midterm: A | Final: A,HI 3835 Islamic Cultures : Midterm: A | Final: A,,,spring 2020, EL 3510  Lit Across Cultures II:Theory : Midterm: B | Final: A, EL 3600 US Literature I : Midterm: A | Final: B,,,fall 2020, EL 3610  US Literature II : Midterm: B | Final: A, EL 3810  Eng Lit II:Romantics - Present : Midterm: A | Final: A,,,,,,,,,,,,,606b5915962b7170e065a3c3,Part Time,700833910,Reeba Bettenay,BahfSSmTuSc,8/28/1996,312 Graceland Road,,,,,,,0
llimpertzhi@wikispaces.com,Biological Sciences,,,,,,,,,,,,,,,,,,,,,,,,,,,,,,,,,,,,,,,,,,,,,Graduate,fall 2017,VA2010 Intro. to Creative Thinking : Midterm: A | Final: A, BS2490 Environmental Science : Midterm: A | Final: B+,EL 1000 English Comp I : Exposition : Midterm: A | Final: A,MA 1020 College Algebra : Midterm: A- | Final: A,spring 2018, BS3400 Vertebrate Physiology : Midterm: A | Final: A, BS3450 Plant Biology : Midterm: A | Final: A, VA2020 Basic Design : Midterm : A | Final: A, EL 2239 Horror Literature : Midterm : B | Final: A,fall 2018,HI 3640  African History : Midterm: A | Final: A,HI 3835 Islamic Cultures : Midterm: A | Final: A,EL 3010  Structure & Grammar of English : Miderm: A | Final: A, HI 3091 African Cultures : Midterm: B | Final: B-,spring 2019, BS3510 Parasitology : Midterm: B | Final: A, BS3531 Comparative Genomics Lab : Midterm: A | Final: B, BS3530 Comparative Genomics : Midterm: A | Final: A, VA3100 Visual Culture : Midterm: B | Final: C+,fall 2019, BS3520 Comparative Anatomy : Midterm: B | Final: A, BS3710 Environmental Physiology : Midterm: A | Final: A,VA3200 Art Tutorials I : Midterm: A | Final: A,VA3400 Digital Imaging : Midterm: A | Final: B,spring 2020,VA4200 Art Tutorials II : Midterm: A | Final: A, BS3810  Biological Aspects of Aging : Midterm: A | Final: A-, BS4400 Cell Biology : Midterm: B | Final: A, BS4460 Genetics : Midterm: A | Final: A,fall 2020, BS4440 Evolution : Midterm: C | Final: B+, BS4410  Histology : Midterm: A | Final: A, BS4420  Microbiology : Midterm: A | Final: A, BS4430  Developmental Biology : Midterm: A | Final: A,606b5915962b7170e065a3c4,Full Time,700274928,Lorenza Limpertz,PX4qMi9B,11/12/1998,6951 Corscot Parkway,spring 2021, BS4461  Immunology : Midterm: A | Final: A, BS4470  Ecology : Midterm: A | Final: A, MA5230 Mathematical Statistics : Midterm: A | Final: B, MA5380 Complex Analysis : Midterm: B | Final: B+,,0
etwinninghn@buzzfeed.com,Health and Society,,,,,,,,,,,,,,,,,,,,,,,,,,,,,,,,,,,,,,,,,,,,,Undergraduate - Junior,fall 2018,VA2010 Intro. to Creative Thinking : Midterm: A | Final: A, BS 2100 Biology for Non-Science Majors : Midterm: A | Final: B+,,,spring 2019, BS 2300  Anatomy&Physiology I Lecture : Midterm: A | Final: A, 2410  Basic Bio Sciences II : Midterm: A | Final: A,,,fall 2019,HI 3640  African History : Midterm: A | Final: A,HI 3835 Islamic Cultures : Midterm: A | Final: A,,,spring 2020, BS 2310  Anatomy&Physiology II Lecture : Midterm: B | Final: A, PH 3600  Social Determinants of Health : Midterm: A | Final: B,,,fall 2020, PH 3200 Nutrition & Society : Midterm: B | Final: A, PH 3700  Medical Anthropology : Midterm: A | Final: A,,,,,,,,,,,,,606b5915962b7170e065a3c5,Part Time,700887660,Eduino Twinning,SPzHKn,5/31/1997,6873 Blue Bill Park Trail,,,,,,,0
gcrichleyho@livejournal.com,English,,,,,,,,,,,,,,,,,,,,,,,,,,,,,,,,,,,,,,,,,,,,,Undergraduate - Sophomore,fall 2019,VA2010 Intro. to Creative Thinking : Midterm: A | Final: A, HI1010 World Religions: West : Midterm: A | Final: B+,EL 1000 English Comp I : Exposition : Midterm: A | Final: A,MA 1020 College Algebra : Midterm: A- | Final: A,spring 2020, EL 2239 Horror Literature : Midterm: A | Final: A, 2410  Basic Bio Sciences II : Midterm: A | Final: A, VA2020 Basic Design : Midterm : A | Final: A, EL 3010  Structure & Grammar of English : Midterm : B | Final: A,fall 2020,HI 3640  African History : Midterm: A | Final: A,HI 3835 Islamic Cultures : Midterm: A | Final: A, EL 3500  Lit Across Cultures I:Analysis : Miderm: A | Final: A, HI 3091 African Cultures : Midterm: B | Final: B-,,,,,,,,,,,,,,,,,,,,,606b5915962b7170e065a3c6,Full Time,700254497,Gregoire Crichley,50procn,8/30/1996,60 Sunnyside Lane,,,,,,,0
ajanicekhh@oaic.gov.au,Psychology,,,,,,,,,,,,,,,,,,,,,,,,,,,,,,,,,,,,,,,,,,,,,Undergraduate - Sophomore,fall 2019,VA2010 Intro. to Creative Thinking: Midterm: A | Final: A, PY2010 Introduction to Psychology : Midterm: A | Final: B+,,,spring 2020, PY2530 Psychology of Prejudice : Midterm: A | Final: A, PY2720 Psychology of Gender: Midterm: A | Final: A,,,fall 2020,HI 3640  African History : Midterm: A | Final: A,HI 3835 Islamic Cultures : Midterm: A | Final: A,,,,,,,,,,,,,,,,,,,,,,,606b5915962b7170e065a3c7,Part Time,700140875,Avivah Janicek,QhhRBPPaiG,5/6/1998,9588 Petterle Court,,,,,,,0
ndeekhp@vk.com,Spanish Language,,,,,,,,,,,,,,,,,,,,,,,,,,,,,,,,,,,,,,,,,,,,,Undergraduate - Senior,fall 2017,VA2010 Intro. to Creative Thinking : Midterm: A | Final: A, ML2100 Intermediate Spanish Conversation I : Midterm: A | Final: B+,,,spring 2018, ML2110 Intermediate Spanish Conversation II : Midterm: A | Final: A, ML3100 Advanced Spanish Conversation and Composition : Midterm: A | Final: A,,,fall 2018,HI 3640  African History : Midterm: A | Final: A,HI 3835 Islamic Cultures : Midterm : A | Final: A,,,spring 2019, ML3362 Advanced Spanish Grammar and Composition : Midterm: B | Final: A, ML3200 Translation Workshop : Midterm: A | Final: B,,,fall 2019, ML3260 Spanish Linguistics: Universals of Grammar : Midterm: B | Final: A, ML3500 Critical Writing and Textual Analysis : Midterm: A | Final: A,,,spring 2020,VA4200 Art Tutorials II : Midterm: A | Final: A, ML3300 Artistic Expressions of Spain : Midterm: A | Final: A-,,,fall 2020, ML3650 Latin American Cinema : Midterm: C | Final: B+, ML4100 The Spanish Golden Age : Midterm: A | Final: A,,,606b5915962b7170e065a3c8,Part Time,700150916,Norton Deek,qtEz2TJf,2/11/1998,04 Northland Park,,,,,,,0
mclyburnhq@dagondesign.com,Psychology,,,,,,,,,,,,,,,,,,,,,,,,,,,,,,,,,,,,,,,,,,,,,Undergraduate - Sophomore,fall 2019,VA2010 Intro. to Creative Thinking: Midterm: A | Final: A, PY2010 Introduction to Psychology : Midterm: A | Final: B+,EL 1000 English Comp I: Exposition: Midterm: A | Final: A,MA 1020 College Algebra: Midterm: A- | Final: A,spring 2020, PY2530 Psychology of Prejudice : Midterm: A | Final: A, PY2720 Psychology of Gender: Midterm: A | Final: A, VA2020 Basic Design : Midterm: A | Final: A, EL 2239 Horror Literature : Midterm: B | Final: A,fall 2020,HI 3640  African History : Midterm: A | Final: A,HI 3835 Islamic Cultures : Midterm: A | Final: A,EL 3010  Structure & Grammar of English : Miderm: A | Final: A, HI 3091 African Cultures: Midterm: B | Final: B-,,,,,,,,,,,,,,,,,,,,,606b5915962b7170e065a3c9,Full Time,700881982,Max Clyburn,G3iDBUCX7c,5/19/1998,168 Golden Leaf Terrace,,,,,,,0
pdobinsonhr@abc.net.au,Spanish Language,,,,,,,,,,,,,,,,,,,,,,,,,,,,,,,,,,,,,,,,,,,,,Graduate,fall 2017,VA2010 Intro. to Creative Thinking : Midterm: A | Final: A, ML2100 Intermediate Spanish Conversation I : Midterm: A | Final: B+,EL 1000 English Comp I : Exposition : Midterm: A | Final: A,MA 1020 College Algebra : Midterm: A- | Final: A,spring 2018, ML2110 Intermediate Spanish Conversation II : Midterm: A | Final: A, ML3100 Advanced Spanish Conversation and Composition : Midterm: A | Final: A, VA2020 Basic Design : Midterm : A | Final: A, EL 2239 Horror Literature : Midterm : B | Final: A,fall 2018,HI 3640  African History : Midterm: A | Final: A,HI 3835 Islamic Cultures : Midterm : A | Final: A,EL 3010  Structure & Grammar of English : Miderm: A | Final: A, HI 3091 African Cultures : Midterm: B | Final: B-,spring 2019, ML3362 Advanced Spanish Grammar and Composition : Midterm: B | Final: A, ML3200 Translation Workshop : Midterm: A | Final: B, ML3250 Spanish Linguistics : Midterm: A | Final: A, VA3100 Visual Culture : Midterm: B | Final: C+,fall 2019, ML3260 Spanish Linguistics: Universals of Grammar : Midterm: B | Final: A, ML3500 Critical Writing and Textual Analysis : Midterm: A | Final: A,VA3200 Art Tutorials I : Midterm: A | Final: A,VA3400 Digital Imaging : Midterm: A | Final: B,spring 2020,VA4200 Art Tutorials II : Midterm: A | Final: A, ML3300 Artistic Expressions of Spain : Midterm: A | Final: A-, ML3310 Topics in Hispanic Cultural Studies : Midterm: B | Final: A, ML3410 Latino/a Writers in the US : Midterm: A | Final: A,fall 2020, ML3650 Latin American Cinema : Midterm: C | Final: B+, ML4100 The Spanish Golden Age : Midterm: A | Final: A, ML3880 Masterpieces of Hispanic Literature : Midterm: A | Final: A, ML4500 Culture and Literature of Spain from the Middle Ages to the 18th century : Midterm: A | Final: A,606b5915962b7170e065a3ca,Full Time,700381123,Petra Dobinson,QpIrkmkhL,12/14/1998,88 Green Ridge Point,spring 2021, ML4510 Civilization and Culture of Spain : Midterm: A | Final: A, ML4325 Contemporary Theatre of the Hispanic World : Midterm: A | Final: A, ML4350 Recurrent Themes in Latin American Painting and Literature : Midterm: A | Final: B, ML4450 Hispanic Women Writers : Midterm: B | Final: B+,,0
drosenblatths@cyberchimps.com,Spanish Language,,,,,,,,,,,,,,,,,,,,,,,,,,,,,,,,,,,,,,,,,,,,,Graduate,fall 2017,VA2010 Intro. to Creative Thinking : Midterm: A | Final: A, ML2100 Intermediate Spanish Conversation I : Midterm: A | Final: B+,EL 1000 English Comp I : Exposition : Midterm: A | Final: A,MA 1020 College Algebra : Midterm: A- | Final: A,spring 2018, ML2110 Intermediate Spanish Conversation II : Midterm: A | Final: A, ML3100 Advanced Spanish Conversation and Composition : Midterm: A | Final: A, VA2020 Basic Design : Midterm : A | Final: A, EL 2239 Horror Literature : Midterm : B | Final: A,fall 2018,HI 3640  African History : Midterm: A | Final: A,HI 3835 Islamic Cultures : Midterm : A | Final: A,EL 3010  Structure & Grammar of English : Miderm: A | Final: A, HI 3091 African Cultures : Midterm: B | Final: B-,spring 2019, ML3362 Advanced Spanish Grammar and Composition : Midterm: B | Final: A, ML3200 Translation Workshop : Midterm: A | Final: B, ML3250 Spanish Linguistics : Midterm: A | Final: A, VA3100 Visual Culture : Midterm: B | Final: C+,fall 2019, ML3260 Spanish Linguistics: Universals of Grammar : Midterm: B | Final: A, ML3500 Critical Writing and Textual Analysis : Midterm: A | Final: A,VA3200 Art Tutorials I : Midterm: A | Final: A,VA3400 Digital Imaging : Midterm: A | Final: B,spring 2020,VA4200 Art Tutorials II : Midterm: A | Final: A, ML3300 Artistic Expressions of Spain : Midterm: A | Final: A-, ML3310 Topics in Hispanic Cultural Studies : Midterm: B | Final: A, ML3410 Latino/a Writers in the US : Midterm: A | Final: A,fall 2020, ML3650 Latin American Cinema : Midterm: C | Final: B+, ML4100 The Spanish Golden Age : Midterm: A | Final: A, ML3880 Masterpieces of Hispanic Literature : Midterm: A | Final: A, ML4500 Culture and Literature of Spain from the Middle Ages to the 18th century : Midterm: A | Final: A,606b5915962b7170e065a3cb,Full Time,700742975,Dorice Rosenblatt,7gBKyDNN,3/8/1996,0 Eagan Pass,spring 2021, ML4510 Civilization and Culture of Spain : Midterm: A | Final: A, ML4325 Contemporary Theatre of the Hispanic World : Midterm: A | Final: A, ML4350 Recurrent Themes in Latin American Painting and Literature : Midterm: A | Final: B, ML4450 Hispanic Women Writers : Midterm: B | Final: B+,,0
tmcallenhu@cbc.ca,English,,,,,,,,,,,,,,,,,,,,,,,,,,,,,,,,,,,,,,,,,,,,,Graduate,fall 2017,VA2010 Intro. to Creative Thinking : Midterm: A | Final: A, HI1010 World Religions: West : Midterm: A | Final: B+,EL 1000 English Comp I : Exposition : Midterm: A | Final: A,MA 1020 College Algebra : Midterm: A- | Final: A,spring 2018, EL 2239 Horror Literature : Midterm: A | Final: A, 2410  Basic Bio Sciences II : Midterm: A | Final: A, VA2020 Basic Design : Midterm : A | Final: A, EL 3010  Structure & Grammar of English : Midterm : B | Final: A,fall 2018,HI 3640  African History : Midterm: A | Final: A,HI 3835 Islamic Cultures : Midterm: A | Final: A, EL 3500  Lit Across Cultures I:Analysis : Miderm: A | Final: A, HI 3091 African Cultures : Midterm: B | Final: B-,spring 2019, EL 3510  Lit Across Cultures II:Theory : Midterm: B | Final: A, EL 3600 US Literature I : Midterm: A | Final: B, EL 3800 Eng Lit I:Beowulf-18th Century : Midterm: A | Final: A, VA3100 Visual Culture : Midterm: B | Final: C+,fall 2019, EL 3610  US Literature II : Midterm: B | Final: A, EL 3810  Eng Lit II:Romantics - Present : Midterm: A | Final: A,VA3200 Art Tutorials I : Midterm: A | Final: A,VA3400 Digital Imaging : Midterm: A | Final: B,spring 2020,VA4200 Art Tutorials II : Midterm: A | Final: A, EL 3560  Literatures of Europe:Part I : Midterm: A | Final: A-, EL 3950  Creative Non-Fiction : Midterm: B | Final: A, EL 4311 Greek Drama : Midterm: A | Final: A,fall 2020, EL 3561 Literatures of Europe:Part II : Midterm: C | Final: B+, EL 4312 Greek Mythology : Midterm: A | Final: A, EL 4325 Shakespeare: Selected Plays : Midterm: A | Final: A, EL 4400  Critical Theory : Midterm: A | Final: A,606b5915962b7170e065a3cc,Full Time,700381311,Tim McAllen,XBakKLw,9/14/1998,1999 Derek Crossing,spring 2021, EL 4402 Sin & Sexuality in Literature : Midterm: A | Final: A, EL 4500 Topics in British/US Lit : Midterm: A | Final: A, EL 4510  Modern Drama & Theatre : Midterm: A | Final: B, SY 5990  Senior Seminar : Midterm: B | Final: B+,,0
nlabernht@elegantthemes.com,Philosophy and Religion,,,,,,,,,,,,,,,,,,,,,,,,,,,,,,,,,,,,,,,,,,,,,Graduate,fall 2017,VA2010 Intro. to Creative Thinking : Midterm: A | Final: A, HI1010 World Religions: West : Midterm: A | Final: B+,EL 1000 English Comp I : Exposition : Midterm: A | Final: A, MA2310 Calculus and Analytic Geometry I : Midterm: A- | Final: A,spring 2018, HI1020 World Religions: East : Midterm: A | Final: A, HI2155 Introduction to Comparative Religion : Midterm: A | Final: A, VA2020 Basic Design : Midterm : A | Final: A, EL 2239 Horror Literature : Midterm : B | Final: A,fall 2018,HI 3640  African History : Midterm: A | Final: A,HI 3835 Islamic Cultures : Midterm : A | Final: A,EL 3010  Structure & Grammar of English : Miderm: A | Final: A, HI 3091 African Cultures : Midterm: B | Final: B-,spring 2019, HI2700 Introduction to Logic : Midterm: B | Final: A, HI2720 Introduction to Philosophy : Midterm: A | Final: B, AS 2112 American People I : Midterm: A | Final: A, VA3100 Visual Culture : Midterm: B | Final: C+,fall 2019, HI3080 Asian Cultures : Midterm: B | Final: A, HI3840 Crescent and Cross : Midterm: A | Final: A,VA3200 Art Tutorials I : Midterm: A | Final: A,VA3400 Digital Imaging : Midterm: A | Final: B,spring 2020,VA4200 Art Tutorials II : Midterm: A | Final: A, HI3011 Foundations of Judeo-Christian Tradition : Midterm: A | Final: A-, HI3323 Buddhism : Midterm: B | Final: A, HI3525 Ancient Greek Philosophy : Midterm: A | Final: A,fall 2020, HI3703 Modern Philosophy : Midterm: C | Final: B+, HI3704 African Religions and Philosophy : Midterm: A | Final: A, HI3710 Contemporary Philosophical Issues : Midterm: A | Final: A, HI3950 Philosophy of Religion : Midterm: A | Final: A,606b5915962b7170e065a3cd,Full Time,700852403,Niels Labern,7yobrGhdW3p,1/30/1995,031 Sachtjen Avenue,spring 2021, HI4051 Logic and Scientific Reasoning : Midterm: A | Final: A, HI4318 Islamic Philosophy and Mysticism : Midterm: A | Final: A, HI4395 20th & 21st Century Philosophy : Midterm: A | Final: B, HI4905 Chinese Civilization : Midterm: B | Final: B+,,0
gbellerhv@51.la,Psychology,,,,,,,,,,,,,,,,,,,,,,,,,,,,,,,,,,,,,,,,,,,,,Undergraduate - Junior,fall 2018,VA2010 Intro. to Creative Thinking: Midterm: A | Final: A, PY2010 Introduction to Psychology : Midterm: A | Final: B+,EL 1000 English Comp I: Exposition: Midterm: A | Final: A,MA 1020 College Algebra: Midterm: A- | Final: A,spring 2019, PY2530 Psychology of Prejudice : Midterm: A | Final: A, PY2720 Psychology of Gender: Midterm: A | Final: A, VA2020 Basic Design : Midterm: A | Final: A, EL 2239 Horror Literature : Midterm: B | Final: A,fall 2019,HI 3640  African History : Midterm: A | Final: A,HI 3835 Islamic Cultures : Midterm: A | Final: A,EL 3010  Structure & Grammar of English : Miderm: A | Final: A, HI 3091 African Cultures: Midterm: B | Final: B-,spring 2020, PY3110 Research Methods I: (Orientation): Midterm: B | Final: A, PY2340 Community Psychology : Midterm: A | Final: B, PY3420 Learning & Motivation : Midterm: A | Final: A, VA3100 Visual Culture: Midterm: B | Final: C+,fall 2020, PY3120 Research Methods II: (Statistics) : Midterm: B | Final: A, PY3610 Brain & Behavior: A | Final: A,VA3200 Art Tutorials I: Midterm: A | Final: A,VA3400 Digital Imaging : Midterm: A | Final: B,,,,,,,,,,,606b5915962b7170e065a3ce,Full Time,700484025,Gran Beller,MuNflyIR,1/5/1998,2 Ramsey Point,,,,,,,0
mlanceleyhw@pbs.org,Mathematics,,,,,,,,,,,,,,,,,,,,,,,,,,,,,,,,,,,,,,,,,,,,,Undergraduate - Junior,fall 2018,VA2010 Intro. to Creative Thinking : Midterm: A | Final: A, MA2310 Calculus and Analytic Geometry I : Midterm: A | Final: B+,,,spring 2019, MA2320 Calculus and Analytic Geometry II : Midterm: A | Final: A, CS2511 Computer Programming II : Midterm: A | Final: A,,,fall 2019,HI 3640  African History : Midterm: A | Final: A,HI 3835 Islamic Cultures : Midterm: A | Final: A,,,spring 2020, MA3030 Discrete Mathematics : Midterm: B | Final: A, MA3160 Linear Algebra : Midterm : A | Final: B,,,fall 2020, MA3330 Calculus and Analytic Geometry III : Midterm: B | Final: A, MA3520 Transition to Advanced Mathematics : Midterm: A | Final: A,,,,,,,,,,,,,606b5915962b7170e065a3cf,Part Time,700605578,Madalyn Lanceley,2JO7PJQrb,8/19/1998,40 Ramsey Crossing,,,,,,,0
rhemsteadhy@wikipedia.org,History,,,,,,,,,,,,,,,,,,,,,,,,,,,,,,,,,,,,,,,,,,,,,Undergraduate - Freshman,,,,,,,,,,,,,,,,,,,,,,,,,,,,,,,,,,,,606b5915962b7170e065a3d0,Full Time,700303716,Red Hemstead,rzcUHn9JLOQ,4/12/1996,965 Pankratz Junction,,,,,,,0
cfeldmushx@archive.org,Industrial and Labor Relations,,,,,,,,,,,,,,,,,,,,,,,,,,,,,,,,,,,,,,,,,,,,,Undergraduate - Sophomore,fall 2019,VA2010 Intro. to Creative Thinking : Midterm: A | Final: A, PE 2650 Intro to U.S. Politics : Midterm: A | Final: B+,EL 1000 English Comp I : Exposition : Midterm: A | Final: A,MA 1020 College Algebra : Midterm: A- | Final: A,spring 2020, MA2300 Calculus for Business & Economics : Midterm: A | Final: A, IR 2210 Unions & Management: An Intro : Midterm: A | Final: A, VA2020 Basic Design : Midterm : A | Final: A, EL 2239 Horror Literature : Midterm : B | Final: A,fall 2020,HI 3640  African History : Midterm: A | Final: A,HI 3835 Islamic Cultures : Midterm: A | Final: A,EL 3010  Structure & Grammar of English : Miderm: A | Final: A, HI 3091 African Cultures : Midterm: B | Final: B-,,,,,,,,,,,,,,,,,,,,,606b5915962b7170e065a3d1,Full Time,700168463,Corabella Feldmus,Rx5g2y,12/2/1997,9 Fremont Court,,,,,,,0
bannesleyi0@adobe.com,Criminology,,,,,,,,,,,,,,,,,,,,,,,,,,,,,,,,,,,,,,,,,,,,,Undergraduate - Junior,fall 2018,VA2010 Intro. to Creative Thinking : Midterm: A | Final: A, SY 1500  Intro Sociology : Midterm: A | Final: B+,,,spring 2019, CR 1500 Intro to Criminology : Midterm: A | Final: A, CR 2090  Juvenile Delinquency : Midterm: A | Final: A,,,fall 2019,HI 3640  African History : Midterm: A | Final: A,HI 3835 Islamic Cultures : Midterm: A | Final: A,,,spring 2020, PY2010 Introduction to Psychology : Midterm: B | Final: A, SY 2600  Social Deviance : Midterm: A | Final: B,,,fall 2020, CR 3093  Criminal Justice Admin : Midterm: B | Final: A, CR 3094 Drugs and Society : Midterm: A | Final: A,,,,,,,,,,,,,606b5915962b7170e065a3d2,Part Time,700517240,Betsy Annesley,CxC6Al4n2KHv,4/13/1996,084 Clyde Gallagher Lane,,,,,,,0
btreagusthz@scientificamerican.com,Adolescence Education: Biology (7-12),,,,,,,,,,,,,,,,,,,,,,,,,,,,,,,,,,,,,,,,,,,,,Undergraduate - Senior,fall 2017,VA2010 Intro. to Creative Thinking : Midterm: A | Final: A, BS2490 Environmental Science : Midterm: A | Final: B+,EL 1000 English Comp I : Exposition : Midterm: A | Final: A,MA 1020 College Algebra : Midterm: A- | Final: A,spring 2018, BS3450 Plant Biology : Midterm: A | Final: A, BS3520 Comparative Anatomy : Midterm: A | Final: A, VA2020 Basic Design : Midterm : A | Final: A, EL 2239 Horror Literature : Midterm : B | Final: A,fall 2018,HI 3640  African History : Midterm: A | Final: A,HI 3835 Islamic Cultures : Midterm: A | Final: A,EL 3010  Structure & Grammar of English : Miderm: A | Final: A, HI 3091 African Cultures : Midterm: B | Final: B-,spring 2019, PY3110 Research Methods I: (Orientation) : Midterm: B | Final: A, PY2340 Community Psychology : Midterm: A | Final: B, PY3420 Learning & Motivation : Midterm: A | Final: A, VA3100 Visual Culture : Midterm: B | Final: C+,fall 2019, BS4400  Cell Biology : Midterm: B | Final: A, BS4420  Microbiology : Midterm: A | Final: A,VA3200 Art Tutorials I : Midterm: A | Final: A,VA3400 Digital Imaging : Midterm: A | Final: B,spring 2020,VA4200 Art Tutorials II : Midterm: A | Final: A, BS4430  Developmental Biology : Midterm: A | Final: A-, BS4470  Ecology : Midterm: B | Final: A, ED 6000 Foundations of Education : Midterm: A | Final: A,fall 2020, ED 6001 Human Growth&Dvlpmnt MAT : Midterm: C | Final: B+, ED 6002 Foundations of Literacy MAT : Midterm: A | Final: A, ED 6003 The Exceptional Learner MAT : Midterm: A | Final: A, ED 6900 Student Teaching: Science : Midterm: A | Final: A,606b5915962b7170e065a3d3,Full Time,700660912,Brett Treagust,OOqjhrWJco,5/15/1997,8 Everett Road,,,,,,,0
pmatheti2@mapy.cz,Childhood Education (1-6),,,,,,,,,,,,,,,,,,,,,,,,,,,,,,,,,,,,,,,,,,,,,Undergraduate - Sophomore,fall 2019,VA2010 Intro. to Creative Thinking : Midterm: A | Final: A, PY2010 Introduction to Psychology : Midterm: A | Final: B+,,,spring 2020, PY2340 Community Psychology : Midterm: A | Final: A, PY2530 Psychology of Prejudice : Midterm: A | Final: A,,,fall 2020,HI 3640  African History : Midterm: A | Final: A,HI 3835 Islamic Cultures : Midterm: A | Final: A,,,,,,,,,,,,,,,,,,,,,,,606b5915962b7170e065a3d4,Part Time,700021631,Perren Mathet,boNvA69MaC,4/19/1998,09922 Namekagon Junction,,,,,,,0
mpetrinai1@who.int,History,,,,,,,,,,,,,,,,,,,,,,,,,,,,,,,,,,,,,,,,,,,,,Undergraduate - Freshman,,,,,,,,,,,,,,,,,,,,,,,,,,,,,,,,,,,,606b5915962b7170e065a3d5,Full Time,700961527,Maren Petrina,jqR99mBtQVv6,6/8/1995,19 Quincy Point,,,,,,,0
mjonsoni4@slideshare.net,History,,,,,,,,,,,,,,,,,,,,,,,,,,,,,,,,,,,,,,,,,,,,,Undergraduate - Sophomore,fall 2019,VA2010 Intro. to Creative Thinking: Midterm: A | Final: A,AS 2112 American People I : Midterm: A | Final: B+,,,spring 2020,AS 2122 American People II : Midterm: A | Final: A, HI 2681 Intro to Europe Hist:1350-Present: Midterm: A | Final: A,,,fall 2020,HI 3640  African History : Midterm: A | Final: A,HI 3835 Islamic Cultures : Midterm: A | Final: A,,,,,,,,,,,,,,,,,,,,,,,606b5915962b7170e065a3d6,Part Time,700173629,Morten Jonson,Q02X4OZ1EU,11/12/1997,3815 Warrior Trail,,,,,,,0
bbookeri3@omniture.com,Biological Sciences,,,,,,,,,,,,,,,,,,,,,,,,,,,,,,,,,,,,,,,,,,,,,Undergraduate - Sophomore,fall 2019,VA2010 Intro. to Creative Thinking : Midterm: A | Final: A, BS2490 Environmental Science : Midterm: A | Final: B+,EL 1000 English Comp I : Exposition : Midterm: A | Final: A,MA 1020 College Algebra : Midterm: A- | Final: A,spring 2020, BS3400 Vertebrate Physiology : Midterm: A | Final: A, BS3450 Plant Biology : Midterm: A | Final: A, VA2020 Basic Design : Midterm : A | Final: A, EL 2239 Horror Literature : Midterm : B | Final: A,fall 2020,HI 3640  African History : Midterm: A | Final: A,HI 3835 Islamic Cultures : Midterm: A | Final: A,EL 3010  Structure & Grammar of English : Miderm: A | Final: A, HI 3091 African Cultures : Midterm: B | Final: B-,,,,,,,,,,,,,,,,,,,,,606b5915962b7170e065a3d7,Full Time,700292239,Bartholomeo Booker,5Ay1vsJA,1/28/1997,3565 Gateway Junction,,,,,,,0
rjohnseei5@printfriendly.com,Chemistry,,,,,,,,,,,,,,,,,,,,,,,,,,,,,,,,,,,,,,,,,,,,,Undergraduate - Junior,fall 2018,VA2010 Intro. to Creative Thinking : Midterm: A | Final: A, CP 2120 Principles of Chemistry I : Midterm: A | Final: B+,,,spring 2019, MA2310 Calculus and Analytic Geometry I : Midterm: A | Final: A, CP 2130  Principles of Chemistry II : Midterm: A | Final: A,,,fall 2019,HI 3640  African History : Midterm: A | Final: A,HI 3835 Islamic Cultures : Midterm: A | Final: A,,,spring 2020, EL 2239 Horror Literature : Midterm: B | Final: A, CP 2240  General Physics I : Midterm: A | Final: B,,,fall 2020, CP 2251 General Physics II Lab : Midterm: B | Final: A, CP 2250 General Physics II : Midterm: A | Final: A,,,,,,,,,,,,,606b5915962b7170e065a3d8,Part Time,700395879,Rafi Johnsee,feVDE7rcap,7/25/1996,19613 Arrowood Drive,,,,,,,0
ggiffordi7@virginia.edu,Computer & Information Science,,,,,,,,,,,,,,,,,,,,,,,,,,,,,,,,,,,,,,,,,,,,,Undergraduate - Sophomore,fall 2019,VA2010 Intro. to Creative Thinking: Midterm: A | Final: A,CS 2510 Computer Programming I : Midterm: A | Final: B+,EL 1000 English Comp I: Exposition: Midterm: A | Final: A,MA 1020 College Algebra: Midterm: A- | Final: A,spring 2020, CS 2511 Computer Programming II: Midterm: A | Final: A, MA2310 Calculus and Analytic Geometry I: Midterm: A | Final: A, VA2020 Basic Design : Midterm: A | Final: A, EL 2239 Horror Literature : Midterm: B | Final: A,fall 2020,HI 3640  African History : Midterm: A | Final: A,HI 3835 Islamic Cultures : Midterm: A | Final: A,EL 3010  Structure & Grammar of English : Miderm: A | Final: A, HI 3091 African Cultures: Midterm: B | Final: B-,,,,,,,,,,,,,,,,,,,,,606b5915962b7170e065a3d9,Full Time,700723222,Gus Gifford,HXFGJbPnJTS1,6/12/1996,08117 Onsgard Circle,,,,,,,0
kbirdwhistlei9@51.la,Sociology,,,,,,,,,,,,,,,,,,,,,,,,,,,,,,,,,,,,,,,,,,,,,Undergraduate - Freshman,,,,,,,,,,,,,,,,,,,,,,,,,,,,,,,,,,,,606b5915962b7170e065a3da,Full Time,700378069,Karly Birdwhistle,CfHtWVOQC,5/25/1996,4409 Swallow Trail,,,,,,,0
driddingtoni6@google.com.au,Mathematics,,,,,,,,,,,,,,,,,,,,,,,,,,,,,,,,,,,,,,,,,,,,,Undergraduate - Senior,fall 2017,VA2010 Intro. to Creative Thinking : Midterm: A | Final: A, MA2310 Calculus and Analytic Geometry I : Midterm: A | Final: B+,EL 1000 English Comp I : Exposition : Midterm: A | Final: A, CS2510 Computer Programming I : Midterm: A- | Final: A,spring 2018, MA2320 Calculus and Analytic Geometry II : Midterm: A | Final: A, CS2511 Computer Programming II : Midterm: A | Final: A, VA2020 Basic Design : Midterm : A | Final: A, EL 2239 Horror Literature : Midterm : B | Final: A,fall 2018,HI 3640  African History : Midterm: A | Final: A,HI 3835 Islamic Cultures : Midterm: A | Final: A,EL 3010  Structure & Grammar of English : Miderm: A | Final: A, HI 3091 African Cultures : Midterm: B | Final: B-,spring 2019, MA3030 Discrete Mathematics : Midterm: B | Final: A, MA3160 Linear Algebra : Midterm : A | Final: B, MA3210 Intro. To Probability & Statistics : Midterm: A | Final: A, VA3100 Visual Culture : Midterm: B | Final: C+,fall 2019, MA3330 Calculus and Analytic Geometry III : Midterm: B | Final: A, MA3520 Transition to Advanced Mathematics : Midterm: A | Final: A,VA3200 Art Tutorials I : Midterm: A | Final: A,VA3400 Digital Imaging : Midterm: A | Final: B,spring 2020,VA4200 Art Tutorials II : Midterm: A | Final: A, MA4360 Differential Equations : Midterm: A | Final: A-, MA4100 Number Theory : Midterm: B | Final: A, MA4200 Probability : Midterm: A | Final: A,fall 2020, MA4510 Geometry : Midterm: C | Final: B+, MA4910 Operations Research I : Midterm: A | Final: A, MA5120 Abstract Algebra I : Midterm: A | Final: A, MA5320 Advanced Calculus I : Midterm: A | Final: A,606b5915962b7170e065a3db,Full Time,700878020,Dianna Riddington,bsF0hu,12/25/1997,70149 Miller Lane,,,,,,,0
rsevieric@nsw.gov.au,Psychology,,,,,,,,,,,,,,,,,,,,,,,,,,,,,,,,,,,,,,,,,,,,,Undergraduate - Senior,fall 2017,VA2010 Intro. to Creative Thinking: Midterm: A | Final: A, PY2010 Introduction to Psychology : Midterm: A | Final: B+,,,spring 2018, PY2530 Psychology of Prejudice : Midterm: A | Final: A, PY2720 Psychology of Gender: Midterm: A | Final: A,,,fall 2018,HI 3640  African History : Midterm: A | Final: A,HI 3835 Islamic Cultures : Midterm: A | Final: A,,,spring 2019, PY3110 Research Methods I: (Orientation): Midterm: B | Final: A, PY2340 Community Psychology : Midterm: A | Final: B,,,fall 2019, PY3120 Research Methods II: (Statistics) : Midterm: B | Final: A, PY3610 Brain & Behavior: A | Final: A,,,spring 2020,VA4200 Art Tutorials II: Midterm: A | Final: A, PY4100 Research Methods III (Advanced Research Skills) : Midterm: A | Final: A-,,,fall 2020, PY4130 Field Experience and Research : Midterm: C | Final: B+, PY3310 Abnormal Human Behavior : Midterm: A | Final: A,,,606b5915962b7170e065a3dc,Part Time,700656722,Ruggiero Sevier,NwI7DhwQwLB,12/11/1997,48053 Eagan Drive,,,,,,,0
mpurryia@livejournal.com,Psychology,,,,,,,,,,,,,,,,,,,,,,,,,,,,,,,,,,,,,,,,,,,,,Graduate,fall 2017,VA2010 Intro. to Creative Thinking: Midterm: A | Final: A, PY2010 Introduction to Psychology : Midterm: A | Final: B+,EL 1000 English Comp I: Exposition: Midterm: A | Final: A,MA 1020 College Algebra: Midterm: A- | Final: A,spring 2018, PY2530 Psychology of Prejudice : Midterm: A | Final: A, PY2720 Psychology of Gender: Midterm: A | Final: A, VA2020 Basic Design : Midterm: A | Final: A, EL 2239 Horror Literature : Midterm: B | Final: A,fall 2018,HI 3640  African History : Midterm: A | Final: A,HI 3835 Islamic Cultures : Midterm: A | Final: A,EL 3010  Structure & Grammar of English : Miderm: A | Final: A, HI 3091 African Cultures: Midterm: B | Final: B-,spring 2019, PY3110 Research Methods I: (Orientation): Midterm: B | Final: A, PY2340 Community Psychology : Midterm: A | Final: B, PY3420 Learning & Motivation : Midterm: A | Final: A, VA3100 Visual Culture: Midterm: B | Final: C+,fall 2019, PY3120 Research Methods II: (Statistics) : Midterm: B | Final: A, PY3610 Brain & Behavior: A | Final: A,VA3200 Art Tutorials I: Midterm: A | Final: A,VA3400 Digital Imaging : Midterm: A | Final: B,spring 2020,VA4200 Art Tutorials II: Midterm: A | Final: A, PY4100 Research Methods III (Advanced Research Skills) : Midterm: A | Final: A-, PY3620 Drugs & Behavior : Midterm: B | Final: A, PY3215 Foundations of Child Development : Midterm: A | Final: A,fall 2020, PY4130 Field Experience and Research : Midterm: C | Final: B+, PY3310 Abnormal Human Behavior : Midterm: A | Final: A, PY3311 Theories of Personality : Midterm: A | Final: A, PY3410 Cognitive Psychology: Midterm: A | Final: A,606b5915962b7170e065a3dd,Full Time,700078575,Maison Purry,sRgLtSj2YSk,9/15/1997,03 Prairie Rose Plaza,spring 2021, PH 3610 Intro.-U.S.Health Care System : Midterm: A | Final: A, PH 3600  Social Determinants of Health : Midterm: A | Final: A, PY3710 Psychology & Social Justice : Midterm: A | Final: B, PH 5900 Research Methods : Midterm: B | Final: B+,,0
pveltmani8@loc.gov,Spanish Language,,,,,,,,,,,,,,,,,,,,,,,,,,,,,,,,,,,,,,,,,,,,,Undergraduate - Sophomore,fall 2017,VA2010 Intro. to Creative Thinking : Midterm: A | Final: A, ML2100 Intermediate Spanish Conversation I : Midterm: A | Final: B+,,,spring 2018, ML2110 Intermediate Spanish Conversation II : Midterm: A | Final: A, ML3100 Advanced Spanish Conversation and Composition : Midterm: A | Final: A,,,fall 2018,HI 3640  African History : Midterm: A | Final: A,HI 3835 Islamic Cultures : Midterm : A | Final: A,,,spring 2019, ML3362 Advanced Spanish Grammar and Composition : Midterm: B | Final: A, ML3200 Translation Workshop : Midterm: A | Final: B,,,fall 2019, ML3260 Spanish Linguistics: Universals of Grammar : Midterm: B | Final: A, ML3500 Critical Writing and Textual Analysis : Midterm: A | Final: A,,,spring 2020,VA4200 Art Tutorials II : Midterm: A | Final: A, ML3300 Artistic Expressions of Spain : Midterm: A | Final: A-,,,fall 2020, ML3650 Latin American Cinema : Midterm: C | Final: B+, ML4100 The Spanish Golden Age : Midterm: A | Final: A,,,606b5915962b7170e065a3de,Part Time,700415565,Parsifal Veltman,ihhOct,10/24/1996,102 Clove Point,,,,,,,0
nvynehallid@sitemeter.com,Spanish Language,,,,,,,,,,,,,,,,,,,,,,,,,,,,,,,,,,,,,,,,,,,,,Undergraduate - Sophomore,fall 2019,VA2010 Intro. to Creative Thinking : Midterm: A | Final: A, ML2100 Intermediate Spanish Conversation I : Midterm: A | Final: B+,EL 1000 English Comp I : Exposition : Midterm: A | Final: A,MA 1020 College Algebra : Midterm: A- | Final: A,spring 2020, ML2110 Intermediate Spanish Conversation II : Midterm: A | Final: A, ML3100 Advanced Spanish Conversation and Composition : Midterm: A | Final: A, VA2020 Basic Design : Midterm : A | Final: A, EL 2239 Horror Literature : Midterm : B | Final: A,fall 2020,HI 3640  African History : Midterm: A | Final: A,HI 3835 Islamic Cultures : Midterm : A | Final: A,EL 3010  Structure & Grammar of English : Miderm: A | Final: A, HI 3091 African Cultures : Midterm: B | Final: B-,,,,,,,,,,,,,,,,,,,,,606b5915962b7170e065a3df,Full Time,700868068,Nikolas Vynehall,4q8qWZONZ,9/8/1996,96 Monument Hill,,,,,,,0
bmiliusie@blinklist.com,Biological Sciences,,,,,,,,,,,,,,,,,,,,,,,,,,,,,,,,,,,,,,,,,,,,,Undergraduate - Senior,fall 2017,VA2010 Intro. to Creative Thinking : Midterm: A | Final: A, BS2490 Environmental Science : Midterm: A | Final: B+,,,spring 2018, BS3400 Vertebrate Physiology : Midterm: A | Final: A, BS3450 Plant Biology : Midterm: A | Final: A,,,fall 2018,HI 3640  African History : Midterm: A | Final: A,HI 3835 Islamic Cultures : Midterm: A | Final: A,,,spring 2019, BS3510 Parasitology : Midterm: B | Final: A, BS3531 Comparative Genomics Lab : Midterm: A | Final: B,,,fall 2019, BS3520 Comparative Anatomy : Midterm: B | Final: A, BS3710 Environmental Physiology : Midterm: A | Final: A,,,spring 2020,VA4200 Art Tutorials II : Midterm: A | Final: A, BS3810  Biological Aspects of Aging : Midterm: A | Final: A-,,,fall 2020, BS4440 Evolution : Midterm: C | Final: B+, BS4410  Histology : Midterm: A | Final: A,,,606b5915962b7170e065a3e0,Part Time,700559942,Bruis Milius,M7I77fZ,8/1/1997,73139 Bartelt Circle,,,,,,,0
ngilmourib@reference.com,Adolescence Education: Social Studies (7-12),,,,,,,,,,,,,,,,,,,,,,,,,,,,,,,,,,,,,,,,,,,,,Graduate,fall 2017,VA2010 Intro. to Creative Thinking : Midterm: A | Final: A, HI 2681 Intro to Europe Hist:1350-Present : Midterm: A | Final: B+,EL 1000 English Comp I : Exposition : Midterm: A | Final: A,MA 1020 College Algebra : Midterm: A- | Final: A,spring 2018, AS 2112 American People I : Midterm: A | Final: A, HI 3080   Asian Cultures : Midterm: A | Final: A, VA2020 Basic Design : Midterm : A | Final: A, EL 2239 Horror Literature : Midterm : B | Final: A,fall 2018,HI 3640  African History : Midterm: A | Final: A,HI 3835 Islamic Cultures : Midterm: A | Final: A,EL 3010  Structure & Grammar of English : Miderm: A | Final: A, HI 3091 African Cultures : Midterm: B | Final: B-,spring 2019, AS 2122 American People II : Midterm: B | Final: A, HI 3110 Latin American Culture : Midterm: A | Final: B, HI3703 Modern Philosophy : Midterm: A | Final: A, VA3100 Visual Culture : Midterm: B | Final: C+,fall 2019, HI 4308 History Modern Middle East : Midterm: B | Final: A, HI 4001 19th Century : Midterm: A | Final: A,VA3200 Art Tutorials I : Midterm: A | Final: A,VA3400 Digital Imaging : Midterm: A | Final: B,spring 2020,VA4200 Art Tutorials II : Midterm: A | Final: A, HI 4011  20th Century : Midterm: A | Final: A-, PE 4690 Politics of Lat Amer/Caribbean : Midterm: B | Final: A, ED 6095 Literacy : Midterm: A | Final: A,fall 2020, ED 6903 Student Teaching:Social Stds : Midterm: C | Final: B+, HI 6510 Topics in US History : Midterm: A | Final: A, HI 6520 US Constitutional&Polticl Hist : Midterm: A | Final: A, HI 6530 Econ:Theories : Midterm: A | Final: A,606b5915962b7170e065a3e1,Full Time,700686581,Nate Gilmour,6eH7Er9C,11/10/1996,74631 Logan Alley,spring 2021, HI 6540 Topics in European History : Midterm: A | Final: A, HI 6565 Topics in the History of India : Midterm: A | Final: A, ED 6085 Mthd/Mtrls Teach Socl Stds MAT : Midterm: A | Final: B, HI 7500 Questioning Global History : Midterm: B | Final: B+,,0
rleppingtonig@geocities.jp,Psychology,,,,,,,,,,,,,,,,,,,,,,,,,,,,,,,,,,,,,,,,,,,,,Undergraduate - Sophomore,fall 2019,VA2010 Intro. to Creative Thinking: Midterm: A | Final: A, PY2010 Introduction to Psychology : Midterm: A | Final: B+,EL 1000 English Comp I: Exposition: Midterm: A | Final: A,MA 1020 College Algebra: Midterm: A- | Final: A,spring 2020, PY2530 Psychology of Prejudice : Midterm: A | Final: A, PY2720 Psychology of Gender: Midterm: A | Final: A, VA2020 Basic Design : Midterm: A | Final: A, EL 2239 Horror Literature : Midterm: B | Final: A,fall 2020,HI 3640  African History : Midterm: A | Final: A,HI 3835 Islamic Cultures : Midterm: A | Final: A,EL 3010  Structure & Grammar of English : Miderm: A | Final: A, HI 3091 African Cultures: Midterm: B | Final: B-,,,,,,,,,,,,,,,,,,,,,606b5915962b7170e065a3e2,Full Time,700697497,Rusty Leppington,OXkqYtvvodp,7/30/1996,694 Declaration Lane,,,,,,,0
slesmondeif@yellowbook.com,Media and Communications,,,,,,,,,,,,,,,,,,,,,,,,,,,,,,,,,,,,,,,,,,,,,Undergraduate - Senior,fall 2017,VA2010 Intro. to Creative Thinking : Midterm: A | Final: A, AS2020 New Media CE : Midterm: A | Final: B+,,,spring 2018, AS2652 Media Studies : Midterm: A | Final: A, AS2700 The Engaged Eye : Midterm: A | Final: A,,,fall 2018,HI 3640  African History : Midterm: A | Final: A,HI 3835 Islamic Cultures : Midterm : A | Final: A,,,spring 2019, AS3310 From Citizen to Consumer : Midterm: B | Final: A, AS3632 History of U.S. Film : Midterm: A | Final: B,,,fall 2019, AS3722 History of Mass Media : Midterm: B | Final: A, AS3732 Politics of Media & Inst : Midterm: A | Final: A,,,spring 2020,VA4200 Art Tutorials II : Midterm: A | Final: A, AS3735 Documentary Media Studies : Midterm: A | Final: A-,,,fall 2020, AS3810 Music and Media : Midterm: C | Final: B+, AS3830 Public Relations and Society : Midterm: A | Final: A,,,606b5915962b7170e065a3e3,Part Time,700579197,Spenser Lesmonde,9lQx6s1Y3y,9/17/1996,103 Arkansas Lane,,,,,,,0
hlenehamih@photobucket.com,Adolescence Education: Mathematics (7-12),,,,,,,,,,,,,,,,,,,,,,,,,,,,,,,,,,,,,,,,,,,,,Undergraduate - Senior,fall 2017,VA2010 Intro. to Creative Thinking : Midterm: A | Final: A, MA2000 Applied Statistics : Midterm: A | Final: B+,,,spring 2018, MA2320 Calculus and Analytic Geometry II : Midterm: A | Final: A, MA3030 Discrete Mathematics : Midterm: A | Final: A,,,fall 2018,HI 3640  African History : Midterm: A | Final: A,HI 3835 Islamic Cultures : Midterm : A | Final: A,,,spring 2019, MA3330 Calculus and Analytic Geometry III : Midterm: B | Final: A, MA3160 Linear Algebra : Midterm: A | Final: B,,,fall 2019, MA4910 Operations Research I : Midterm: B | Final: A, MA4100 Number Theory : Midterm: A | Final: A,,,spring 2020,VA4200 Art Tutorials II : Midterm: A | Final: A, MA4920 Operations Research II : Midterm: A | Final: A-,,,fall 2020, MA 6150 Geometry : Midterm: C | Final: B+, ED 6084 Method/Mtrls Teaching Math MAT : Midterm: A | Final: A,,,606b5915962b7170e065a3e4,Part Time,700813560,Humfrid Leneham,qY1560IyWZ,7/21/1995,4028 Dryden Park,,,,,,,0
ebountiffii@answers.com,Politics & Economics & Law,,,,,,,,,,,,,,,,,,,,,,,,,,,,,,,,,,,,,,,,,,,,,Undergraduate - Junior,fall 2018,VA2010 Intro. to Creative Thinking : Midterm: A | Final: A, PE2300 Introduction to Law : Midterm: A | Final: B+,,,spring 2019, PE2650 Introduction to U.S. Politics : Midterm: A | Final: A, IR2210 Unions and Management: An Introduction : Midterm: A | Final: A,,,fall 2019,HI 3640  African History : Midterm: A | Final: A,HI 3835 Islamic Cultures : Midterm: A | Final: A,,,spring 2020, PE2220 Introduction to Urban Issues : Midterm: B | Final: A, PE2400 Introduction to Political Economy : Midterm: A | Final: B,,,fall 2020, IR 3300 CollectiveBarg & GrievanceProc : Midterm: B | Final: A, PE3100 International Relations : Midterm: A | Final: A,,,,,,,,,,,,,606b5915962b7170e065a3e5,Part Time,700080863,Edgard Bountiff,Cj7v9N6,10/23/1998,2973 Raven Lane,,,,,,,0
slismerij@telegraph.co.uk,Visual Arts: Electronic Media,,,,,,,,,,,,,,,,,,,,,,,,,,,,,,,,,,,,,,,,,,,,,Undergraduate - Sophomore,fall 2019,VA2010 Intro. to Creative Thinking : Midterm: A | Final: A, CS 2510 Computer Programming I : Midterm: A | Final: B+,EL 1000 English Comp I : Exposition : Midterm: A | Final: A,MA 1020 College Algebra : Midterm: A- | Final: A,spring 2020, CS 2511 Computer Programming II : Midterm: A | Final: A, VA2030 Drawing : Midterm: A | Final: A, MA2310 Calculus and Analytic Geometry I : Midterm : A | Final: A, EL 2239 Horror Literature : Midterm : B | Final: A,fall 2020,HI 3640  African History : Midterm: A | Final: A,HI 3835 Islamic Cultures : Midterm: A | Final: A,EL 3010  Structure & Grammar of English : Miderm: A | Final: A, HI 3091 African Cultures : Midterm: B | Final: B-,,,,,,,,,,,,,,,,,,,,,606b5915962b7170e065a3e6,Full Time,700138203,Scotti Lismer,bfHPnf,12/1/1995,81 Mayfield Parkway,,,,,,,0
mjuszczykik@prlog.org,Psychology,,,,,,,,,,,,,,,,,,,,,,,,,,,,,,,,,,,,,,,,,,,,,Undergraduate - Senior,fall 2017,VA2010 Intro. to Creative Thinking: Midterm: A | Final: A, PY2010 Introduction to Psychology : Midterm: A | Final: B+,,,spring 2018, PY2530 Psychology of Prejudice : Midterm: A | Final: A, PY2720 Psychology of Gender: Midterm: A | Final: A,,,fall 2018,HI 3640  African History : Midterm: A | Final: A,HI 3835 Islamic Cultures : Midterm: A | Final: A,,,spring 2019, PY3110 Research Methods I: (Orientation): Midterm: B | Final: A, PY2340 Community Psychology : Midterm: A | Final: B,,,fall 2019, PY3120 Research Methods II: (Statistics) : Midterm: B | Final: A, PY3610 Brain & Behavior: A | Final: A,,,spring 2020,VA4200 Art Tutorials II: Midterm: A | Final: A, PY4100 Research Methods III (Advanced Research Skills) : Midterm: A | Final: A-,,,fall 2020, PY4130 Field Experience and Research : Midterm: C | Final: B+, PY3310 Abnormal Human Behavior : Midterm: A | Final: A,,,606b5915962b7170e065a3e7,Part Time,700997965,Mannie Juszczyk,bm57lENacq,12/3/1995,09940 Hagan Lane,,,,,,,0
dbarfootim@clickbank.net,Management Information Systems,,,,,,,,,,,,,,,,,,,,,,,,,,,,,,,,,,,,,,,,,,,,,Undergraduate - Sophomore,fall 2019,VA2010 Intro. to Creative Thinking : Midterm: A | Final: A, CS 2510 Computer Programming I : Midterm: A | Final: B+,EL 1000 English Comp I : Exposition : Midterm: A | Final: A,MA 1020 College Algebra : Midterm: A- | Final: A,spring 2020, CS 2511 Computer Programming II : Midterm: A | Final: A, MA2000 Applied Statistics : Midterm: A | Final: A, VA2020 Basic Design : Midterm : A | Final: A, EL 2239 Horror Literature : Midterm : B | Final: A,fall 2020,HI 3640  African History : Midterm: A | Final: A,HI 3835 Islamic Cultures : Midterm : A | Final: A,EL 3010  Structure & Grammar of English : Miderm: A | Final: A, HI 3091 African Cultures : Midterm: B | Final: B-,,,,,,,,,,,,,,,,,,,,,606b5915962b7170e065a3e8,Full Time,700261173,Dulci Barfoot,7a8ECEbS,2/11/1997,312 Westend Place,,,,,,,0
tcolebrookin@bravesites.com,Adolescence Education: Chemistry (7-12),,,,,,,,,,,,,,,,,,,,,,,,,,,,,,,,,,,,,,,,,,,,,Undergraduate - Junior,fall 2018,VA2010 Intro. to Creative Thinking : Midterm: A | Final: A, BS 2400 Basic Bio Sciences I : Midterm: A | Final: B+,,,spring 2019, CP 2120 Principles of Chemistry I : Midterm: A | Final: A, CP 2121 Principles of Chemistry Lab I : Midterm: A | Final: A,,,fall 2019,HI 3640  African History : Midterm: A | Final: A,HI 3835 Islamic Cultures : Midterm: A | Final: A,,,spring 2020, CP 2130 Principles of Chemistry II : Midterm: B | Final: A, CP 2131 Principles Chemistry Lab II : Midterm: A | Final: B,,,fall 2020, CP 3300 Organic Chemistry I : Midterm: B | Final: A, CP 3302 Organic Chemistry Lab I : Midterm: A | Final: A,,,,,,,,,,,,,606b5915962b7170e065a3e9,Part Time,700291471,Tedda Colebrook,dRmRkND,8/12/1997,2 Derek Alley,,,,,,,0
hpizzeyip@simplemachines.org,Finance,,,,,,,,,,,,,,,,,,,,,,,,,,,,,,,,,,,,,,,,,,,,,Undergraduate - Sophomore,fall 2019,VA2010 Intro. to Creative Thinking : Midterm: A | Final: A, BU 3502 Principles of Accounting I : Midterm: A | Final: B+,EL 1000 English Comp I : Exposition : Midterm: A | Final: A, MA2310 Calculus and Analytic Geometry I : Midterm: A- | Final: A,spring 2020, MA2000 Applied Statistics : Midterm: A | Final: A, BU 3511Principles of Accounting II : Midterm: A | Final: A, VA2020 Basic Design : Midterm : A | Final: A, EL 2239 Horror Literature : Midterm : B | Final: A,fall 2020,HI 3640  African History : Midterm: A | Final: A,HI 3835 Islamic Cultures : Midterm : A | Final: A,EL 3010  Structure & Grammar of English : Miderm: A | Final: A, HI 3091 African Cultures : Midterm: B | Final: B-,,,,,,,,,,,,,,,,,,,,,606b5915962b7170e065a3ea,Full Time,700520921,Haze Pizzey,Ko40IN,9/25/1996,7 Green Terrace,,,,,,,0
wdemkeiq@1688.com,Criminology,,,,,,,,,,,,,,,,,,,,,,,,,,,,,,,,,,,,,,,,,,,,,Undergraduate - Sophomore,fall 2019,VA2010 Intro. to Creative Thinking : Midterm: A | Final: A, SY 1500  Intro Sociology : Midterm: A | Final: B+,EL 1000 English Comp I : Exposition : Midterm: A | Final: A,MA 1020 College Algebra : Midterm: A- | Final: A,spring 2020, CR 1500 Intro to Criminology : Midterm: A | Final: A, CR 2090  Juvenile Delinquency : Midterm: A | Final: A, VA2020 Basic Design : Midterm : A | Final: A, EL 2239 Horror Literature : Midterm : B | Final: A,fall 2020,HI 3640  African History : Midterm: A | Final: A,HI 3835 Islamic Cultures : Midterm: A | Final: A,EL 3010  Structure & Grammar of English : Miderm: A | Final: A, HI 3091 African Cultures : Midterm: B | Final: B-,,,,,,,,,,,,,,,,,,,,,606b5915962b7170e065a3eb,Full Time,700473545,Wald Demke,gYysq1v04,8/1/1996,3806 Di Loreto Plaza,,,,,,,0
ccowlasis@psu.edu,Sociology,,,,,,,,,,,,,,,,,,,,,,,,,,,,,,,,,,,,,,,,,,,,,Undergraduate - Freshman,,,,,,,,,,,,,,,,,,,,,,,,,,,,,,,,,,,,606b5915962b7170e065a3ec,Full Time,700921511,Charlie Cowlas,g8a1rlAu,6/9/1996,7 Thompson Plaza,,,,,,,0
bkuzemkait@trellian.com,Biochemistry,,,,,,,,,,,,,,,,,,,,,,,,,,,,,,,,,,,,,,,,,,,,,Undergraduate - Freshman,,,,,,,,,,,,,,,,,,,,,,,,,,,,,,,,,,,,606b5915962b7170e065a3ed,Full Time,700738023,Bea Kuzemka,hxTeZC170SC,11/12/1997,7 Dryden Terrace,,,,,,,0
hfishbournil@upenn.edu,Health and Society,,,,,,,,,,,,,,,,,,,,,,,,,,,,,,,,,,,,,,,,,,,,,Graduate,fall 2017,VA2010 Intro. to Creative Thinking : Midterm: A | Final: A, BS 2100 Biology for Non-Science Majors : Midterm: A | Final: B+,EL 1000 English Comp I : Exposition : Midterm: A | Final: A,MA 1020 College Algebra : Midterm: A- | Final: A,spring 2018, BS 2300  Anatomy&Physiology I Lecture : Midterm: A | Final: A, 2410  Basic Bio Sciences II : Midterm: A | Final: A, VA2020 Basic Design : Midterm : A | Final: A, EL 2239 Horror Literature : Midterm : B | Final: A,fall 2018,HI 3640  African History : Midterm: A | Final: A,HI 3835 Islamic Cultures : Midterm: A | Final: A,EL 3010  Structure & Grammar of English : Miderm: A | Final: A, HI 3091 African Cultures : Midterm: B | Final: B-,spring 2019, BS 2310  Anatomy&Physiology II Lecture : Midterm: B | Final: A, PH 3600  Social Determinants of Health : Midterm: A | Final: B, PH 3610 Intro.-U.S.Health Care System : Midterm: A | Final: A, VA3100 Visual Culture : Midterm: B | Final: C+,fall 2019, PH 3200 Nutrition & Society : Midterm: B | Final: A, PH 3700  Medical Anthropology : Midterm: A | Final: A,VA3200 Art Tutorials I : Midterm: A | Final: A,VA3400 Digital Imaging : Midterm: A | Final: B,spring 2020,VA4200 Art Tutorials II : Midterm: A | Final: A, PH 4670 Biostatistics : Midterm: A | Final: A-, PH 4800 Epidemiology : Midterm: B | Final: A, PH 4450 Human Sexuality : Midterm: A | Final: A,fall 2020, PH 4900 Community Health Field Placmt : Midterm: C | Final: B+, PH 4600  Health Program Planning & Eval : Midterm: A | Final: A, PH 4610 Women's Health : Midterm: A | Final: A, PH 4631  Mental Health : Midterm: A | Final: A,606b5915962b7170e065a3ee,Full Time,700117055,Hewe Fishbourn,b9TDD8hSP,8/30/1998,197 Sycamore Road,spring 2021, PH 5900 Research Methods : Midterm: A | Final: A, PH 4661  Health Education : Midterm: A | Final: A, PH 4680 Environmental Health : Midterm: A | Final: B, PH 4750  Aging & Social Policy : Midterm: B | Final: B+,,0
dmatteauio@goo.ne.jp,Special Education and Childhood Education (1-6),,,,,,,,,,,,,,,,,,,,,,,,,,,,,,,,,,,,,,,,,,,,,Graduate,fall 2017,VA2010 Intro. to Creative Thinking : Midterm: A | Final: A, SY2400 Sociology Through the Arts : Midterm: A | Final: B+,EL 1000 English Comp I : Exposition : Midterm: A | Final: A,MA 1020 College Algebra : Midterm: A- | Final: A,spring 2018, SY2550 Social Problems : Midterm: A | Final: A, SY2600 Social Deviance : Midterm: A | Final: A, VA2020 Basic Design : Midterm : A | Final: A, EL 2239 Horror Literature : Midterm : B | Final: A,fall 2018,HI 3640  African History : Midterm: A | Final: A,HI 3835 Islamic Cultures : Midterm: A | Final: A,EL 3010  Structure & Grammar of English : Miderm: A | Final: A, HI 3091 African Cultures : Midterm: B | Final: B-,spring 2019, PY3110 Research Methods I: (Orientation) : Midterm: B | Final: A, PY2010 Introduction to Psychology : Midterm: A | Final: B, PY3215 Foundations of Child Development : Midterm: A | Final: A, VA3100 Visual Culture : Midterm: B | Final: C+,fall 2019, PY3120 Research Methods II: (Statistics) : Midterm: B | Final: A, PY3410 Cognitive Psychology : Midterm: A | Final: A,VA3200 Art Tutorials I : Midterm: A | Final: A,VA3400 Digital Imaging : Midterm: A | Final: B,spring 2020,VA4200 Art Tutorials II : Midterm: A | Final: A, PY3610 Brain & Behavior : Midterm: A | Final: A-, ED3700 Child Development : Midterm: B | Final: A, PY3420 Learning & Motivation : Midterm: A | Final: A,fall 2020, ED4122 Methods and Materials for Teaching Elementary Math Methods : Midterm: C | Final: B+, ED4121 Methods and Materials for Teaching Elementary Science Majors : Midterm: A | Final: A, ED4300 Assessment and Evidence-based Decision Making in Special Education : Midterm: A | Final: A, ED4810 Positive Behavior Supports and Interventions for Students with Disabilities : Midterm: A | Final: A,606b5915962b7170e065a3ef,Full Time,700706321,Diane Matteau,xztZdClCHyL,7/20/1995,81 Emmet Place,spring 2021, ED4890 Effective Practices for Students with Low Incidence Disabilities : Midterm: A | Final: A, ED5930 Internship: Meeting the Needs of Diverse Learners : Midterm: A | Final: A, ED5960 Student Teaching and Seminar : Midterm: A | Final: B, ED4850 Instructional Design & Delivery for Students with Disabilities : Midterm: B | Final: B+,,0
jclouterir@bloomberg.com,Criminology,,,,,,,,,,,,,,,,,,,,,,,,,,,,,,,,,,,,,,,,,,,,,Graduate,fall 2017,VA2010 Intro. to Creative Thinking : Midterm: A | Final: A, SY 1500  Intro Sociology : Midterm: A | Final: B+,EL 1000 English Comp I : Exposition : Midterm: A | Final: A,MA 1020 College Algebra : Midterm: A- | Final: A,spring 2018, CR 1500 Intro to Criminology : Midterm: A | Final: A, CR 2090  Juvenile Delinquency : Midterm: A | Final: A, VA2020 Basic Design : Midterm : A | Final: A, EL 2239 Horror Literature : Midterm : B | Final: A,fall 2018,HI 3640  African History : Midterm: A | Final: A,HI 3835 Islamic Cultures : Midterm: A | Final: A,EL 3010  Structure & Grammar of English : Miderm: A | Final: A, HI 3091 African Cultures : Midterm: B | Final: B-,spring 2019, PY2010 Introduction to Psychology : Midterm: B | Final: A, SY 2600  Social Deviance : Midterm: A | Final: B, CR 3092 Victimology : Midterm: A | Final: A, VA3100 Visual Culture : Midterm: B | Final: C+,fall 2019, CR 3093  Criminal Justice Admin : Midterm: B | Final: A, CR 3094 Drugs and Society : Midterm: A | Final: A,VA3200 Art Tutorials I : Midterm: A | Final: A,VA3400 Digital Imaging : Midterm: A | Final: B,spring 2020,VA4200 Art Tutorials II : Midterm: A | Final: A, CR 3117  Policing Bodies : Midterm: A | Final: A-, CR 3200  Crime : Midterm: B | Final: A, PY3620 Drugs & Behavior : Midterm: A | Final: A,fall 2020, CR 4000 Gender : Midterm: C | Final: B+, CR 4091 Punishment & Corrections : Midterm: A | Final: A, CR 4099 Sociology of Violence : Midterm: A | Final: A, SY 4520 Research Methods I : Midterm: A | Final: A,606b5915962b7170e065a3f0,Full Time,700433380,Jamie Clouter,4i9V5JEfYLe,11/1/1996,500 Express Point,spring 2021, CR 4999 Issues in Criminology : Midterm: A | Final: A, SY 4570 Research Methods II : Midterm: A | Final: A, CR 4550 Theories of Crime : Midterm: A | Final: B, SY 4810 Law & Justice : Midterm: B | Final: B+,,0
tyuilleiu@unblog.fr,Visual Arts: Electronic Media,,,,,,,,,,,,,,,,,,,,,,,,,,,,,,,,,,,,,,,,,,,,,Undergraduate - Sophomore,fall 2019,VA2010 Intro. to Creative Thinking : Midterm: A | Final: A, CS 2510 Computer Programming I : Midterm: A | Final: B+,EL 1000 English Comp I : Exposition : Midterm: A | Final: A,MA 1020 College Algebra : Midterm: A- | Final: A,spring 2020, CS 2511 Computer Programming II : Midterm: A | Final: A, VA2030 Drawing : Midterm: A | Final: A, MA2310 Calculus and Analytic Geometry I : Midterm : A | Final: A, EL 2239 Horror Literature : Midterm : B | Final: A,fall 2020,HI 3640  African History : Midterm: A | Final: A,HI 3835 Islamic Cultures : Midterm: A | Final: A,EL 3010  Structure & Grammar of English : Miderm: A | Final: A, HI 3091 African Cultures : Midterm: B | Final: B-,,,,,,,,,,,,,,,,,,,,,606b5915962b7170e065a3f1,Full Time,700542331,Terrance Yuille,Z71UWwx,10/25/1998,047 Spohn Avenue,,,,,,,0
mdeiy@tumblr.com,Industrial and Labor Relations,,,,,,,,,,,,,,,,,,,,,,,,,,,,,,,,,,,,,,,,,,,,,Undergraduate - Freshman,,,,,,,,,,,,,,,,,,,,,,,,,,,,,,,,,,,,606b5915962b7170e065a3f2,Full Time,700705652,Morey De Ambrosis,rdJJAillgP,2/23/1998,521 6th Plaza,,,,,,,0
kgallahariv@microsoft.com,Marketing,,,,,,,,,,,,,,,,,,,,,,,,,,,,,,,,,,,,,,,,,,,,,Undergraduate - Freshman,,,,,,,,,,,,,,,,,,,,,,,,,,,,,,,,,,,,606b5915962b7170e065a3f3,Part Time,700453050,Kaylee Gallahar,L4UOvf9NptrT,2/8/1996,0791 Grasskamp Alley,,,,,,,0
wriglerj0@cbslocal.com,Adolescence Education: Chemistry (7-12),,,,,,,,,,,,,,,,,,,,,,,,,,,,,,,,,,,,,,,,,,,,,Undergraduate - Freshman,,,,,,,,,,,,,,,,,,,,,,,,,,,,,,,,,,,,606b5915962b7170e065a3f4,Part Time,700723168,Willem Rigler,5SSvpGq,3/17/1996,703 Buena Vista Terrace,,,,,,,0
amuckleyix@weibo.com,English,,,,,,,,,,,,,,,,,,,,,,,,,,,,,,,,,,,,,,,,,,,,,Graduate,fall 2017,VA2010 Intro. to Creative Thinking : Midterm: A | Final: A, HI1010 World Religions: West : Midterm: A | Final: B+,EL 1000 English Comp I : Exposition : Midterm: A | Final: A,MA 1020 College Algebra : Midterm: A- | Final: A,spring 2018, EL 2239 Horror Literature : Midterm: A | Final: A, 2410  Basic Bio Sciences II : Midterm: A | Final: A, VA2020 Basic Design : Midterm : A | Final: A, EL 3010  Structure & Grammar of English : Midterm : B | Final: A,fall 2018,HI 3640  African History : Midterm: A | Final: A,HI 3835 Islamic Cultures : Midterm: A | Final: A, EL 3500  Lit Across Cultures I:Analysis : Miderm: A | Final: A, HI 3091 African Cultures : Midterm: B | Final: B-,spring 2019, EL 3510  Lit Across Cultures II:Theory : Midterm: B | Final: A, EL 3600 US Literature I : Midterm: A | Final: B, EL 3800 Eng Lit I:Beowulf-18th Century : Midterm: A | Final: A, VA3100 Visual Culture : Midterm: B | Final: C+,fall 2019, EL 3610  US Literature II : Midterm: B | Final: A, EL 3810  Eng Lit II:Romantics - Present : Midterm: A | Final: A,VA3200 Art Tutorials I : Midterm: A | Final: A,VA3400 Digital Imaging : Midterm: A | Final: B,spring 2020,VA4200 Art Tutorials II : Midterm: A | Final: A, EL 3560  Literatures of Europe:Part I : Midterm: A | Final: A-, EL 3950  Creative Non-Fiction : Midterm: B | Final: A, EL 4311 Greek Drama : Midterm: A | Final: A,fall 2020, EL 3561 Literatures of Europe:Part II : Midterm: C | Final: B+, EL 4312 Greek Mythology : Midterm: A | Final: A, EL 4325 Shakespeare: Selected Plays : Midterm: A | Final: A, EL 4400  Critical Theory : Midterm: A | Final: A,606b5915962b7170e065a3f5,Full Time,700782080,Arnaldo Muckley,QmqZKiuz,12/17/1995,3 Lillian Way,spring 2021, EL 4402 Sin & Sexuality in Literature : Midterm: A | Final: A, EL 4500 Topics in British/US Lit : Midterm: A | Final: A, EL 4510  Modern Drama & Theatre : Midterm: A | Final: B, SY 5990  Senior Seminar : Midterm: B | Final: B+,,0
gpedroiw@house.gov,Adolescence Education: Mathematics (7-12),,,,,,,,,,,,,,,,,,,,,,,,,,,,,,,,,,,,,,,,,,,,,Undergraduate - Senior,fall 2017,VA2010 Intro. to Creative Thinking : Midterm: A | Final: A, MA2000 Applied Statistics : Midterm: A | Final: B+,,,spring 2018, MA2320 Calculus and Analytic Geometry II : Midterm: A | Final: A, MA3030 Discrete Mathematics : Midterm: A | Final: A,,,fall 2018,HI 3640  African History : Midterm: A | Final: A,HI 3835 Islamic Cultures : Midterm : A | Final: A,,,spring 2019, MA3330 Calculus and Analytic Geometry III : Midterm: B | Final: A, MA3160 Linear Algebra : Midterm: A | Final: B,,,fall 2019, MA4910 Operations Research I : Midterm: B | Final: A, MA4100 Number Theory : Midterm: A | Final: A,,,spring 2020,VA4200 Art Tutorials II : Midterm: A | Final: A, MA4920 Operations Research II : Midterm: A | Final: A-,,,fall 2020, MA 6150 Geometry : Midterm: C | Final: B+, ED 6084 Method/Mtrls Teaching Math MAT : Midterm: A | Final: A,,,606b5915962b7170e065a3f6,Part Time,700701869,Gallard Pedro,wVO4dJL8P,1/28/1996,78164 Monument Drive,,,,,,,0
nrichardiniz@cocolog-nifty.com,Finance,,,,,,,,,,,,,,,,,,,,,,,,,,,,,,,,,,,,,,,,,,,,,Undergraduate - Junior,fall 2018,VA2010 Intro. to Creative Thinking : Midterm: A | Final: A, BU 3502 Principles of Accounting I : Midterm: A | Final: B+,EL 1000 English Comp I : Exposition : Midterm: A | Final: A, MA2310 Calculus and Analytic Geometry I : Midterm: A- | Final: A,spring 2019, MA2000 Applied Statistics : Midterm: A | Final: A, BU 3511Principles of Accounting II : Midterm: A | Final: A, VA2020 Basic Design : Midterm : A | Final: A, EL 2239 Horror Literature : Midterm : B | Final: A,fall 2019,HI 3640  African History : Midterm: A | Final: A,HI 3835 Islamic Cultures : Midterm : A | Final: A,EL 3010  Structure & Grammar of English : Miderm: A | Final: A, HI 3091 African Cultures : Midterm: B | Final: B-,spring 2020, BU 3010 Info Systems For Mgrs : Midterm: B | Final: A, BU 4500 Intermediate Accounting I : Midterm: A | Final: B, BU 4720   Global Financial Markets : Midterm: A | Final: A, VA3100 Visual Culture : Midterm: B | Final: C+,fall 2020, BU 4510 Intermediate Accounting II : Midterm: B | Final: A, BU 4774   Financial Markets & Inst : Midterm: A | Final: A,VA3200 Art Tutorials I : Midterm: A | Final: A,VA3400 Digital Imaging : Midterm: A | Final: B,,,,,,,,,,,606b5915962b7170e065a3f7,Full Time,700201583,Netta Richardin,CZr5gS,4/30/1995,3469 Reinke Circle,,,,,,,0
tyukhninj1@sogou.com,Business Administration,,,,,,,,,,,,,,,,,,,,,,,,,,,,,,,,,,,,,,,,,,,,,Undergraduate - Sophomore,fall 2019,VA2010 Intro. to Creative Thinking : Midterm: A | Final: A, AS 2112 American People I : Midterm: A | Final: B+,,,spring 2020, AS 2122 American People II : Midterm: A | Final: A, MA 2300 Calc/Business & Economics : Midterm: A | Final: A,,,fall 2018,HI 3640  African History : Midterm: A | Final: A,HI 3835 Islamic Cultures : Midterm : A | Final: A,,,spring 2020, BU 3010 Information Systems for Managers : Midterm: B | Final: A, BU 3502 Principles of Accounting I : Midterm: A | Final: B,,,,,,,,,,,,,,,,,,606b5915962b7170e065a3f8,Part Time,700399804,Taffy Yukhnin,ljUnfYkFg,2/15/1995,0 Ridge Oak Parkway,,,,,,,0
jvasilischevj2@umich.edu,Biological Sciences,,,,,,,,,,,,,,,,,,,,,,,,,,,,,,,,,,,,,,,,,,,,,Graduate,fall 2017,VA2010 Intro. to Creative Thinking : Midterm: A | Final: A, BS2490 Environmental Science : Midterm: A | Final: B+,EL 1000 English Comp I : Exposition : Midterm: A | Final: A,MA 1020 College Algebra : Midterm: A- | Final: A,spring 2018, BS3400 Vertebrate Physiology : Midterm: A | Final: A, BS3450 Plant Biology : Midterm: A | Final: A, VA2020 Basic Design : Midterm : A | Final: A, EL 2239 Horror Literature : Midterm : B | Final: A,fall 2018,HI 3640  African History : Midterm: A | Final: A,HI 3835 Islamic Cultures : Midterm: A | Final: A,EL 3010  Structure & Grammar of English : Miderm: A | Final: A, HI 3091 African Cultures : Midterm: B | Final: B-,spring 2019, BS3510 Parasitology : Midterm: B | Final: A, BS3531 Comparative Genomics Lab : Midterm: A | Final: B, BS3530 Comparative Genomics : Midterm: A | Final: A, VA3100 Visual Culture : Midterm: B | Final: C+,fall 2019, BS3520 Comparative Anatomy : Midterm: B | Final: A, BS3710 Environmental Physiology : Midterm: A | Final: A,VA3200 Art Tutorials I : Midterm: A | Final: A,VA3400 Digital Imaging : Midterm: A | Final: B,spring 2020,VA4200 Art Tutorials II : Midterm: A | Final: A, BS3810  Biological Aspects of Aging : Midterm: A | Final: A-, BS4400 Cell Biology : Midterm: B | Final: A, BS4460 Genetics : Midterm: A | Final: A,fall 2020, BS4440 Evolution : Midterm: C | Final: B+, BS4410  Histology : Midterm: A | Final: A, BS4420  Microbiology : Midterm: A | Final: A, BS4430  Developmental Biology : Midterm: A | Final: A,606b5915962b7170e065a3f9,Full Time,700320480,Jenine Vasilischev,WDTMGX6Bu,3/27/1998,07451 Delladonna Street,spring 2021, BS4461  Immunology : Midterm: A | Final: A, BS4470  Ecology : Midterm: A | Final: A, MA5230 Mathematical Statistics : Midterm: A | Final: B, MA5380 Complex Analysis : Midterm: B | Final: B+,,0
ltilburnj3@amazon.com,Philosophy and Religion,,,,,,,,,,,,,,,,,,,,,,,,,,,,,,,,,,,,,,,,,,,,,Undergraduate - Senior,fall 2017,VA2010 Intro. to Creative Thinking : Midterm: A | Final: A, HI1010 World Religions: West : Midterm: A | Final: B+,EL 1000 English Comp I : Exposition : Midterm: A | Final: A, MA2310 Calculus and Analytic Geometry I : Midterm: A- | Final: A,spring 2018, HI1020 World Religions: East : Midterm: A | Final: A, HI2155 Introduction to Comparative Religion : Midterm: A | Final: A, VA2020 Basic Design : Midterm : A | Final: A, EL 2239 Horror Literature : Midterm : B | Final: A,fall 2018,HI 3640  African History : Midterm: A | Final: A,HI 3835 Islamic Cultures : Midterm : A | Final: A,EL 3010  Structure & Grammar of English : Miderm: A | Final: A, HI 3091 African Cultures : Midterm: B | Final: B-,spring 2019, HI2700 Introduction to Logic : Midterm: B | Final: A, HI2720 Introduction to Philosophy : Midterm: A | Final: B, AS 2112 American People I : Midterm: A | Final: A, VA3100 Visual Culture : Midterm: B | Final: C+,fall 2019, HI3080 Asian Cultures : Midterm: B | Final: A, HI3840 Crescent and Cross : Midterm: A | Final: A,VA3200 Art Tutorials I : Midterm: A | Final: A,VA3400 Digital Imaging : Midterm: A | Final: B,spring 2020,VA4200 Art Tutorials II : Midterm: A | Final: A, HI3011 Foundations of Judeo-Christian Tradition : Midterm: A | Final: A-, HI3323 Buddhism : Midterm: B | Final: A, HI3525 Ancient Greek Philosophy : Midterm: A | Final: A,fall 2020, HI3703 Modern Philosophy : Midterm: C | Final: B+, HI3704 African Religions and Philosophy : Midterm: A | Final: A, HI3710 Contemporary Philosophical Issues : Midterm: A | Final: A, HI3950 Philosophy of Religion : Midterm: A | Final: A,606b5915962b7170e065a3fa,Full Time,700509215,Lenard Tilburn,WNgfnCz1,11/24/1995,61914 Elgar Road,,,,,,,0
mchadwellj6@amazonaws.com,Psychology,,,,,,,,,,,,,,,,,,,,,,,,,,,,,,,,,,,,,,,,,,,,,Undergraduate - Freshman,,,,,,,,,,,,,,,,,,,,,,,,,,,,,,,,,,,,606b5915962b7170e065a3fb,Full Time,700837272,My Chadwell,c80yfX7f3TL6,8/10/1995,939 Reinke Center,,,,,,,0
mannesliej4@bloglines.com,Adolescence Education: Social Studies (7-12),,,,,,,,,,,,,,,,,,,,,,,,,,,,,,,,,,,,,,,,,,,,,Undergraduate - Senior,fall 2017,VA2010 Intro. to Creative Thinking : Midterm: A | Final: A, HI 2681 Intro to Europe Hist:1350-Present : Midterm: A | Final: B+,,,spring 2018, AS 2112 American People I : Midterm: A | Final: A, HI 3080   Asian Cultures : Midterm: A | Final: A,,,fall 2018,HI 3640  African History : Midterm: A | Final: A,HI 3835 Islamic Cultures : Midterm: A | Final: A,,,spring 2019, AS 2122 American People II : Midterm: B | Final: A, HI 3110 Latin American Culture : Midterm: A | Final: B,,,fall 2019, HI 4308 History Modern Middle East : Midterm: B | Final: A, HI 4001 19th Century : Midterm: A | Final: A,,,spring 2020,VA4200 Art Tutorials II : Midterm: A | Final: A, HI 4011  20th Century : Midterm: A | Final: A-,,,fall 2020, ED 6903 Student Teaching:Social Stds : Midterm: C | Final: B+, HI 6510 Topics in US History : Midterm: A | Final: A,,,606b5915962b7170e065a3fc,Part Time,700651372,Moishe Anneslie,CK3aulzo,6/11/1996,94 Muir Pass,,,,,,,0
jlambertinij5@prlog.org,History,,,,,,,,,,,,,,,,,,,,,,,,,,,,,,,,,,,,,,,,,,,,,Undergraduate - Junior,fall 2018,VA2010 Intro. to Creative Thinking: Midterm: A | Final: A,AS 2112 American People I : Midterm: A | Final: B+,,,spring 2019,AS 2122 American People II : Midterm: A | Final: A, HI 2681 Intro to Europe Hist:1350-Present: Midterm: A | Final: A,,,fall 2019,HI 3640  African History : Midterm: A | Final: A,HI 3835 Islamic Cultures : Midterm: A | Final: A,,,spring 2020,HI 4308 History Modern Middle East: Midterm: B | Final: A,HI 4632 Japanese History Through Literature : Midterm: A | Final: B,,,fall 2020,PE 4690 Politics of Lat Amer/Caribbean : Midterm: B | Final: A,HI 4001 19th Century : Midterm: A | Final: A,,,,,,,,,,,,,606b5915962b7170e065a3fd,Part Time,700320170,Jesselyn Lambertini,g0dBsqLpKirn,7/6/1997,5747 Commercial Hill,,,,,,,0
ocussinsj9@wired.com,Visual Arts: Electronic Media,,,,,,,,,,,,,,,,,,,,,,,,,,,,,,,,,,,,,,,,,,,,,Undergraduate - Freshman,,,,,,,,,,,,,,,,,,,,,,,,,,,,,,,,,,,,606b5915962b7170e065a3fe,Part Time,700793101,Orson Cussins,4WdNFYA6Ha,9/14/1997,32141 Sachtjen Road,,,,,,,0
pravenhillj7@fema.gov,Psychology,,,,,,,,,,,,,,,,,,,,,,,,,,,,,,,,,,,,,,,,,,,,,Undergraduate - Senior,fall 2017,VA2010 Intro. to Creative Thinking: Midterm: A | Final: A, PY2010 Introduction to Psychology : Midterm: A | Final: B+,EL 1000 English Comp I: Exposition: Midterm: A | Final: A,MA 1020 College Algebra: Midterm: A- | Final: A,spring 2018, PY2530 Psychology of Prejudice : Midterm: A | Final: A, PY2720 Psychology of Gender: Midterm: A | Final: A, VA2020 Basic Design : Midterm: A | Final: A, EL 2239 Horror Literature : Midterm: B | Final: A,fall 2018,HI 3640  African History : Midterm: A | Final: A,HI 3835 Islamic Cultures : Midterm: A | Final: A,EL 3010  Structure & Grammar of English : Miderm: A | Final: A, HI 3091 African Cultures: Midterm: B | Final: B-,spring 2019, PY3110 Research Methods I: (Orientation): Midterm: B | Final: A, PY2340 Community Psychology : Midterm: A | Final: B, PY3420 Learning & Motivation : Midterm: A | Final: A, VA3100 Visual Culture: Midterm: B | Final: C+,fall 2019, PY3120 Research Methods II: (Statistics) : Midterm: B | Final: A, PY3610 Brain & Behavior: A | Final: A,VA3200 Art Tutorials I: Midterm: A | Final: A,VA3400 Digital Imaging : Midterm: A | Final: B,spring 2020,VA4200 Art Tutorials II: Midterm: A | Final: A, PY4100 Research Methods III (Advanced Research Skills) : Midterm: A | Final: A-, PY3620 Drugs & Behavior : Midterm: B | Final: A, PY3215 Foundations of Child Development : Midterm: A | Final: A,fall 2020, PY4130 Field Experience and Research : Midterm: C | Final: B+, PY3310 Abnormal Human Behavior : Midterm: A | Final: A, PY3311 Theories of Personality : Midterm: A | Final: A, PY3410 Cognitive Psychology: Midterm: A | Final: A,606b5915962b7170e065a3ff,Full Time,700716045,Perry Ravenhill,4nA8dkRwMM,2/12/1997,31319 Banding Hill,,,,,,,0
cwainscotja@marriott.com,Sociology,,,,,,,,,,,,,,,,,,,,,,,,,,,,,,,,,,,,,,,,,,,,,Undergraduate - Senior,fall 2017,VA2010 Intro. to Creative Thinking: Midterm: A | Final: A, SY2400 Sociology Through the Arts : Midterm: A | Final: B+,,,spring 2018, SY2550 Social Problems: Midterm: A | Final: A, SY2600 Social Deviance: Midterm: A | Final: A,,,fall 2018,HI 3640  African History : Midterm: A | Final: A,HI 3835 Islamic Cultures : Midterm: A | Final: A,,,spring 2019, SY2800 Race: Midterm: B | Final: A, SY3160 Sociology of Culture : Midterm: A | Final: B,,,fall 2019, SY3630 Political Sociology : Midterm: B | Final: A, SY3700 Family and Society : Midterm: A | Final: A,,,spring 2020,VA4200 Art Tutorials II: Midterm: A | Final: A, SY3750 Medical Sociology : Midterm: A | Final: A-,,,fall 2020, SY3910 Sociology of Work : Midterm: C | Final: B+, SY4260 Social Work: Theory and Practice : Midterm: A | Final: A,,,606b5915962b7170e065a400,Part Time,700655730,Carrol Wainscot,apqRPXMnQWv,10/29/1996,6 Old Gate Way,,,,,,,0
cconiamj8@tiny.cc,Psychology,,,,,,,,,,,,,,,,,,,,,,,,,,,,,,,,,,,,,,,,,,,,,Undergraduate - Senior,fall 2017,VA2010 Intro. to Creative Thinking: Midterm: A | Final: A, PY2010 Introduction to Psychology : Midterm: A | Final: B+,EL 1000 English Comp I: Exposition: Midterm: A | Final: A,MA 1020 College Algebra: Midterm: A- | Final: A,spring 2018, PY2530 Psychology of Prejudice : Midterm: A | Final: A, PY2720 Psychology of Gender: Midterm: A | Final: A, VA2020 Basic Design : Midterm: A | Final: A, EL 2239 Horror Literature : Midterm: B | Final: A,fall 2018,HI 3640  African History : Midterm: A | Final: A,HI 3835 Islamic Cultures : Midterm: A | Final: A,EL 3010  Structure & Grammar of English : Miderm: A | Final: A, HI 3091 African Cultures: Midterm: B | Final: B-,spring 2019, PY3110 Research Methods I: (Orientation): Midterm: B | Final: A, PY2340 Community Psychology : Midterm: A | Final: B, PY3420 Learning & Motivation : Midterm: A | Final: A, VA3100 Visual Culture: Midterm: B | Final: C+,fall 2019, PY3120 Research Methods II: (Statistics) : Midterm: B | Final: A, PY3610 Brain & Behavior: A | Final: A,VA3200 Art Tutorials I: Midterm: A | Final: A,VA3400 Digital Imaging : Midterm: A | Final: B,spring 2020,VA4200 Art Tutorials II: Midterm: A | Final: A, PY4100 Research Methods III (Advanced Research Skills) : Midterm: A | Final: A-, PY3620 Drugs & Behavior : Midterm: B | Final: A, PY3215 Foundations of Child Development : Midterm: A | Final: A,fall 2020, PY4130 Field Experience and Research : Midterm: C | Final: B+, PY3310 Abnormal Human Behavior : Midterm: A | Final: A, PY3311 Theories of Personality : Midterm: A | Final: A, PY3410 Cognitive Psychology: Midterm: A | Final: A,606b5915962b7170e065a401,Full Time,700434921,Cole Coniam,uoj8qF7PHUJ,12/15/1995,1 West Pass,,,,,,,0
vwenderottjc@yandex.ru,Criminology,,,,,,,,,,,,,,,,,,,,,,,,,,,,,,,,,,,,,,,,,,,,,Undergraduate - Freshman,,,,,,,,,,,,,,,,,,,,,,,,,,,,,,,,,,,,606b5915962b7170e065a402,Part Time,700781203,Val Wenderott,yB55BxmDTW,1/21/1995,9597 Pearson Court,,,,,,,0
djacobsonjb@apache.org,Business Administration,,,,,,,,,,,,,,,,,,,,,,,,,,,,,,,,,,,,,,,,,,,,,Graduate,fall 2017,VA2010 Intro. to Creative Thinking : Midterm: A | Final: A, AS 2112 American People I : Midterm: A | Final: B+,EL 1000 English Comp I : Exposition : Midterm: A | Final: A,MA 1020 College Algebra : Midterm: A- | Final: A,spring 2018, AS 2122 American People II : Midterm: A | Final: A, MA 2300 Calc/Business & Economics : Midterm: A | Final: A, VA2020 Basic Design : Midterm : A | Final: A, EL 2239 Horror Literature : Midterm : B | Final: A,fall 2018,HI 3640  African History : Midterm: A | Final: A,HI 3835 Islamic Cultures : Midterm : A | Final: A,EL 3010  Structure & Grammar of English : Miderm: A | Final: A, HI 3091 African Cultures : Midterm: B | Final: B-,spring 2019, BU 3010 Information Systems for Managers : Midterm: B | Final: A, BU 3502 Principles of Accounting I : Midterm: A | Final: B, BU3600 Principles Business Law : Midterm: A | Final: A, VA3100 Visual Culture : Midterm: B | Final: C+,fall 2019, BU 3511 Principles of Accounting II : Midterm: B | Final: A, BU3905 Business Communication : Midterm: A | Final: A,VA3200 Art Tutorials I : Midterm: A | Final: A,VA3400 Digital Imaging : Midterm: A | Final: B,spring 2020,VA4200 Art Tutorials II : Midterm: A | Final: A, BU 4110 Organizational Behavior & Mgmt : Midterm: A | Final: A-, BU 4120  Global Business : Midterm: B | Final: A, BU 4035 Web Sys & Electronic Commerce : Midterm: A | Final: A,fall 2020, BU 4130 Entrepreneurship : Midterm: C | Final: B+, BU4820 International Marketing : Midterm: A | Final: A, BU4851 Consumer Behavior : Midterm: A | Final: A, BU3800 Marketing: Principles & Concepts : Midterm: A | Final: A,606b5915962b7170e065a403,Full Time,700169733,Denis Jacobson,lf3p6bHxj2K,2/4/1998,11 Shoshone Lane,spring 2021, BU 5196 Leadership : Midterm: A | Final: A, BU 5171 Human Resource Management : Midterm: A | Final: A, BU5841 Strategic Marketing : Midterm: A | Final: B, BU 5195 Management Seminar : Midterm: B | Final: B+,,0
kmoresidejd@sohu.com,Media and Communications,,,,,,,,,,,,,,,,,,,,,,,,,,,,,,,,,,,,,,,,,,,,,Undergraduate - Senior,fall 2017,VA2010 Intro. to Creative Thinking : Midterm: A | Final: A, AS2020 New Media CE : Midterm: A | Final: B+,EL 1000 English Comp I : Exposition : Midterm: A | Final: A, MA2310 Calculus and Analytic Geometry I : Midterm: A- | Final: A,spring 2018, AS2652 Media Studies : Midterm: A | Final: A, AS2700 The Engaged Eye : Midterm: A | Final: A, VA2020 Basic Design : Midterm : A | Final: A, EL 2239 Horror Literature : Midterm : B | Final: A,fall 2018,HI 3640  African History : Midterm: A | Final: A,HI 3835 Islamic Cultures : Midterm : A | Final: A,EL 3010  Structure & Grammar of English : Miderm: A | Final: A, HI 3091 African Cultures : Midterm: B | Final: B-,spring 2019, AS3310 From Citizen to Consumer : Midterm: B | Final: A, AS3632 History of U.S. Film : Midterm: A | Final: B, AS3712 American Film Genres : Midterm: A | Final: A, VA3100 Visual Culture : Midterm: B | Final: C+,fall 2019, AS3722 History of Mass Media : Midterm: B | Final: A, AS3732 Politics of Media & Inst : Midterm: A | Final: A,VA3200 Art Tutorials I : Midterm: A | Final: A,VA3400 Digital Imaging : Midterm: A | Final: B,spring 2020,VA4200 Art Tutorials II : Midterm: A | Final: A, AS3735 Documentary Media Studies : Midterm: A | Final: A-, AS3742 Myths and Images in Film : Midterm: B | Final: A, AS3745 Feminine and Masculine in Film : Midterm: A | Final: A,fall 2020, AS3810 Music and Media : Midterm: C | Final: B+, AS3830 Public Relations and Society : Midterm: A | Final: A, AS3842 African-Americans and the Mass Media : Midterm: A | Final: A, AS3852 Women and the Media : Midterm: A | Final: A,606b5915962b7170e065a404,Full Time,700951639,Kate Moreside,FVw2JoPQ,6/22/1997,55 Pawling Way,,,,,,,0
drihaje@stumbleupon.com,Biochemistry,,,,,,,,,,,,,,,,,,,,,,,,,,,,,,,,,,,,,,,,,,,,,Graduate,fall 2017,VA2010 Intro. to Creative Thinking : Midterm: A | Final: A, BS 2400 Basic Bio Sciences I : Midterm: A | Final: B+,EL 1000 English Comp I : Exposition : Midterm: A | Final: A,MA 1020 College Algebra : Midterm: A- | Final: A,spring 2018, CP 2120 Principles of Chemistry I : Midterm: A | Final: A, CP 2121 Principles of Chemistry Lab I : Midterm: A | Final: A, VA2020 Basic Design : Midterm : A | Final: A, EL 2239 Horror Literature : Midterm : B | Final: A,fall 2018,HI 3640  African History : Midterm: A | Final: A,HI 3835 Islamic Cultures : Midterm : A | Final: A,EL 3010  Structure & Grammar of English : Miderm: A | Final: A, HI 3091 African Cultures : Midterm: B | Final: B-,spring 2019, BS 2410 Basic Bio Sciences II : Midterm: B | Final: A, CP 2130 Principles of Chemistry II : Midterm: A | Final: B, CP 2131 Principles Chemistry Lab II : Midterm: A | Final: A, VA3100 Visual Culture : Midterm: B | Final: C+,fall 2019, CP 2220 Structure of Physics I : Midterm: B | Final: A, CP 2221 Structure of Physics I Lab : Midterm: A | Final: A,VA3200 Art Tutorials I : Midterm: A | Final: A,VA3400 Digital Imaging : Midterm: A | Final: B,spring 2020,VA4200 Art Tutorials II : Midterm: A | Final: A, CP 3300 Organic Chemistry I : Midterm: A | Final: A-, CP 3302 Organic Chemistry Lab I : Midterm: B | Final: A, CP 3400 Analytical Chemistry-Lect/Lab : Midterm: A | Final: A,fall 2020, CP 3310 Organic Chemistry II : Midterm: C | Final: B+, CP 3312 Organic Chemistry Lab II : Midterm: A | Final: A, CP 4510 Biochemistry I : Midterm: A | Final: A, CP 4520 Biochemistry Lab : Midterm: A | Final: A,606b5915962b7170e065a405,Full Time,700249906,Delly Riha,paMVFRyS28C,12/16/1995,5665 Nancy Parkway,spring 2021, CP 4515 Biochemistry II : Midterm: A | Final: A, CP 4700 Physical Chemistry I : Midterm: A | Final: A, BS 4560 Molecular Biology : Midterm: A | Final: B, BS 4460 Genetics : Midterm: B | Final: B+,,0
cplewsjg@mtv.com,Sociology,,,,,,,,,,,,,,,,,,,,,,,,,,,,,,,,,,,,,,,,,,,,,Undergraduate - Junior,fall 2018,VA2010 Intro. to Creative Thinking: Midterm: A | Final: A, SY2400 Sociology Through the Arts : Midterm: A | Final: B+,,,spring 2019, SY2550 Social Problems: Midterm: A | Final: A, SY2600 Social Deviance: Midterm: A | Final: A,,,fall 2019,HI 3640  African History : Midterm: A | Final: A,HI 3835 Islamic Cultures : Midterm: A | Final: A,,,spring 2020, SY2800 Race: Midterm: B | Final: A, SY3160 Sociology of Culture : Midterm: A | Final: B,,,fall 2020, SY3630 Political Sociology : Midterm: B | Final: A, SY3700 Family and Society : Midterm: A | Final: A,,,,,,,,,,,,,606b5915962b7170e065a406,Part Time,700121296,Cristi Plews,L29SAtJ3k,11/18/1996,64182 Elmside Alley,,,,,,,0
chowcroftjh@biglobe.ne.jp,Psychology,,,,,,,,,,,,,,,,,,,,,,,,,,,,,,,,,,,,,,,,,,,,,Undergraduate - Sophomore,fall 2019,VA2010 Intro. to Creative Thinking: Midterm: A | Final: A, PY2010 Introduction to Psychology : Midterm: A | Final: B+,EL 1000 English Comp I: Exposition: Midterm: A | Final: A,MA 1020 College Algebra: Midterm: A- | Final: A,spring 2020, PY2530 Psychology of Prejudice : Midterm: A | Final: A, PY2720 Psychology of Gender: Midterm: A | Final: A, VA2020 Basic Design : Midterm: A | Final: A, EL 2239 Horror Literature : Midterm: B | Final: A,fall 2020,HI 3640  African History : Midterm: A | Final: A,HI 3835 Islamic Cultures : Midterm: A | Final: A,EL 3010  Structure & Grammar of English : Miderm: A | Final: A, HI 3091 African Cultures: Midterm: B | Final: B-,,,,,,,,,,,,,,,,,,,,,606b5915962b7170e065a407,Full Time,700673201,Carrie Howcroft,YeBFBAy2,6/11/1998,82596 Schurz Street,,,,,,,0
trappoportji@oaic.gov.au,Visual Arts: Electronic Media,,,,,,,,,,,,,,,,,,,,,,,,,,,,,,,,,,,,,,,,,,,,,Undergraduate - Sophomore,fall 2019,VA2010 Intro. to Creative Thinking : Midterm: A | Final: A, CS 2510 Computer Programming I : Midterm: A | Final: B+,EL 1000 English Comp I : Exposition : Midterm: A | Final: A,MA 1020 College Algebra : Midterm: A- | Final: A,spring 2020, CS 2511 Computer Programming II : Midterm: A | Final: A, VA2030 Drawing : Midterm: A | Final: A, MA2310 Calculus and Analytic Geometry I : Midterm : A | Final: A, EL 2239 Horror Literature : Midterm : B | Final: A,fall 2020,HI 3640  African History : Midterm: A | Final: A,HI 3835 Islamic Cultures : Midterm: A | Final: A,EL 3010  Structure & Grammar of English : Miderm: A | Final: A, HI 3091 African Cultures : Midterm: B | Final: B-,,,,,,,,,,,,,,,,,,,,,606b5915962b7170e065a408,Full Time,700317813,Theodora Rappoport,SyWxuTVYj,12/31/1995,57444 Jenifer Avenue,,,,,,,0
rmanesjf@so-net.ne.jp,Politics & Economics & Law,,,,,,,,,,,,,,,,,,,,,,,,,,,,,,,,,,,,,,,,,,,,,Graduate,fall 2017,VA2010 Intro. to Creative Thinking : Midterm: A | Final: A, PE2300 Introduction to Law : Midterm: A | Final: B+,EL 1000 English Comp I : Exposition : Midterm: A | Final: A,MA 1020 College Algebra : Midterm: A- | Final: A,spring 2018, PE2650 Introduction to U.S. Politics : Midterm: A | Final: A, IR2210 Unions and Management: An Introduction : Midterm: A | Final: A, VA2020 Basic Design : Midterm : A | Final: A, EL 2239 Horror Literature : Midterm : B | Final: A,fall 2018,HI 3640  African History : Midterm: A | Final: A,HI 3835 Islamic Cultures : Midterm: A | Final: A,EL 3010  Structure & Grammar of English : Miderm: A | Final: A, HI 3091 African Cultures : Midterm: B | Final: B-,spring 2019, PE2220 Introduction to Urban Issues : Midterm: B | Final: A, PE2400 Introduction to Political Economy : Midterm: A | Final: B, IR 3140 Unions & Public Policy: Midterm: A | Final: A, VA3100 Visual Culture : Midterm: B | Final: C+,fall 2019, IR 3300 CollectiveBarg & GrievanceProc : Midterm: B | Final: A, PE3100 International Relations : Midterm: A | Final: A,VA3200 Art Tutorials I : Midterm: A | Final: A,VA3400 Digital Imaging : Midterm: A | Final: B,spring 2020,VA4200 Art Tutorials II : Midterm: A | Final: A, BU3600 Principles Business Law : Midterm: A | Final: A-, IR 3415 Labor Economics : Midterm: B | Final: A, IR 3860 Development of the Modern Corp : Midterm: A | Final: A,fall 2020, PE4320 Jurisprudence: Legal Thought : Midterm: C | Final: B+, PE4470 History of Economic Thought : Midterm: A | Final: A, PE4620 Political and Social Thought : Midterm: A | Final: A, PE4580 Origins of the Capitalist Economy : Midterm: A | Final: A,606b5915962b7170e065a409,Full Time,700740665,Rad Manes,Ws0VlzaIdz,6/29/1996,4 Harbort Drive,spring 2021, PE4590 Global Economy in the 20th Century : Midterm: A | Final: A, IR 4320 Labor & Employment Law : Midterm: A | Final: A, BU 5125  Business Ethics : Midterm: A | Final: B, BU5841 Strategic Marketing : Midterm: B | Final: B+,,0
hskepperjl@homestead.com,Marketing,,,,,,,,,,,,,,,,,,,,,,,,,,,,,,,,,,,,,,,,,,,,,Undergraduate - Freshman,,,,,,,,,,,,,,,,,,,,,,,,,,,,,,,,,,,,606b5915962b7170e065a40a,Part Time,700979518,Hagan Skepper,VMZVY2RnNk,8/18/1996,29 Starling Junction,,,,,,,0
rcaulwelljj@mapquest.com,Sociology,,,,,,,,,,,,,,,,,,,,,,,,,,,,,,,,,,,,,,,,,,,,,Graduate,fall 2017,VA2010 Intro. to Creative Thinking: Midterm: A | Final: A, SY2400 Sociology Through the Arts : Midterm: A | Final: B+,EL 1000 English Comp I: Exposition: Midterm: A | Final: A,MA 1020 College Algebra: Midterm: A- | Final: A,spring 2018, SY2550 Social Problems: Midterm: A | Final: A, SY2600 Social Deviance: Midterm: A | Final: A, VA2020 Basic Design : Midterm: A | Final: A, EL 2239 Horror Literature : Midterm: B | Final: A,fall 2018,HI 3640  African History : Midterm: A | Final: A,HI 3835 Islamic Cultures : Midterm: A | Final: A,EL 3010  Structure & Grammar of English : Miderm: A | Final: A, HI 3091 African Cultures: Midterm: B | Final: B-,spring 2019, SY2800 Race: Midterm: B | Final: A, SY3160 Sociology of Culture : Midterm: A | Final: B, SY3280 Social Inequality : Midterm: A | Final: A, VA3100 Visual Culture: Midterm: B | Final: C+,fall 2019, SY3630 Political Sociology : Midterm: B | Final: A, SY3700 Family and Society : Midterm: A | Final: A,VA3200 Art Tutorials I: Midterm: A | Final: A,VA3400 Digital Imaging : Midterm: A | Final: B,spring 2020,VA4200 Art Tutorials II: Midterm: A | Final: A, SY3750 Medical Sociology : Midterm: A | Final: A-, SY3800 Race and Ethnicity : Midterm: B | Final: A, SY3900 Social Movements : Midterm: A | Final: A,fall 2020, SY3910 Sociology of Work : Midterm: C | Final: B+, SY4260 Social Work: Theory and Practice : Midterm: A | Final: A, SY4270 Internship in Social Work : Midterm: A | Final: A, SY4400 Social Psychology: A | Final: A,606b5915962b7170e065a40b,Full Time,700547007,Raye Caulwell,Um9f4A,5/30/1996,177 Lukken Crossing,spring 2021, Sociology and Criminology : Midterm: A | Final: A, SY4500 Global Sociology : Midterm: A | Final: A, SY4600 Social Programs : Midterm: A | Final: B, SY4810 Law and Justice : Midterm: B | Final: B+,,0
eoatenjk@ca.gov,Media and Communications,,,,,,,,,,,,,,,,,,,,,,,,,,,,,,,,,,,,,,,,,,,,,Undergraduate - Senior,fall 2017,VA2010 Intro. to Creative Thinking : Midterm: A | Final: A, AS2020 New Media CE : Midterm: A | Final: B+,EL 1000 English Comp I : Exposition : Midterm: A | Final: A, MA2310 Calculus and Analytic Geometry I : Midterm: A- | Final: A,spring 2018, AS2652 Media Studies : Midterm: A | Final: A, AS2700 The Engaged Eye : Midterm: A | Final: A, VA2020 Basic Design : Midterm : A | Final: A, EL 2239 Horror Literature : Midterm : B | Final: A,fall 2018,HI 3640  African History : Midterm: A | Final: A,HI 3835 Islamic Cultures : Midterm : A | Final: A,EL 3010  Structure & Grammar of English : Miderm: A | Final: A, HI 3091 African Cultures : Midterm: B | Final: B-,spring 2019, AS3310 From Citizen to Consumer : Midterm: B | Final: A, AS3632 History of U.S. Film : Midterm: A | Final: B, AS3712 American Film Genres : Midterm: A | Final: A, VA3100 Visual Culture : Midterm: B | Final: C+,fall 2019, AS3722 History of Mass Media : Midterm: B | Final: A, AS3732 Politics of Media & Inst : Midterm: A | Final: A,VA3200 Art Tutorials I : Midterm: A | Final: A,VA3400 Digital Imaging : Midterm: A | Final: B,spring 2020,VA4200 Art Tutorials II : Midterm: A | Final: A, AS3735 Documentary Media Studies : Midterm: A | Final: A-, AS3742 Myths and Images in Film : Midterm: B | Final: A, AS3745 Feminine and Masculine in Film : Midterm: A | Final: A,fall 2020, AS3810 Music and Media : Midterm: C | Final: B+, AS3830 Public Relations and Society : Midterm: A | Final: A, AS3842 African-Americans and the Mass Media : Midterm: A | Final: A, AS3852 Women and the Media : Midterm: A | Final: A,606b5915962b7170e065a40c,Full Time,700239435,Elton Oaten,8L1jWgFT,10/17/1995,40131 Annamark Lane,,,,,,,0
zmalyjm@surveymonkey.com,Health and Society,,,,,,,,,,,,,,,,,,,,,,,,,,,,,,,,,,,,,,,,,,,,,Undergraduate - Sophomore,fall 2019,VA2010 Intro. to Creative Thinking : Midterm: A | Final: A, BS 2100 Biology for Non-Science Majors : Midterm: A | Final: B+,EL 1000 English Comp I : Exposition : Midterm: A | Final: A,MA 1020 College Algebra : Midterm: A- | Final: A,spring 2020, BS 2300  Anatomy&Physiology I Lecture : Midterm: A | Final: A, 2410  Basic Bio Sciences II : Midterm: A | Final: A, VA2020 Basic Design : Midterm : A | Final: A, EL 2239 Horror Literature : Midterm : B | Final: A,fall 2020,HI 3640  African History : Midterm: A | Final: A,HI 3835 Islamic Cultures : Midterm: A | Final: A,EL 3010  Structure & Grammar of English : Miderm: A | Final: A, HI 3091 African Cultures : Midterm: B | Final: B-,,,,,,,,,,,,,,,,,,,,,606b5915962b7170e065a40d,Full Time,700462253,Zaneta Maly,ZDj6zzRtU,8/13/1995,677 Myrtle Point,,,,,,,0
kmascalljn@japanpost.jp,Sociology,,,,,,,,,,,,,,,,,,,,,,,,,,,,,,,,,,,,,,,,,,,,,Undergraduate - Senior,fall 2017,VA2010 Intro. to Creative Thinking: Midterm: A | Final: A, SY2400 Sociology Through the Arts : Midterm: A | Final: B+,,,spring 2018, SY2550 Social Problems: Midterm: A | Final: A, SY2600 Social Deviance: Midterm: A | Final: A,,,fall 2018,HI 3640  African History : Midterm: A | Final: A,HI 3835 Islamic Cultures : Midterm: A | Final: A,,,spring 2019, SY2800 Race: Midterm: B | Final: A, SY3160 Sociology of Culture : Midterm: A | Final: B,,,fall 2019, SY3630 Political Sociology : Midterm: B | Final: A, SY3700 Family and Society : Midterm: A | Final: A,,,spring 2020,VA4200 Art Tutorials II: Midterm: A | Final: A, SY3750 Medical Sociology : Midterm: A | Final: A-,,,fall 2020, SY3910 Sociology of Work : Midterm: C | Final: B+, SY4260 Social Work: Theory and Practice : Midterm: A | Final: A,,,606b5915962b7170e065a40e,Part Time,700189558,Kaiser Mascall,BBWQsN,1/7/1997,381 Vidon Point,,,,,,,0
mmounfieldjq@flickr.com,Childhood Education (1-6),,,,,,,,,,,,,,,,,,,,,,,,,,,,,,,,,,,,,,,,,,,,,Graduate,fall 2017,VA2010 Intro. to Creative Thinking : Midterm: A | Final: A, PY2010 Introduction to Psychology : Midterm: A | Final: B+,EL 1000 English Comp I : Exposition : Midterm: A | Final: A,MA 1020 College Algebra : Midterm: A- | Final: A,spring 2018, PY2340 Community Psychology : Midterm: A | Final: A, PY2530 Psychology of Prejudice : Midterm: A | Final: A, VA2020 Basic Design : Midterm : A | Final: A, EL 2239 Horror Literature : Midterm : B | Final: A,fall 2018,HI 3640  African History : Midterm: A | Final: A,HI 3835 Islamic Cultures : Midterm: A | Final: A,EL 3010  Structure & Grammar of English : Miderm: A | Final: A, HI 3091 African Cultures : Midterm: B | Final: B-,spring 2019, PY2720 Psychology of Gender : Midterm: B | Final: A, ED3700 Child Development for Teachers : Midterm: A | Final: B, ED3820 Foundations of Special Education : Midterm: A | Final: A, VA3100 Visual Culture : Midterm: B | Final: C+,fall 2019, ED3950 Creating Schools for a Just Society : Midterm: B | Final: A, PY3110 Research Methods I: (Orientation) : Midterm: A | Final: A,VA3200 Art Tutorials I : Midterm: A | Final: A,VA3400 Digital Imaging : Midterm: A | Final: B,spring 2020,VA4200 Art Tutorials II : Midterm: A | Final: A, PY3215 Foundations of Child Development : Midterm: A | Final: A-, PY3310 Abnormal Human Behavior : Midterm: B | Final: A, PY3420 Learning & Motivation : Midterm: A | Final: A,fall 2020, PY3510 Social Psychology : Midterm: C | Final: B+, PY3610 Brain & Behavior : Midterm: A | Final: A, ED4121 Methods & Materials of Teaching Elementary Science Methods : Midterm: A | Final: A, ED4122 Methods & Materials of Teaching Elementary Math Methods : Midterm: A | Final: A,606b5915962b7170e065a40f,Full Time,700387907,Marlow Mounfield,O9gX5Li,10/12/1997,994 Bashford Plaza,spring 2021, ED4200 Literacy for All Students : Midterm: A | Final: A, ED4220 Language Arts in the Context of Childhood Education : Midterm: A | Final: A, ED5925 Building a Classroom Community for All Learners : Midterm: A | Final: B, ED4050 Innovative Instructional Design and Assessment : Midterm: B | Final: B+,,0
lhavelinjp@prnewswire.com,Biological Sciences,,,,,,,,,,,,,,,,,,,,,,,,,,,,,,,,,,,,,,,,,,,,,Undergraduate - Senior,fall 2017,VA2010 Intro. to Creative Thinking : Midterm: A | Final: A, BS2490 Environmental Science : Midterm: A | Final: B+,,,spring 2018, BS3400 Vertebrate Physiology : Midterm: A | Final: A, BS3450 Plant Biology : Midterm: A | Final: A,,,fall 2018,HI 3640  African History : Midterm: A | Final: A,HI 3835 Islamic Cultures : Midterm: A | Final: A,,,spring 2019, BS3510 Parasitology : Midterm: B | Final: A, BS3531 Comparative Genomics Lab : Midterm: A | Final: B,,,fall 2019, BS3520 Comparative Anatomy : Midterm: B | Final: A, BS3710 Environmental Physiology : Midterm: A | Final: A,,,spring 2020,VA4200 Art Tutorials II : Midterm: A | Final: A, BS3810  Biological Aspects of Aging : Midterm: A | Final: A-,,,fall 2020, BS4440 Evolution : Midterm: C | Final: B+, BS4410  Histology : Midterm: A | Final: A,,,606b5915962b7170e065a410,Part Time,700304047,Laney Havelin,C7HGkN5AFX2,5/12/1996,192 Norway Maple Avenue,,,,,,,0
sdabinettjo@nba.com,Biological Sciences,,,,,,,,,,,,,,,,,,,,,,,,,,,,,,,,,,,,,,,,,,,,,Graduate,fall 2017,VA2010 Intro. to Creative Thinking : Midterm: A | Final: A, BS2490 Environmental Science : Midterm: A | Final: B+,EL 1000 English Comp I : Exposition : Midterm: A | Final: A,MA 1020 College Algebra : Midterm: A- | Final: A,spring 2018, BS3400 Vertebrate Physiology : Midterm: A | Final: A, BS3450 Plant Biology : Midterm: A | Final: A, VA2020 Basic Design : Midterm : A | Final: A, EL 2239 Horror Literature : Midterm : B | Final: A,fall 2018,HI 3640  African History : Midterm: A | Final: A,HI 3835 Islamic Cultures : Midterm: A | Final: A,EL 3010  Structure & Grammar of English : Miderm: A | Final: A, HI 3091 African Cultures : Midterm: B | Final: B-,spring 2019, BS3510 Parasitology : Midterm: B | Final: A, BS3531 Comparative Genomics Lab : Midterm: A | Final: B, BS3530 Comparative Genomics : Midterm: A | Final: A, VA3100 Visual Culture : Midterm: B | Final: C+,fall 2019, BS3520 Comparative Anatomy : Midterm: B | Final: A, BS3710 Environmental Physiology : Midterm: A | Final: A,VA3200 Art Tutorials I : Midterm: A | Final: A,VA3400 Digital Imaging : Midterm: A | Final: B,spring 2020,VA4200 Art Tutorials II : Midterm: A | Final: A, BS3810  Biological Aspects of Aging : Midterm: A | Final: A-, BS4400 Cell Biology : Midterm: B | Final: A, BS4460 Genetics : Midterm: A | Final: A,fall 2020, BS4440 Evolution : Midterm: C | Final: B+, BS4410  Histology : Midterm: A | Final: A, BS4420  Microbiology : Midterm: A | Final: A, BS4430  Developmental Biology : Midterm: A | Final: A,606b5915962b7170e065a411,Full Time,700678342,Sonny Dabinett,BGk8DOpEiW,11/2/1996,8 Caliangt Road,spring 2021, BS4461  Immunology : Midterm: A | Final: A, BS4470  Ecology : Midterm: A | Final: A, MA5230 Mathematical Statistics : Midterm: A | Final: B, MA5380 Complex Analysis : Midterm: B | Final: B+,,0
tnattrassjr@furl.net,Industrial and Labor Relations,,,,,,,,,,,,,,,,,,,,,,,,,,,,,,,,,,,,,,,,,,,,,Undergraduate - Senior,fall 2017,VA2010 Intro. to Creative Thinking : Midterm: A | Final: A, PE 2650 Intro to U.S. Politics : Midterm: A | Final: B+,,,spring 2018, MA2300 Calculus for Business & Economics : Midterm: A | Final: A, IR 2210 Unions & Management: An Intro : Midterm: A | Final: A,,,fall 2018,HI 3640  African History : Midterm: A | Final: A,HI 3835 Islamic Cultures : Midterm: A | Final: A,,,spring 2019, PE 2300 Introduction to Law : Midterm: B | Final: A, IR 3140 Unions & Public Policy : Midterm: A | Final: B,,,fall 2019, IR 3330 Women : Midterm: B | Final: A, IR 3415 Labor Economics : Midterm: A | Final: A,,,spring 2020,VA4200 Art Tutorials II : Midterm: A | Final: A, IR 3860 Development of the Modern Corp : Midterm: A | Final: A-,,,fall 2020, IR 3500 Arbitration & Mediation : Midterm: C | Final: B+, IR 4320 Labor & Employment Law : Midterm: A | Final: A,,,606b5915962b7170e065a412,Part Time,700237757,Tallulah Nattrass,YrlPr7T,9/14/1996,67482 Shasta Place,,,,,,,0
ddjorevicjv@europa.eu,Adolescence Education: Chemistry (7-12),,,,,,,,,,,,,,,,,,,,,,,,,,,,,,,,,,,,,,,,,,,,,Undergraduate - Sophomore,fall 2019,VA2010 Intro. to Creative Thinking : Midterm: A | Final: A, BS 2400 Basic Bio Sciences I : Midterm: A | Final: B+,,,spring 2020, CP 2120 Principles of Chemistry I : Midterm: A | Final: A, CP 2121 Principles of Chemistry Lab I : Midterm: A | Final: A,,,fall 2020,HI 3640  African History : Midterm: A | Final: A,HI 3835 Islamic Cultures : Midterm: A | Final: A,,,,,,,,,,,,,,,,,,,,,,,606b5915962b7170e065a413,Part Time,700690179,Daron Djorevic,KwBwYS,7/27/1997,86 Schlimgen Pass,,,,,,,0
ffulopjt@state.tx.us,Psychology,,,,,,,,,,,,,,,,,,,,,,,,,,,,,,,,,,,,,,,,,,,,,Undergraduate - Senior,fall 2017,VA2010 Intro. to Creative Thinking: Midterm: A | Final: A, PY2010 Introduction to Psychology : Midterm: A | Final: B+,,,spring 2018, PY2530 Psychology of Prejudice : Midterm: A | Final: A, PY2720 Psychology of Gender: Midterm: A | Final: A,,,fall 2018,HI 3640  African History : Midterm: A | Final: A,HI 3835 Islamic Cultures : Midterm: A | Final: A,,,spring 2019, PY3110 Research Methods I: (Orientation): Midterm: B | Final: A, PY2340 Community Psychology : Midterm: A | Final: B,,,fall 2019, PY3120 Research Methods II: (Statistics) : Midterm: B | Final: A, PY3610 Brain & Behavior: A | Final: A,,,spring 2020,VA4200 Art Tutorials II: Midterm: A | Final: A, PY4100 Research Methods III (Advanced Research Skills) : Midterm: A | Final: A-,,,fall 2020, PY4130 Field Experience and Research : Midterm: C | Final: B+, PY3310 Abnormal Human Behavior : Midterm: A | Final: A,,,606b5915962b7170e065a414,Part Time,700044032,Florina Fulop,tjVEiHP,2/8/1995,65 Shelley Circle,,,,,,,0
sgallonejs@nature.com,Psychology,,,,,,,,,,,,,,,,,,,,,,,,,,,,,,,,,,,,,,,,,,,,,Undergraduate - Senior,fall 2017,VA2010 Intro. to Creative Thinking: Midterm: A | Final: A, PY2010 Introduction to Psychology : Midterm: A | Final: B+,EL 1000 English Comp I: Exposition: Midterm: A | Final: A,MA 1020 College Algebra: Midterm: A- | Final: A,spring 2018, PY2530 Psychology of Prejudice : Midterm: A | Final: A, PY2720 Psychology of Gender: Midterm: A | Final: A, VA2020 Basic Design : Midterm: A | Final: A, EL 2239 Horror Literature : Midterm: B | Final: A,fall 2018,HI 3640  African History : Midterm: A | Final: A,HI 3835 Islamic Cultures : Midterm: A | Final: A,EL 3010  Structure & Grammar of English : Miderm: A | Final: A, HI 3091 African Cultures: Midterm: B | Final: B-,spring 2019, PY3110 Research Methods I: (Orientation): Midterm: B | Final: A, PY2340 Community Psychology : Midterm: A | Final: B, PY3420 Learning & Motivation : Midterm: A | Final: A, VA3100 Visual Culture: Midterm: B | Final: C+,fall 2019, PY3120 Research Methods II: (Statistics) : Midterm: B | Final: A, PY3610 Brain & Behavior: A | Final: A,VA3200 Art Tutorials I: Midterm: A | Final: A,VA3400 Digital Imaging : Midterm: A | Final: B,spring 2020,VA4200 Art Tutorials II: Midterm: A | Final: A, PY4100 Research Methods III (Advanced Research Skills) : Midterm: A | Final: A-, PY3620 Drugs & Behavior : Midterm: B | Final: A, PY3215 Foundations of Child Development : Midterm: A | Final: A,fall 2020, PY4130 Field Experience and Research : Midterm: C | Final: B+, PY3310 Abnormal Human Behavior : Midterm: A | Final: A, PY3311 Theories of Personality : Midterm: A | Final: A, PY3410 Cognitive Psychology: Midterm: A | Final: A,606b5915962b7170e065a415,Full Time,700142071,Sabrina Gallone,4TWyH6,5/24/1996,251 Kedzie Center,,,,,,,0
cfoadju@twitpic.com,Criminology,,,,,,,,,,,,,,,,,,,,,,,,,,,,,,,,,,,,,,,,,,,,,Undergraduate - Senior,fall 2017,VA2010 Intro. to Creative Thinking : Midterm: A | Final: A, SY 1500  Intro Sociology : Midterm: A | Final: B+,EL 1000 English Comp I : Exposition : Midterm: A | Final: A,MA 1020 College Algebra : Midterm: A- | Final: A,spring 2018, CR 1500 Intro to Criminology : Midterm: A | Final: A, CR 2090  Juvenile Delinquency : Midterm: A | Final: A, VA2020 Basic Design : Midterm : A | Final: A, EL 2239 Horror Literature : Midterm : B | Final: A,fall 2018,HI 3640  African History : Midterm: A | Final: A,HI 3835 Islamic Cultures : Midterm: A | Final: A,EL 3010  Structure & Grammar of English : Miderm: A | Final: A, HI 3091 African Cultures : Midterm: B | Final: B-,spring 2019, PY2010 Introduction to Psychology : Midterm: B | Final: A, SY 2600  Social Deviance : Midterm: A | Final: B, CR 3092 Victimology : Midterm: A | Final: A, VA3100 Visual Culture : Midterm: B | Final: C+,fall 2019, CR 3093  Criminal Justice Admin : Midterm: B | Final: A, CR 3094 Drugs and Society : Midterm: A | Final: A,VA3200 Art Tutorials I : Midterm: A | Final: A,VA3400 Digital Imaging : Midterm: A | Final: B,spring 2020,VA4200 Art Tutorials II : Midterm: A | Final: A, CR 3117  Policing Bodies : Midterm: A | Final: A-, CR 3200  Crime : Midterm: B | Final: A, PY3620 Drugs & Behavior : Midterm: A | Final: A,fall 2020, CR 4000 Gender : Midterm: C | Final: B+, CR 4091 Punishment & Corrections : Midterm: A | Final: A, CR 4099 Sociology of Violence : Midterm: A | Final: A, SY 4520 Research Methods I : Midterm: A | Final: A,606b5915962b7170e065a416,Full Time,700022288,Cash Foad,5WHqM9onyese,12/26/1995,566 Express Junction,,,,,,,0
rhealksjx@moonfruit.com,Sociology,,,,,,,,,,,,,,,,,,,,,,,,,,,,,,,,,,,,,,,,,,,,,Undergraduate - Junior,fall 2018,VA2010 Intro. to Creative Thinking: Midterm: A | Final: A, SY2400 Sociology Through the Arts : Midterm: A | Final: B+,,,spring 2019, SY2550 Social Problems: Midterm: A | Final: A, SY2600 Social Deviance: Midterm: A | Final: A,,,fall 2019,HI 3640  African History : Midterm: A | Final: A,HI 3835 Islamic Cultures : Midterm: A | Final: A,,,spring 2020, SY2800 Race: Midterm: B | Final: A, SY3160 Sociology of Culture : Midterm: A | Final: B,,,fall 2020, SY3630 Political Sociology : Midterm: B | Final: A, SY3700 Family and Society : Midterm: A | Final: A,,,,,,,,,,,,,606b5915962b7170e065a417,Part Time,700812829,Rossy Healks,0YZBhEb1Rl9i,12/6/1998,62459 Manitowish Crossing,,,,,,,0
emillichipjy@nbcnews.com,Mathematics,,,,,,,,,,,,,,,,,,,,,,,,,,,,,,,,,,,,,,,,,,,,,Undergraduate - Sophomore,fall 2019,VA2010 Intro. to Creative Thinking : Midterm: A | Final: A, MA2310 Calculus and Analytic Geometry I : Midterm: A | Final: B+,,,spring 2020, MA2320 Calculus and Analytic Geometry II : Midterm: A | Final: A, CS2511 Computer Programming II : Midterm: A | Final: A,,,fall 2020,HI 3640  African History : Midterm: A | Final: A,HI 3835 Islamic Cultures : Midterm: A | Final: A,,,,,,,,,,,,,,,,,,,,,,,606b5915962b7170e065a418,Part Time,700685617,Elvera Millichip,2C7YxQ,2/12/1998,7 Steensland Place,,,,,,,0
rgoshawkjz@businessinsider.com,Biological Sciences,,,,,,,,,,,,,,,,,,,,,,,,,,,,,,,,,,,,,,,,,,,,,Undergraduate - Sophomore,fall 2019,VA2010 Intro. to Creative Thinking : Midterm: A | Final: A, BS2490 Environmental Science : Midterm: A | Final: B+,,,spring 2020, BS3400 Vertebrate Physiology : Midterm: A | Final: A, BS3450 Plant Biology : Midterm: A | Final: A,,,fall 2020,HI 3640  African History : Midterm: A | Final: A,HI 3835 Islamic Cultures : Midterm: A | Final: A,,,,,,,,,,,,,,,,,,,,,,,606b5915962b7170e065a419,Part Time,700770226,Rustie Goshawk,MjPB70,11/26/1996,22837 Norway Maple Pass,,,,,,,0
dbaumadierk1@youtube.com,Criminology,,,,,,,,,,,,,,,,,,,,,,,,,,,,,,,,,,,,,,,,,,,,,Undergraduate - Freshman,,,,,,,,,,,,,,,,,,,,,,,,,,,,,,,,,,,,606b5915962b7170e065a41a,Part Time,700836598,Danica Baumadier,pQ56RHHHolr6,12/4/1997,1 Fordem Circle,,,,,,,0
kcleynaertjw@yelp.com,Biological Sciences,,,,,,,,,,,,,,,,,,,,,,,,,,,,,,,,,,,,,,,,,,,,,Undergraduate - Freshman,,,,,,,,,,,,,,,,,,,,,,,,,,,,,,,,,,,,606b5915962b7170e065a41b,Full Time,700579435,Kasey Cleynaert,QpQxgSCZZct3,12/16/1995,44 Walton Terrace,,,,,,,0
jgrealishk2@netlog.com,Philosophy and Religion,,,,,,,,,,,,,,,,,,,,,,,,,,,,,,,,,,,,,,,,,,,,,Undergraduate - Freshman,,,,,,,,,,,,,,,,,,,,,,,,,,,,,,,,,,,,606b5915962b7170e065a41c,Part Time,700025466,Janifer Grealish,Jn6JejcCJUb,1/27/1997,764 Oakridge Parkway,,,,,,,0
dtankardk4@bloomberg.com,Management Information Systems,,,,,,,,,,,,,,,,,,,,,,,,,,,,,,,,,,,,,,,,,,,,,Undergraduate - Freshman,,,,,,,,,,,,,,,,,,,,,,,,,,,,,,,,,,,,606b5915962b7170e065a41d,Full Time,700362485,Dimitri Tankard,7diSzaMB,8/2/1996,249 6th Center,,,,,,,0
jgilffillank5@cornell.edu,History,,,,,,,,,,,,,,,,,,,,,,,,,,,,,,,,,,,,,,,,,,,,,Undergraduate - Sophomore,fall 2019,VA2010 Intro. to Creative Thinking: Midterm: A | Final: A,AS 2112 American People I : Midterm: A | Final: B+,,,spring 2020,AS 2122 American People II : Midterm: A | Final: A, HI 2681 Intro to Europe Hist:1350-Present: Midterm: A | Final: A,,,fall 2020,HI 3640  African History : Midterm: A | Final: A,HI 3835 Islamic Cultures : Midterm: A | Final: A,,,,,,,,,,,,,,,,,,,,,,,606b5915962b7170e065a41e,Part Time,700715550,Joseph Gilffillan,KRZJUTxv,4/4/1995,8311 Union Pass,,,,,,,0
csybbek0@zdnet.com,Industrial and Labor Relations,,,,,,,,,,,,,,,,,,,,,,,,,,,,,,,,,,,,,,,,,,,,,Graduate,fall 2017,VA2010 Intro. to Creative Thinking : Midterm: A | Final: A, PE 2650 Intro to U.S. Politics : Midterm: A | Final: B+,EL 1000 English Comp I : Exposition : Midterm: A | Final: A,MA 1020 College Algebra : Midterm: A- | Final: A,spring 2018, MA2300 Calculus for Business & Economics : Midterm: A | Final: A, IR 2210 Unions & Management: An Intro : Midterm: A | Final: A, VA2020 Basic Design : Midterm : A | Final: A, EL 2239 Horror Literature : Midterm : B | Final: A,fall 2018,HI 3640  African History : Midterm: A | Final: A,HI 3835 Islamic Cultures : Midterm: A | Final: A,EL 3010  Structure & Grammar of English : Miderm: A | Final: A, HI 3091 African Cultures : Midterm: B | Final: B-,spring 2019, PE 2300 Introduction to Law : Midterm: B | Final: A, IR 3140 Unions & Public Policy : Midterm: A | Final: B, IR 3300 CollectiveBarg & GrievanceProc : Midterm: A | Final: A, VA3100 Visual Culture : Midterm: B | Final: C+,fall 2019, IR 3330 Women : Midterm: B | Final: A, IR 3415 Labor Economics : Midterm: A | Final: A,VA3200 Art Tutorials I : Midterm: A | Final: A,VA3400 Digital Imaging : Midterm: A | Final: B,spring 2020,VA4200 Art Tutorials II : Midterm: A | Final: A, IR 3860 Development of the Modern Corp : Midterm: A | Final: A-, IR 3120  History:AmericanLaborRelations : Midterm: B | Final: A, IR 3260  Comparative Labor Relations : Midterm: A | Final: A,fall 2020, IR 3500 Arbitration & Mediation : Midterm: C | Final: B+, IR 4320 Labor & Employment Law : Midterm: A | Final: A, HS 4770  Occupational Health : Midterm: A | Final: A, IR 4200  Strategic Research/Organizers : Midterm: A | Final: A,606b5915962b7170e065a41f,Full Time,700114708,Coretta Sybbe,HTTuG9JZB,1/24/1995,13066 Cambridge Plaza,spring 2021, IR 4600 Topics in Labor Studies : Midterm: A | Final: A, PE 4430  Health Economics : Midterm: A | Final: A, BU 5125  Business Ethics : Midterm: A | Final: B, BU 5171  Human Resource Management : Midterm: B | Final: B+,,0
cfairmank3@yolasite.com,Politics & Economics & Law,,,,,,,,,,,,,,,,,,,,,,,,,,,,,,,,,,,,,,,,,,,,,Graduate,fall 2017,VA2010 Intro. to Creative Thinking : Midterm: A | Final: A, PE2300 Introduction to Law : Midterm: A | Final: B+,EL 1000 English Comp I : Exposition : Midterm: A | Final: A,MA 1020 College Algebra : Midterm: A- | Final: A,spring 2018, PE2650 Introduction to U.S. Politics : Midterm: A | Final: A, IR2210 Unions and Management: An Introduction : Midterm: A | Final: A, VA2020 Basic Design : Midterm : A | Final: A, EL 2239 Horror Literature : Midterm : B | Final: A,fall 2018,HI 3640  African History : Midterm: A | Final: A,HI 3835 Islamic Cultures : Midterm: A | Final: A,EL 3010  Structure & Grammar of English : Miderm: A | Final: A, HI 3091 African Cultures : Midterm: B | Final: B-,spring 2019, PE2220 Introduction to Urban Issues : Midterm: B | Final: A, PE2400 Introduction to Political Economy : Midterm: A | Final: B, IR 3140 Unions & Public Policy: Midterm: A | Final: A, VA3100 Visual Culture : Midterm: B | Final: C+,fall 2019, IR 3300 CollectiveBarg & GrievanceProc : Midterm: B | Final: A, PE3100 International Relations : Midterm: A | Final: A,VA3200 Art Tutorials I : Midterm: A | Final: A,VA3400 Digital Imaging : Midterm: A | Final: B,spring 2020,VA4200 Art Tutorials II : Midterm: A | Final: A, BU3600 Principles Business Law : Midterm: A | Final: A-, IR 3415 Labor Economics : Midterm: B | Final: A, IR 3860 Development of the Modern Corp : Midterm: A | Final: A,fall 2020, PE4320 Jurisprudence: Legal Thought : Midterm: C | Final: B+, PE4470 History of Economic Thought : Midterm: A | Final: A, PE4620 Political and Social Thought : Midterm: A | Final: A, PE4580 Origins of the Capitalist Economy : Midterm: A | Final: A,606b5915962b7170e065a420,Full Time,700297073,Corbet Fairman,W57LMt2al,9/25/1995,75099 Lotheville Center,spring 2021, PE4590 Global Economy in the 20th Century : Midterm: A | Final: A, IR 4320 Labor & Employment Law : Midterm: A | Final: A, BU 5125  Business Ethics : Midterm: A | Final: B, BU5841 Strategic Marketing : Midterm: B | Final: B+,,0
dshillamk6@exblog.jp,Sociology,,,,,,,,,,,,,,,,,,,,,,,,,,,,,,,,,,,,,,,,,,,,,Undergraduate - Junior,fall 2018,VA2010 Intro. to Creative Thinking: Midterm: A | Final: A, SY2400 Sociology Through the Arts : Midterm: A | Final: B+,,,spring 2019, SY2550 Social Problems: Midterm: A | Final: A, SY2600 Social Deviance: Midterm: A | Final: A,,,fall 2019,HI 3640  African History : Midterm: A | Final: A,HI 3835 Islamic Cultures : Midterm: A | Final: A,,,spring 2020, SY2800 Race: Midterm: B | Final: A, SY3160 Sociology of Culture : Midterm: A | Final: B,,,fall 2020, SY3630 Political Sociology : Midterm: B | Final: A, SY3700 Family and Society : Midterm: A | Final: A,,,,,,,,,,,,,606b5915962b7170e065a421,Part Time,700404023,Daniela Shillam,18XtvBZzN,10/16/1995,2434 Bunting Alley,,,,,,,0
mbaldenk7@nifty.com,History,,,,,,,,,,,,,,,,,,,,,,,,,,,,,,,,,,,,,,,,,,,,,Undergraduate - Senior,fall 2017,VA2010 Intro. to Creative Thinking: Midterm: A | Final: A,AS 2112 American People I : Midterm: A | Final: B+,EL 1000 English Comp I: Exposition: Midterm: A | Final: A,MA 1020 College Algebra: Midterm: A- | Final: A,spring 2018,AS 2122 American People II : Midterm: A | Final: A, HI 2681 Intro to Europe Hist:1350-Present: Midterm: A | Final: A, VA2020 Basic Design : Midterm: A | Final: A,HI 3110 Latin American Culture : Midterm: B | Final: A,fall 2018,HI 3640  African History : Midterm: A | Final: A,HI 3835 Islamic Cultures : Midterm: A | Final: A,EL 3010  Structure & Grammar of English : Midterm: A | Final: A, HI 3091 African Cultures: Midterm: B | Final: B-,spring 2019,HI 4308 History Modern Middle East: Midterm: B | Final: A,HI 4632 Japanese History Through Literature : Midterm: A | Final: B,HI 4800  History of India : Midterm: A | Final: A,HI 4900 Modern China-Study Abroad: Midterm: B | Final: C+,fall 2019,PE 4690 Politics of Lat Amer/Caribbean : Midterm: B | Final: A,HI 4001 19th Century : Midterm: A | Final: A,VA3200 Art Tutorials I: Midterm: A | Final: A,VA3400 Digital Imaging : Midterm: A | Final: B,spring 2020,VA4200 Art Tutorials II: Midterm: A | Final: A,VA4260 Interactive Web Design : Midterm: A | Final: A-,HI 4011  20th Century : Midterm: B | Final: A,HI 4700  Modern Global Environments : Midterm: A | Final: A,fall 2020,HI 3610  America's African Heritage : Midterm: C | Final: B+,HI 3840 Crescent and Cross : Midterm: A | Final: A,HI 4650   History of African Enslavement : Midterm: A | Final: A,BS4400 Cell Biology: A | Final: A,606b5915962b7170e065a422,Full Time,700514217,Mersey Balden,XQdBVc3PZxc8,1/5/1995,836 Veith Circle,,,,,,,0
qhaseldinek8@dot.gov,English,,,,,,,,,,,,,,,,,,,,,,,,,,,,,,,,,,,,,,,,,,,,,Undergraduate - Freshman,,,,,,,,,,,,,,,,,,,,,,,,,,,,,,,,,,,,606b5915962b7170e065a423,Part Time,700624321,Quill Haseldine,IleDbgXw,2/7/1997,30 Moulton Trail,,,,,,,0
sbawcockkb@aol.com,Psychology,,,,,,,,,,,,,,,,,,,,,,,,,,,,,,,,,,,,,,,,,,,,,Undergraduate - Sophomore,fall 2019,VA2010 Intro. to Creative Thinking: Midterm: A | Final: A, PY2010 Introduction to Psychology : Midterm: A | Final: B+,EL 1000 English Comp I: Exposition: Midterm: A | Final: A,MA 1020 College Algebra: Midterm: A- | Final: A,spring 2020, PY2530 Psychology of Prejudice : Midterm: A | Final: A, PY2720 Psychology of Gender: Midterm: A | Final: A, VA2020 Basic Design : Midterm: A | Final: A, EL 2239 Horror Literature : Midterm: B | Final: A,fall 2020,HI 3640  African History : Midterm: A | Final: A,HI 3835 Islamic Cultures : Midterm: A | Final: A,EL 3010  Structure & Grammar of English : Miderm: A | Final: A, HI 3091 African Cultures: Midterm: B | Final: B-,,,,,,,,,,,,,,,,,,,,,606b5915962b7170e065a424,Full Time,700929883,Skipton Bawcock,3Z6FlvMN,1/29/1996,566 Melvin Court,,,,,,,0
mpauluskc@youtube.com,Special Education and Childhood Education (1-6),,,,,,,,,,,,,,,,,,,,,,,,,,,,,,,,,,,,,,,,,,,,,Undergraduate - Junior,fall 2018,VA2010 Intro. to Creative Thinking : Midterm: A | Final: A, SY2400 Sociology Through the Arts : Midterm: A | Final: B+,,,spring 2019, SY2550 Social Problems : Midterm: A | Final: A, SY2600 Social Deviance : Midterm: A | Final: A,,,fall 2019,HI 3640  African History : Midterm: A | Final: A,HI 3835 Islamic Cultures : Midterm: A | Final: A,,,spring 2020, PY3110 Research Methods I: (Orientation) : Midterm: B | Final: A, PY2010 Introduction to Psychology : Midterm: A | Final: B,,,fall 2020, PY3120 Research Methods II: (Statistics) : Midterm: B | Final: A, PY3410 Cognitive Psychology : Midterm: A | Final: A,,,,,,,,,,,,,606b5915962b7170e065a425,Part Time,700759282,Miller Paulus,IqbzExd,11/24/1998,16525 Erie Crossing,,,,,,,0
egrigoreke@flavors.me,Management Information Systems,,,,,,,,,,,,,,,,,,,,,,,,,,,,,,,,,,,,,,,,,,,,,Undergraduate - Freshman,,,,,,,,,,,,,,,,,,,,,,,,,,,,,,,,,,,,606b5915962b7170e065a426,Part Time,700947304,Eula Grigore,uEfD515nQ,11/1/1997,336 Porter Lane,,,,,,,0
dralstonkd@cornell.edu,Adolescence Education: Chemistry (7-12),,,,,,,,,,,,,,,,,,,,,,,,,,,,,,,,,,,,,,,,,,,,,Undergraduate - Junior,fall 2018,VA2010 Intro. to Creative Thinking : Midterm: A | Final: A, BS 2400 Basic Bio Sciences I : Midterm: A | Final: B+,EL 1000 English Comp I : Exposition : Midterm: A | Final: A,MA 1020 College Algebra : Midterm: A- | Final: A,spring 2019, CP 2120 Principles of Chemistry I : Midterm: A | Final: A, CP 2121 Principles of Chemistry Lab I : Midterm: A | Final: A, VA2020 Basic Design : Midterm : A | Final: A, EL 2239 Horror Literature : Midterm : B | Final: A,fall 2019,HI 3640  African History : Midterm: A | Final: A,HI 3835 Islamic Cultures : Midterm: A | Final: A,EL 3010  Structure & Grammar of English : Miderm: A | Final: A, HI 3091 African Cultures : Midterm: B | Final: B-,spring 2020, CP 2130 Principles of Chemistry II : Midterm: B | Final: A, CP 2131 Principles Chemistry Lab II : Midterm: A | Final: B, CP 4510 Biochemistry I : Midterm: A | Final: A, VA3100 Visual Culture : Midterm: B | Final: C+,fall 2020, CP 3300 Organic Chemistry I : Midterm: B | Final: A, CP 3302 Organic Chemistry Lab I : Midterm: A | Final: A,VA3200 Art Tutorials I : Midterm: A | Final: A,VA3400 Digital Imaging : Midterm: A | Final: B,,,,,,,,,,,606b5915962b7170e065a427,Full Time,700635920,Dalia Ralston,w7Sm9r7V,5/26/1997,79549 Spenser Parkway,,,,,,,0
lweatherdonka@lulu.com,English,,,,,,,,,,,,,,,,,,,,,,,,,,,,,,,,,,,,,,,,,,,,,Undergraduate - Junior,fall 2018,VA2010 Intro. to Creative Thinking : Midterm: A | Final: A, HI1010 World Religions: West : Midterm: A | Final: B+,,,spring 2019, EL 2239 Horror Literature : Midterm: A | Final: A, 2410  Basic Bio Sciences II : Midterm: A | Final: A,,,fall 2019,HI 3640  African History : Midterm: A | Final: A,HI 3835 Islamic Cultures : Midterm: A | Final: A,,,spring 2020, EL 3510  Lit Across Cultures II:Theory : Midterm: B | Final: A, EL 3600 US Literature I : Midterm: A | Final: B,,,fall 2020, EL 3610  US Literature II : Midterm: B | Final: A, EL 3810  Eng Lit II:Romantics - Present : Midterm: A | Final: A,,,,,,,,,,,,,606b5915962b7170e065a428,Part Time,700513796,Lilllie Weatherdon,IXAOWCx3BO,4/28/1998,94 Northport Alley,,,,,,,0
wsinniekf@usda.gov,Media and Communications,,,,,,,,,,,,,,,,,,,,,,,,,,,,,,,,,,,,,,,,,,,,,Undergraduate - Freshman,,,,,,,,,,,,,,,,,,,,,,,,,,,,,,,,,,,,606b5915962b7170e065a429,Full Time,700943698,Walther Sinnie,gXF2uK,1/10/1996,91 Donald Park,,,,,,,0
apoulettkg@yale.edu,Marketing,,,,,,,,,,,,,,,,,,,,,,,,,,,,,,,,,,,,,,,,,,,,,Graduate,fall 2017,VA2010 Intro. to Creative Thinking : Midterm: A | Final: A, IR 2210 Unions & Management: An Intro : Midterm: A | Final: B+,EL 1000 English Comp I : Exposition : Midterm: A | Final: A, MA2310 Calculus and Analytic Geometry I : Midterm: A- | Final: A,spring 2018, MA2300 Calculus for Business & Economics : Midterm: A | Final: A, PE 2650 Intro to U.S. Politics : Midterm: A | Final: A, VA2020 Basic Design : Midterm : A | Final: A, EL 2239 Horror Literature : Midterm : B | Final: A,fall 2018,HI 3640  African History : Midterm: A | Final: A,HI 3835 Islamic Cultures : Midterm : A | Final: A,EL 3010  Structure & Grammar of English : Miderm: A | Final: A, HI 3091 African Cultures : Midterm: B | Final: B-,spring 2019, BU3600 Principles Business Law : Midterm: B | Final: A, BU3800 Marketing: Principles & Concepts : Midterm: A | Final: B, MA2320 Calculus and Analytic Geometry II : Midterm: A | Final: A, VA3100 Visual Culture : Midterm: B | Final: C+,fall 2019, BU3905 Business Communication : Midterm: B | Final: A, IR 3140 Unions & Public Policy : Midterm: A | Final: A,VA3200 Art Tutorials I : Midterm: A | Final: A,VA3400 Digital Imaging : Midterm: A | Final: B,spring 2020,VA4200 Art Tutorials II : Midterm: A | Final: A, IR 3300 CollectiveBarg & GrievanceProc : Midterm: A | Final: A-, BU4110 Organizational Behavior & Management : Midterm: B | Final: A, IR 4320 Labor & Employment Law : Midterm: A | Final: A,fall 2020, BU4762 Financial Management : Midterm: C | Final: B+, BU4800 Marketing Research : Midterm: A | Final: A, BU4820 International Marketing : Midterm: A | Final: A, BU4851 Consumer Behavior : Midterm: A | Final: A,606b5915962b7170e065a42a,Full Time,700222626,Alisander Poulett,YqkIFgC,10/19/1996,900 Sachtjen Trail,spring 2021, BU5115 Operations Management : Midterm: A | Final: A, BU5190 Business Strategy & Policy : Midterm: A | Final: A, BU5880 Brand Theory & Strategy : Midterm: A | Final: B, MA5230 Mathematical Statistics : Midterm: B | Final: B+,,0
egainsboroughkh@merriam-webster.com,Biochemistry,,,,,,,,,,,,,,,,,,,,,,,,,,,,,,,,,,,,,,,,,,,,,Undergraduate - Sophomore,fall 2019,VA2010 Intro. to Creative Thinking : Midterm: A | Final: A, BS 2400 Basic Bio Sciences I : Midterm: A | Final: B+,,,spring 2020, CP 2120 Principles of Chemistry I : Midterm: A | Final: A, CP 2121 Principles of Chemistry Lab I : Midterm: A | Final: A,,,fall 2020,HI 3640  African History : Midterm: A | Final: A,HI 3835 Islamic Cultures : Midterm : A | Final: A,,,,,,,,,,,,,,,,,,,,,,,606b5915962b7170e065a42b,Part Time,700136195,Emlynn Gainsborough,sTKbVrXaL6M,1/11/1995,209 Bunting Circle,,,,,,,0
dguarnierki@github.io,Adolescence Education: Social Studies (7-12),,,,,,,,,,,,,,,,,,,,,,,,,,,,,,,,,,,,,,,,,,,,,Undergraduate - Senior,fall 2017,VA2010 Intro. to Creative Thinking : Midterm: A | Final: A, HI 2681 Intro to Europe Hist:1350-Present : Midterm: A | Final: B+,EL 1000 English Comp I : Exposition : Midterm: A | Final: A,MA 1020 College Algebra : Midterm: A- | Final: A,spring 2018, AS 2112 American People I : Midterm: A | Final: A, HI 3080   Asian Cultures : Midterm: A | Final: A, VA2020 Basic Design : Midterm : A | Final: A, EL 2239 Horror Literature : Midterm : B | Final: A,fall 2018,HI 3640  African History : Midterm: A | Final: A,HI 3835 Islamic Cultures : Midterm: A | Final: A,EL 3010  Structure & Grammar of English : Miderm: A | Final: A, HI 3091 African Cultures : Midterm: B | Final: B-,spring 2019, AS 2122 American People II : Midterm: B | Final: A, HI 3110 Latin American Culture : Midterm: A | Final: B, HI3703 Modern Philosophy : Midterm: A | Final: A, VA3100 Visual Culture : Midterm: B | Final: C+,fall 2019, HI 4308 History Modern Middle East : Midterm: B | Final: A, HI 4001 19th Century : Midterm: A | Final: A,VA3200 Art Tutorials I : Midterm: A | Final: A,VA3400 Digital Imaging : Midterm: A | Final: B,spring 2020,VA4200 Art Tutorials II : Midterm: A | Final: A, HI 4011  20th Century : Midterm: A | Final: A-, PE 4690 Politics of Lat Amer/Caribbean : Midterm: B | Final: A, ED 6095 Literacy : Midterm: A | Final: A,fall 2020, ED 6903 Student Teaching:Social Stds : Midterm: C | Final: B+, HI 6510 Topics in US History : Midterm: A | Final: A, HI 6520 US Constitutional&Polticl Hist : Midterm: A | Final: A, HI 6530 Econ:Theories : Midterm: A | Final: A,606b5915962b7170e065a42c,Full Time,700755126,Didi Guarnier,q8iHUY,2/19/1998,32268 Center Way,,,,,,,0
faneleykj@geocities.com,Psychology,,,,,,,,,,,,,,,,,,,,,,,,,,,,,,,,,,,,,,,,,,,,,Undergraduate - Senior,fall 2017,VA2010 Intro. to Creative Thinking: Midterm: A | Final: A, PY2010 Introduction to Psychology : Midterm: A | Final: B+,,,spring 2018, PY2530 Psychology of Prejudice : Midterm: A | Final: A, PY2720 Psychology of Gender: Midterm: A | Final: A,,,fall 2018,HI 3640  African History : Midterm: A | Final: A,HI 3835 Islamic Cultures : Midterm: A | Final: A,,,spring 2019, PY3110 Research Methods I: (Orientation): Midterm: B | Final: A, PY2340 Community Psychology : Midterm: A | Final: B,,,fall 2019, PY3120 Research Methods II: (Statistics) : Midterm: B | Final: A, PY3610 Brain & Behavior: A | Final: A,,,spring 2020,VA4200 Art Tutorials II: Midterm: A | Final: A, PY4100 Research Methods III (Advanced Research Skills) : Midterm: A | Final: A-,,,fall 2020, PY4130 Field Experience and Research : Midterm: C | Final: B+, PY3310 Abnormal Human Behavior : Midterm: A | Final: A,,,606b5915962b7170e065a42d,Part Time,700218880,Fenelia Aneley,AKNZPYo,5/26/1998,1934 Melvin Circle,,,,,,,0
rfillonkm@dedecms.com,Finance,,,,,,,,,,,,,,,,,,,,,,,,,,,,,,,,,,,,,,,,,,,,,Undergraduate - Freshman,,,,,,,,,,,,,,,,,,,,,,,,,,,,,,,,,,,,606b5915962b7170e065a42e,Full Time,700145010,Raychel Fillon,G6pZeS6O247V,1/31/1995,436 Fairfield Drive,,,,,,,0
csiddeleykn@wisc.edu,Sociology,,,,,,,,,,,,,,,,,,,,,,,,,,,,,,,,,,,,,,,,,,,,,Undergraduate - Sophomore,fall 2019,VA2010 Intro. to Creative Thinking: Midterm: A | Final: A, SY2400 Sociology Through the Arts : Midterm: A | Final: B+,,,spring 2020, SY2550 Social Problems: Midterm: A | Final: A, SY2600 Social Deviance: Midterm: A | Final: A,,,fall 2020,HI 3640  African History : Midterm: A | Final: A,HI 3835 Islamic Cultures : Midterm: A | Final: A,,,,,,,,,,,,,,,,,,,,,,,606b5915962b7170e065a42f,Part Time,700787241,Christiana Siddeley,4egrxV6wHry3,4/30/1997,006 Esch Alley,,,,,,,0
hbullonkl@howstuffworks.com,Visual Arts: Electronic Media,,,,,,,,,,,,,,,,,,,,,,,,,,,,,,,,,,,,,,,,,,,,,Undergraduate - Sophomore,fall 2019,VA2010 Intro. to Creative Thinking : Midterm: A | Final: A, CS 2510 Computer Programming I : Midterm: A | Final: B+,,,spring 2020, CS 2511 Computer Programming II : Midterm: A | Final: A, VA2030 Drawing : Midterm: A | Final: A,,,fall 2020,HI 3640  African History : Midterm: A | Final: A,HI 3835 Islamic Cultures : Midterm: A | Final: A,,,,,,,,,,,,,,,,,,,,,,,606b5915962b7170e065a430,Part Time,700053219,Hannie Bullon,aOnawoxS,5/24/1996,11 Anderson Court,,,,,,,0
rgrinsteadkk@usnews.com,Biochemistry,,,,,,,,,,,,,,,,,,,,,,,,,,,,,,,,,,,,,,,,,,,,,Graduate,fall 2017,VA2010 Intro. to Creative Thinking : Midterm: A | Final: A, BS 2400 Basic Bio Sciences I : Midterm: A | Final: B+,EL 1000 English Comp I : Exposition : Midterm: A | Final: A,MA 1020 College Algebra : Midterm: A- | Final: A,spring 2018, CP 2120 Principles of Chemistry I : Midterm: A | Final: A, CP 2121 Principles of Chemistry Lab I : Midterm: A | Final: A, VA2020 Basic Design : Midterm : A | Final: A, EL 2239 Horror Literature : Midterm : B | Final: A,fall 2018,HI 3640  African History : Midterm: A | Final: A,HI 3835 Islamic Cultures : Midterm : A | Final: A,EL 3010  Structure & Grammar of English : Miderm: A | Final: A, HI 3091 African Cultures : Midterm: B | Final: B-,spring 2019, BS 2410 Basic Bio Sciences II : Midterm: B | Final: A, CP 2130 Principles of Chemistry II : Midterm: A | Final: B, CP 2131 Principles Chemistry Lab II : Midterm: A | Final: A, VA3100 Visual Culture : Midterm: B | Final: C+,fall 2019, CP 2220 Structure of Physics I : Midterm: B | Final: A, CP 2221 Structure of Physics I Lab : Midterm: A | Final: A,VA3200 Art Tutorials I : Midterm: A | Final: A,VA3400 Digital Imaging : Midterm: A | Final: B,spring 2020,VA4200 Art Tutorials II : Midterm: A | Final: A, CP 3300 Organic Chemistry I : Midterm: A | Final: A-, CP 3302 Organic Chemistry Lab I : Midterm: B | Final: A, CP 3400 Analytical Chemistry-Lect/Lab : Midterm: A | Final: A,fall 2020, CP 3310 Organic Chemistry II : Midterm: C | Final: B+, CP 3312 Organic Chemistry Lab II : Midterm: A | Final: A, CP 4510 Biochemistry I : Midterm: A | Final: A, CP 4520 Biochemistry Lab : Midterm: A | Final: A,606b5915962b7170e065a431,Full Time,700534670,Rodolphe Grinstead,6VYJaTC1,5/23/1995,01 Di Loreto Center,spring 2021, CP 4515 Biochemistry II : Midterm: A | Final: A, CP 4700 Physical Chemistry I : Midterm: A | Final: A, BS 4560 Molecular Biology : Midterm: A | Final: B, BS 4460 Genetics : Midterm: B | Final: B+,,0
oaizkovitchkq@mit.edu,Childhood Education (1-6),,,,,,,,,,,,,,,,,,,,,,,,,,,,,,,,,,,,,,,,,,,,,Undergraduate - Sophomore,fall 2019,VA2010 Intro. to Creative Thinking : Midterm: A | Final: A, PY2010 Introduction to Psychology : Midterm: A | Final: B+,,,spring 2020, PY2340 Community Psychology : Midterm: A | Final: A, PY2530 Psychology of Prejudice : Midterm: A | Final: A,,,fall 2020,HI 3640  African History : Midterm: A | Final: A,HI 3835 Islamic Cultures : Midterm: A | Final: A,,,,,,,,,,,,,,,,,,,,,,,606b5915962b7170e065a432,Part Time,700137680,Orelia Aizkovitch,KluJGspWKL,2/10/1998,7 Southridge Court,,,,,,,0
belwynko@about.me,Psychology,,,,,,,,,,,,,,,,,,,,,,,,,,,,,,,,,,,,,,,,,,,,,Graduate,fall 2017,VA2010 Intro. to Creative Thinking: Midterm: A | Final: A, PY2010 Introduction to Psychology : Midterm: A | Final: B+,EL 1000 English Comp I: Exposition: Midterm: A | Final: A,MA 1020 College Algebra: Midterm: A- | Final: A,spring 2018, PY2530 Psychology of Prejudice : Midterm: A | Final: A, PY2720 Psychology of Gender: Midterm: A | Final: A, VA2020 Basic Design : Midterm: A | Final: A, EL 2239 Horror Literature : Midterm: B | Final: A,fall 2018,HI 3640  African History : Midterm: A | Final: A,HI 3835 Islamic Cultures : Midterm: A | Final: A,EL 3010  Structure & Grammar of English : Miderm: A | Final: A, HI 3091 African Cultures: Midterm: B | Final: B-,spring 2019, PY3110 Research Methods I: (Orientation): Midterm: B | Final: A, PY2340 Community Psychology : Midterm: A | Final: B, PY3420 Learning & Motivation : Midterm: A | Final: A, VA3100 Visual Culture: Midterm: B | Final: C+,fall 2019, PY3120 Research Methods II: (Statistics) : Midterm: B | Final: A, PY3610 Brain & Behavior: A | Final: A,VA3200 Art Tutorials I: Midterm: A | Final: A,VA3400 Digital Imaging : Midterm: A | Final: B,spring 2020,VA4200 Art Tutorials II: Midterm: A | Final: A, PY4100 Research Methods III (Advanced Research Skills) : Midterm: A | Final: A-, PY3620 Drugs & Behavior : Midterm: B | Final: A, PY3215 Foundations of Child Development : Midterm: A | Final: A,fall 2020, PY4130 Field Experience and Research : Midterm: C | Final: B+, PY3310 Abnormal Human Behavior : Midterm: A | Final: A, PY3311 Theories of Personality : Midterm: A | Final: A, PY3410 Cognitive Psychology: Midterm: A | Final: A,606b5915962b7170e065a433,Full Time,700676143,Barthel Elwyn,wxrZkCLD,1/29/1997,2 Golf View Way,spring 2021, PH 3610 Intro.-U.S.Health Care System : Midterm: A | Final: A, PH 3600  Social Determinants of Health : Midterm: A | Final: A, PY3710 Psychology & Social Justice : Midterm: A | Final: B, PH 5900 Research Methods : Midterm: B | Final: B+,,0
cleks@phoca.cz,History,,,,,,,,,,,,,,,,,,,,,,,,,,,,,,,,,,,,,,,,,,,,,Undergraduate - Freshman,,,,,,,,,,,,,,,,,,,,,,,,,,,,,,,,,,,,606b5915962b7170e065a434,Full Time,700460106,Conway Le Barr,etrNsotQfWLL,9/19/1998,6154 Darwin Court,,,,,,,0
bhowsamkp@samsung.com,Health and Society,,,,,,,,,,,,,,,,,,,,,,,,,,,,,,,,,,,,,,,,,,,,,Undergraduate - Senior,fall 2017,VA2010 Intro. to Creative Thinking : Midterm: A | Final: A, BS 2100 Biology for Non-Science Majors : Midterm: A | Final: B+,EL 1000 English Comp I : Exposition : Midterm: A | Final: A,MA 1020 College Algebra : Midterm: A- | Final: A,spring 2018, BS 2300  Anatomy&Physiology I Lecture : Midterm: A | Final: A, 2410  Basic Bio Sciences II : Midterm: A | Final: A, VA2020 Basic Design : Midterm : A | Final: A, EL 2239 Horror Literature : Midterm : B | Final: A,fall 2018,HI 3640  African History : Midterm: A | Final: A,HI 3835 Islamic Cultures : Midterm: A | Final: A,EL 3010  Structure & Grammar of English : Miderm: A | Final: A, HI 3091 African Cultures : Midterm: B | Final: B-,spring 2019, BS 2310  Anatomy&Physiology II Lecture : Midterm: B | Final: A, PH 3600  Social Determinants of Health : Midterm: A | Final: B, PH 3610 Intro.-U.S.Health Care System : Midterm: A | Final: A, VA3100 Visual Culture : Midterm: B | Final: C+,fall 2019, PH 3200 Nutrition & Society : Midterm: B | Final: A, PH 3700  Medical Anthropology : Midterm: A | Final: A,VA3200 Art Tutorials I : Midterm: A | Final: A,VA3400 Digital Imaging : Midterm: A | Final: B,spring 2020,VA4200 Art Tutorials II : Midterm: A | Final: A, PH 4670 Biostatistics : Midterm: A | Final: A-, PH 4800 Epidemiology : Midterm: B | Final: A, PH 4450 Human Sexuality : Midterm: A | Final: A,fall 2020, PH 4900 Community Health Field Placmt : Midterm: C | Final: B+, PH 4600  Health Program Planning & Eval : Midterm: A | Final: A, PH 4610 Women's Health : Midterm: A | Final: A, PH 4631  Mental Health : Midterm: A | Final: A,606b5915962b7170e065a435,Full Time,700725210,Bartlet Howsam,Yb0PGY3f,10/18/1998,5124 Kropf Circle,,,,,,,0
gdunkertonkr@pen.io,Philosophy and Religion,,,,,,,,,,,,,,,,,,,,,,,,,,,,,,,,,,,,,,,,,,,,,Undergraduate - Sophomore,fall 2019,VA2010 Intro. to Creative Thinking : Midterm: A | Final: A, HI1010 World Religions: West : Midterm: A | Final: B+,EL 1000 English Comp I : Exposition : Midterm: A | Final: A, MA2310 Calculus and Analytic Geometry I : Midterm: A- | Final: A,spring 2020, HI1020 World Religions: East : Midterm: A | Final: A, HI2155 Introduction to Comparative Religion : Midterm: A | Final: A, VA2020 Basic Design : Midterm : A | Final: A, EL 2239 Horror Literature : Midterm : B | Final: A,fall 2020,HI 3640  African History : Midterm: A | Final: A,HI 3835 Islamic Cultures : Midterm : A | Final: A,EL 3010  Structure & Grammar of English : Miderm: A | Final: A, HI 3091 African Cultures : Midterm: B | Final: B-,,,,,,,,,,,,,,,,,,,,,606b5915962b7170e065a436,Full Time,700367093,Gabriela Dunkerton,7bGgPIn,12/17/1997,34421 Jenna Trail,,,,,,,0
loehmeku@odnoklassniki.ru,Biochemistry,,,,,,,,,,,,,,,,,,,,,,,,,,,,,,,,,,,,,,,,,,,,,Undergraduate - Freshman,,,,,,,,,,,,,,,,,,,,,,,,,,,,,,,,,,,,606b5915962b7170e065a437,Full Time,700882210,Lazar Oehme,NwiYiOcr7oQM,8/13/1998,56244 Londonderry Street,,,,,,,0
knorekt@cisco.com,Politics & Economics & Law,,,,,,,,,,,,,,,,,,,,,,,,,,,,,,,,,,,,,,,,,,,,,Graduate,fall 2017,VA2010 Intro. to Creative Thinking : Midterm: A | Final: A, PE2300 Introduction to Law : Midterm: A | Final: B+,EL 1000 English Comp I : Exposition : Midterm: A | Final: A,MA 1020 College Algebra : Midterm: A- | Final: A,spring 2018, PE2650 Introduction to U.S. Politics : Midterm: A | Final: A, IR2210 Unions and Management: An Introduction : Midterm: A | Final: A, VA2020 Basic Design : Midterm : A | Final: A, EL 2239 Horror Literature : Midterm : B | Final: A,fall 2018,HI 3640  African History : Midterm: A | Final: A,HI 3835 Islamic Cultures : Midterm: A | Final: A,EL 3010  Structure & Grammar of English : Miderm: A | Final: A, HI 3091 African Cultures : Midterm: B | Final: B-,spring 2019, PE2220 Introduction to Urban Issues : Midterm: B | Final: A, PE2400 Introduction to Political Economy : Midterm: A | Final: B, IR 3140 Unions & Public Policy: Midterm: A | Final: A, VA3100 Visual Culture : Midterm: B | Final: C+,fall 2019, IR 3300 CollectiveBarg & GrievanceProc : Midterm: B | Final: A, PE3100 International Relations : Midterm: A | Final: A,VA3200 Art Tutorials I : Midterm: A | Final: A,VA3400 Digital Imaging : Midterm: A | Final: B,spring 2020,VA4200 Art Tutorials II : Midterm: A | Final: A, BU3600 Principles Business Law : Midterm: A | Final: A-, IR 3415 Labor Economics : Midterm: B | Final: A, IR 3860 Development of the Modern Corp : Midterm: A | Final: A,fall 2020, PE4320 Jurisprudence: Legal Thought : Midterm: C | Final: B+, PE4470 History of Economic Thought : Midterm: A | Final: A, PE4620 Political and Social Thought : Midterm: A | Final: A, PE4580 Origins of the Capitalist Economy : Midterm: A | Final: A,606b5915962b7170e065a438,Full Time,700607294,Kelby Nore,OaXUVyrC,6/28/1995,981 David Place,spring 2021, PE4590 Global Economy in the 20th Century : Midterm: A | Final: A, IR 4320 Labor & Employment Law : Midterm: A | Final: A, BU 5125  Business Ethics : Midterm: A | Final: B, BU5841 Strategic Marketing : Midterm: B | Final: B+,,0
kbrickhillkx@lulu.com,English,,,,,,,,,,,,,,,,,,,,,,,,,,,,,,,,,,,,,,,,,,,,,Undergraduate - Freshman,,,,,,,,,,,,,,,,,,,,,,,,,,,,,,,,,,,,606b5915962b7170e065a439,Part Time,700761346,Kingsly Brickhill,eegp5Wni,8/23/1998,28 Little Fleur Way,,,,,,,0
pciraldokw@google.cn,Sociology,,,,,,,,,,,,,,,,,,,,,,,,,,,,,,,,,,,,,,,,,,,,,Undergraduate - Senior,fall 2017,VA2010 Intro. to Creative Thinking: Midterm: A | Final: A, SY2400 Sociology Through the Arts : Midterm: A | Final: B+,EL 1000 English Comp I: Exposition: Midterm: A | Final: A,MA 1020 College Algebra: Midterm: A- | Final: A,spring 2018, SY2550 Social Problems: Midterm: A | Final: A, SY2600 Social Deviance: Midterm: A | Final: A, VA2020 Basic Design : Midterm: A | Final: A, EL 2239 Horror Literature : Midterm: B | Final: A,fall 2018,HI 3640  African History : Midterm: A | Final: A,HI 3835 Islamic Cultures : Midterm: A | Final: A,EL 3010  Structure & Grammar of English : Miderm: A | Final: A, HI 3091 African Cultures: Midterm: B | Final: B-,spring 2019, SY2800 Race: Midterm: B | Final: A, SY3160 Sociology of Culture : Midterm: A | Final: B, SY3280 Social Inequality : Midterm: A | Final: A, VA3100 Visual Culture: Midterm: B | Final: C+,fall 2019, SY3630 Political Sociology : Midterm: B | Final: A, SY3700 Family and Society : Midterm: A | Final: A,VA3200 Art Tutorials I: Midterm: A | Final: A,VA3400 Digital Imaging : Midterm: A | Final: B,spring 2020,VA4200 Art Tutorials II: Midterm: A | Final: A, SY3750 Medical Sociology : Midterm: A | Final: A-, SY3800 Race and Ethnicity : Midterm: B | Final: A, SY3900 Social Movements : Midterm: A | Final: A,fall 2020, SY3910 Sociology of Work : Midterm: C | Final: B+, SY4260 Social Work: Theory and Practice : Midterm: A | Final: A, SY4270 Internship in Social Work : Midterm: A | Final: A, SY4400 Social Psychology: A | Final: A,606b5915962b7170e065a43a,Full Time,700760636,Paige Ciraldo,TJaEVF,12/2/1995,2876 Merchant Alley,,,,,,,0
fciciarikv@wp.com,Politics & Economics & Law,,,,,,,,,,,,,,,,,,,,,,,,,,,,,,,,,,,,,,,,,,,,,Graduate,fall 2017,VA2010 Intro. to Creative Thinking : Midterm: A | Final: A, PE2300 Introduction to Law : Midterm: A | Final: B+,EL 1000 English Comp I : Exposition : Midterm: A | Final: A,MA 1020 College Algebra : Midterm: A- | Final: A,spring 2018, PE2650 Introduction to U.S. Politics : Midterm: A | Final: A, IR2210 Unions and Management: An Introduction : Midterm: A | Final: A, VA2020 Basic Design : Midterm : A | Final: A, EL 2239 Horror Literature : Midterm : B | Final: A,fall 2018,HI 3640  African History : Midterm: A | Final: A,HI 3835 Islamic Cultures : Midterm: A | Final: A,EL 3010  Structure & Grammar of English : Miderm: A | Final: A, HI 3091 African Cultures : Midterm: B | Final: B-,spring 2019, PE2220 Introduction to Urban Issues : Midterm: B | Final: A, PE2400 Introduction to Political Economy : Midterm: A | Final: B, IR 3140 Unions & Public Policy: Midterm: A | Final: A, VA3100 Visual Culture : Midterm: B | Final: C+,fall 2019, IR 3300 CollectiveBarg & GrievanceProc : Midterm: B | Final: A, PE3100 International Relations : Midterm: A | Final: A,VA3200 Art Tutorials I : Midterm: A | Final: A,VA3400 Digital Imaging : Midterm: A | Final: B,spring 2020,VA4200 Art Tutorials II : Midterm: A | Final: A, BU3600 Principles Business Law : Midterm: A | Final: A-, IR 3415 Labor Economics : Midterm: B | Final: A, IR 3860 Development of the Modern Corp : Midterm: A | Final: A,fall 2020, PE4320 Jurisprudence: Legal Thought : Midterm: C | Final: B+, PE4470 History of Economic Thought : Midterm: A | Final: A, PE4620 Political and Social Thought : Midterm: A | Final: A, PE4580 Origins of the Capitalist Economy : Midterm: A | Final: A,606b5915962b7170e065a43b,Full Time,700757401,Farrell Ciciari,OGy3qog9BVa,3/13/1998,89 Bay Hill,spring 2021, PE4590 Global Economy in the 20th Century : Midterm: A | Final: A, IR 4320 Labor & Employment Law : Midterm: A | Final: A, BU 5125  Business Ethics : Midterm: A | Final: B, BU5841 Strategic Marketing : Midterm: B | Final: B+,,0
mhaylesky@ihg.com,Chemistry,,,,,,,,,,,,,,,,,,,,,,,,,,,,,,,,,,,,,,,,,,,,,Undergraduate - Junior,fall 2018,VA2010 Intro. to Creative Thinking : Midterm: A | Final: A, CP 2120 Principles of Chemistry I : Midterm: A | Final: B+,EL 1000 English Comp I : Exposition : Midterm: A | Final: A, CP 2121 Principles of Chemistry Lab I : Midterm: A- | Final: A,spring 2019, MA2310 Calculus and Analytic Geometry I : Midterm: A | Final: A, CP 2130  Principles of Chemistry II : Midterm: A | Final: A, VA2020 Basic Design : Midterm : A | Final: A, CP 2131 Principles Chemistry Lab II : Midterm : B | Final: A,fall 2019,HI 3640  African History : Midterm: A | Final: A,HI 3835 Islamic Cultures : Midterm: A | Final: A,EL 3010  Structure & Grammar of English : Miderm: A | Final: A, HI 3091 African Cultures : Midterm: B | Final: B-,spring 2020, EL 2239 Horror Literature : Midterm: B | Final: A, CP 2240  General Physics I : Midterm: A | Final: B, CP 3230  Math Methods: Physical Science : Midterm: A | Final: A, VA3100 Visual Culture : Midterm: B | Final: C+,fall 2020, CP 2251 General Physics II Lab : Midterm: B | Final: A, CP 2250 General Physics II : Midterm: A | Final: A,VA3200 Art Tutorials I : Midterm: A | Final: A,VA3400 Digital Imaging : Midterm: A | Final: B,,,,,,,,,,,606b5915962b7170e065a43c,Full Time,700951160,Morissa Hayles,0fU0UMa4j,4/17/1996,15136 Hauk Parkway,,,,,,,0
mrembaudkz@1688.com,Psychology,,,,,,,,,,,,,,,,,,,,,,,,,,,,,,,,,,,,,,,,,,,,,Undergraduate - Junior,fall 2018,VA2010 Intro. to Creative Thinking: Midterm: A | Final: A, PY2010 Introduction to Psychology : Midterm: A | Final: B+,EL 1000 English Comp I: Exposition: Midterm: A | Final: A,MA 1020 College Algebra: Midterm: A- | Final: A,spring 2019, PY2530 Psychology of Prejudice : Midterm: A | Final: A, PY2720 Psychology of Gender: Midterm: A | Final: A, VA2020 Basic Design : Midterm: A | Final: A, EL 2239 Horror Literature : Midterm: B | Final: A,fall 2019,HI 3640  African History : Midterm: A | Final: A,HI 3835 Islamic Cultures : Midterm: A | Final: A,EL 3010  Structure & Grammar of English : Miderm: A | Final: A, HI 3091 African Cultures: Midterm: B | Final: B-,spring 2020, PY3110 Research Methods I: (Orientation): Midterm: B | Final: A, PY2340 Community Psychology : Midterm: A | Final: B, PY3420 Learning & Motivation : Midterm: A | Final: A, VA3100 Visual Culture: Midterm: B | Final: C+,fall 2020, PY3120 Research Methods II: (Statistics) : Midterm: B | Final: A, PY3610 Brain & Behavior: A | Final: A,VA3200 Art Tutorials I: Midterm: A | Final: A,VA3400 Digital Imaging : Midterm: A | Final: B,,,,,,,,,,,606b5915962b7170e065a43d,Full Time,700477714,Merrill Rembaud,nX1iks3Yi,11/22/1998,0043 Mendota Court,,,,,,,0
amorank9@java.com,Biological Sciences,,,,,,,,,,,,,,,,,,,,,,,,,,,,,,,,,,,,,,,,,,,,,Undergraduate - Junior,fall 2018,VA2010 Intro. to Creative Thinking : Midterm: A | Final: A, BS2490 Environmental Science : Midterm: A | Final: B+,,,spring 2019, BS3400 Vertebrate Physiology : Midterm: A | Final: A, BS3450 Plant Biology : Midterm: A | Final: A,,,fall 2019,HI 3640  African History : Midterm: A | Final: A,HI 3835 Islamic Cultures : Midterm: A | Final: A,,,spring 2020, BS3510 Parasitology : Midterm: B | Final: A, BS3531 Comparative Genomics Lab : Midterm: A | Final: B,,,fall 2020, BS3520 Comparative Anatomy : Midterm: B | Final: A, BS3710 Environmental Physiology : Midterm: A | Final: A,,,,,,,,,,,,,606b5915962b7170e065a43e,Part Time,700637663,Alida Moran,79lJvF7,11/20/1996,671 Waywood Lane,,,,,,,0
tbonnettl1@oakley.com,Marketing,,,,,,,,,,,,,,,,,,,,,,,,,,,,,,,,,,,,,,,,,,,,,Graduate,fall 2017,VA2010 Intro. to Creative Thinking : Midterm: A | Final: A, IR 2210 Unions & Management: An Intro : Midterm: A | Final: B+,EL 1000 English Comp I : Exposition : Midterm: A | Final: A, MA2310 Calculus and Analytic Geometry I : Midterm: A- | Final: A,spring 2018, MA2300 Calculus for Business & Economics : Midterm: A | Final: A, PE 2650 Intro to U.S. Politics : Midterm: A | Final: A, VA2020 Basic Design : Midterm : A | Final: A, EL 2239 Horror Literature : Midterm : B | Final: A,fall 2018,HI 3640  African History : Midterm: A | Final: A,HI 3835 Islamic Cultures : Midterm : A | Final: A,EL 3010  Structure & Grammar of English : Miderm: A | Final: A, HI 3091 African Cultures : Midterm: B | Final: B-,spring 2019, BU3600 Principles Business Law : Midterm: B | Final: A, BU3800 Marketing: Principles & Concepts : Midterm: A | Final: B, MA2320 Calculus and Analytic Geometry II : Midterm: A | Final: A, VA3100 Visual Culture : Midterm: B | Final: C+,fall 2019, BU3905 Business Communication : Midterm: B | Final: A, IR 3140 Unions & Public Policy : Midterm: A | Final: A,VA3200 Art Tutorials I : Midterm: A | Final: A,VA3400 Digital Imaging : Midterm: A | Final: B,spring 2020,VA4200 Art Tutorials II : Midterm: A | Final: A, IR 3300 CollectiveBarg & GrievanceProc : Midterm: A | Final: A-, BU4110 Organizational Behavior & Management : Midterm: B | Final: A, IR 4320 Labor & Employment Law : Midterm: A | Final: A,fall 2020, BU4762 Financial Management : Midterm: C | Final: B+, BU4800 Marketing Research : Midterm: A | Final: A, BU4820 International Marketing : Midterm: A | Final: A, BU4851 Consumer Behavior : Midterm: A | Final: A,606b5915962b7170e065a43f,Full Time,700945187,Thibaud Bonnett,VMSEsbWGUTZ,5/16/1995,3 Morning Terrace,spring 2021, BU5115 Operations Management : Midterm: A | Final: A, BU5190 Business Strategy & Policy : Midterm: A | Final: A, BU5880 Brand Theory & Strategy : Midterm: A | Final: B, MA5230 Mathematical Statistics : Midterm: B | Final: B+,,0
ldanevl0@bigcartel.com,Finance,,,,,,,,,,,,,,,,,,,,,,,,,,,,,,,,,,,,,,,,,,,,,Graduate,fall 2017,VA2010 Intro. to Creative Thinking : Midterm: A | Final: A, BU 3502 Principles of Accounting I : Midterm: A | Final: B+,EL 1000 English Comp I : Exposition : Midterm: A | Final: A, MA2310 Calculus and Analytic Geometry I : Midterm: A- | Final: A,spring 2018, MA2000 Applied Statistics : Midterm: A | Final: A, BU 3511Principles of Accounting II : Midterm: A | Final: A, VA2020 Basic Design : Midterm : A | Final: A, EL 2239 Horror Literature : Midterm : B | Final: A,fall 2018,HI 3640  African History : Midterm: A | Final: A,HI 3835 Islamic Cultures : Midterm : A | Final: A,EL 3010  Structure & Grammar of English : Miderm: A | Final: A, HI 3091 African Cultures : Midterm: B | Final: B-,spring 2019, BU 3010 Info Systems For Mgrs : Midterm: B | Final: A, BU 4500 Intermediate Accounting I : Midterm: A | Final: B, BU 4720   Global Financial Markets : Midterm: A | Final: A, VA3100 Visual Culture : Midterm: B | Final: C+,fall 2019, BU 4510 Intermediate Accounting II : Midterm: B | Final: A, BU 4774   Financial Markets & Inst : Midterm: A | Final: A,VA3200 Art Tutorials I : Midterm: A | Final: A,VA3400 Digital Imaging : Midterm: A | Final: B,spring 2020,VA4200 Art Tutorials II : Midterm: A | Final: A, BU 4570 Federal Income Tax I: Midterm: A | Final: A-, BU 4590 Cost Accounting : Midterm: B | Final: A, BU 5115  Operations Management : Midterm: A | Final: A,fall 2020, BU 5190  Business Strategy & Policy : Midterm: C | Final: B+, BU 5710   Fin. Modeling & Forecasting : Midterm: A | Final: A, BU 5505 Essentials-Gov't&Non-ProfAcctg : Midterm: A | Final: A, BU 5525 International Accounting : Midterm: A | Final: A,606b5915962b7170e065a440,Full Time,700321100,Lorne Danev,vZ9sDLVL,3/6/1998,321 Hovde Trail,spring 2021, BU 5771 Global Financial Markets : Midterm: A | Final: A, BU 5740  Invest Mgmt & Securities Anal : Midterm: A | Final: A, BU 5760  Corporate Finance : Midterm: A | Final: B, BU 5789 Futures & Options Markets : Midterm: B | Final: B+,,0
cfruchterl3@toplist.cz,Media and Communications,,,,,,,,,,,,,,,,,,,,,,,,,,,,,,,,,,,,,,,,,,,,,Undergraduate - Sophomore,fall 2019,VA2010 Intro. to Creative Thinking : Midterm: A | Final: A, AS2020 New Media CE : Midterm: A | Final: B+,EL 1000 English Comp I : Exposition : Midterm: A | Final: A, MA2310 Calculus and Analytic Geometry I : Midterm: A- | Final: A,spring 2020, AS2652 Media Studies : Midterm: A | Final: A, AS2700 The Engaged Eye : Midterm: A | Final: A, VA2020 Basic Design : Midterm : A | Final: A, EL 2239 Horror Literature : Midterm : B | Final: A,fall 2020,HI 3640  African History : Midterm: A | Final: A,HI 3835 Islamic Cultures : Midterm : A | Final: A,EL 3010  Structure & Grammar of English : Miderm: A | Final: A, HI 3091 African Cultures : Midterm: B | Final: B-,,,,,,,,,,,,,,,,,,,,,606b5915962b7170e065a441,Full Time,700084081,Cullen Fruchter,JaPKCHdWLD,7/24/1998,50426 Kings Circle,,,,,,,0
ameusel6@blogs.com,Computer & Information Science,,,,,,,,,,,,,,,,,,,,,,,,,,,,,,,,,,,,,,,,,,,,,Undergraduate - Sophomore,fall 2019,VA2010 Intro. to Creative Thinking: Midterm: A | Final: A,CS 2510 Computer Programming I : Midterm: A | Final: B+,EL 1000 English Comp I: Exposition: Midterm: A | Final: A,MA 1020 College Algebra: Midterm: A- | Final: A,spring 2020, CS 2511 Computer Programming II: Midterm: A | Final: A, MA2310 Calculus and Analytic Geometry I: Midterm: A | Final: A, VA2020 Basic Design : Midterm: A | Final: A, EL 2239 Horror Literature : Midterm: B | Final: A,fall 2020,HI 3640  African History : Midterm: A | Final: A,HI 3835 Islamic Cultures : Midterm: A | Final: A,EL 3010  Structure & Grammar of English : Miderm: A | Final: A, HI 3091 African Cultures: Midterm: B | Final: B-,,,,,,,,,,,,,,,,,,,,,606b5915962b7170e065a442,Full Time,700917025,Ashlee Meuse,thnZfIQ,8/15/1997,38 Haas Park,,,,,,,0
cwigselll5@huffingtonpost.com,Health and Society,,,,,,,,,,,,,,,,,,,,,,,,,,,,,,,,,,,,,,,,,,,,,Undergraduate - Senior,fall 2017,VA2010 Intro. to Creative Thinking : Midterm: A | Final: A, BS 2100 Biology for Non-Science Majors : Midterm: A | Final: B+,EL 1000 English Comp I : Exposition : Midterm: A | Final: A,MA 1020 College Algebra : Midterm: A- | Final: A,spring 2018, BS 2300  Anatomy&Physiology I Lecture : Midterm: A | Final: A, 2410  Basic Bio Sciences II : Midterm: A | Final: A, VA2020 Basic Design : Midterm : A | Final: A, EL 2239 Horror Literature : Midterm : B | Final: A,fall 2018,HI 3640  African History : Midterm: A | Final: A,HI 3835 Islamic Cultures : Midterm: A | Final: A,EL 3010  Structure & Grammar of English : Miderm: A | Final: A, HI 3091 African Cultures : Midterm: B | Final: B-,spring 2019, BS 2310  Anatomy&Physiology II Lecture : Midterm: B | Final: A, PH 3600  Social Determinants of Health : Midterm: A | Final: B, PH 3610 Intro.-U.S.Health Care System : Midterm: A | Final: A, VA3100 Visual Culture : Midterm: B | Final: C+,fall 2019, PH 3200 Nutrition & Society : Midterm: B | Final: A, PH 3700  Medical Anthropology : Midterm: A | Final: A,VA3200 Art Tutorials I : Midterm: A | Final: A,VA3400 Digital Imaging : Midterm: A | Final: B,spring 2020,VA4200 Art Tutorials II : Midterm: A | Final: A, PH 4670 Biostatistics : Midterm: A | Final: A-, PH 4800 Epidemiology : Midterm: B | Final: A, PH 4450 Human Sexuality : Midterm: A | Final: A,fall 2020, PH 4900 Community Health Field Placmt : Midterm: C | Final: B+, PH 4600  Health Program Planning & Eval : Midterm: A | Final: A, PH 4610 Women's Health : Midterm: A | Final: A, PH 4631  Mental Health : Midterm: A | Final: A,606b5915962b7170e065a443,Full Time,700653724,Caren Wigsell,LR33QVXs,8/8/1997,0 Eagle Crest Lane,,,,,,,0
acullenl4@examiner.com,Computer & Information Science,,,,,,,,,,,,,,,,,,,,,,,,,,,,,,,,,,,,,,,,,,,,,Undergraduate - Senior,fall 2017,VA2010 Intro. to Creative Thinking: Midterm: A | Final: A,CS 2510 Computer Programming I : Midterm: A | Final: B+,EL 1000 English Comp I: Exposition: Midterm: A | Final: A,MA 1020 College Algebra: Midterm: A- | Final: A,spring 2018, CS 2511 Computer Programming II: Midterm: A | Final: A, MA2310 Calculus and Analytic Geometry I: Midterm: A | Final: A, VA2020 Basic Design : Midterm: A | Final: A, EL 2239 Horror Literature : Midterm: B | Final: A,fall 2018,HI 3640  African History : Midterm: A | Final: A,HI 3835 Islamic Cultures : Midterm: A | Final: A,EL 3010  Structure & Grammar of English : Miderm: A | Final: A, HI 3091 African Cultures: Midterm: B | Final: B-,spring 2019, CS 3620 Computer Architecture I: Midterm: B | Final: A, CS 3810  Data Structures & Algorithms : Midterm: A | Final: B, CS 3911 C++in Object Oriented Design : Midterm: A | Final: A, VA3100 Visual Culture: Midterm: B | Final: C+,fall 2019, MA 3210  Intro to Prob & Statistics : Midterm: B | Final: A, CS 4501 Software Engineering : Midterm: A | Final: A,VA3200 Art Tutorials I: Midterm: A | Final: A,VA3400 Digital Imaging : Midterm: A | Final: B,spring 2020,VA4200 Art Tutorials II: Midterm: A | Final: A, CS 4550 Database Management Systems : Midterm: A | Final: A-, CS 4720 Internet & Web Tech : Midterm: B | Final: A, CS 5710 Computer Networks : Midterm: A | Final: A,fall 2020, CS 4400  Artificial Intelligence : Midterm: C | Final: B+, CS 4705 Intro to Computer Security : Midterm: A | Final: A,HI 4650   History of African Enslavement : Midterm: A | Final: A,BS4400 Cell Biology: A | Final: A,606b5915962b7170e065a444,Full Time,700737309,Adriena Cullen,eocH29ki,7/19/1995,0 Armistice Trail,,,,,,,0
agrigorianl8@hugedomains.com,History,,,,,,,,,,,,,,,,,,,,,,,,,,,,,,,,,,,,,,,,,,,,,Undergraduate - Senior,fall 2017,VA2010 Intro. to Creative Thinking: Midterm: A | Final: A,AS 2112 American People I : Midterm: A | Final: B+,,,spring 2018,AS 2122 American People II : Midterm: A | Final: A, HI 2681 Intro to Europe Hist:1350-Present: Midterm: A | Final: A,,,fall 2018,HI 3640  African History : Midterm: A | Final: A,HI 3835 Islamic Cultures : Midterm: A | Final: A,,,spring 2019,HI 4308 History Modern Middle East: Midterm: B | Final: A,HI 4632 Japanese History Through Literature : Midterm: A | Final: B,,,fall 2019,PE 4690 Politics of Lat Amer/Caribbean : Midterm: B | Final: A,HI 4001 19th Century : Midterm: A | Final: A,,,spring 2020,VA4200 Art Tutorials II: Midterm: A | Final: A,VA4260 Interactive Web Design : Midterm: A | Final: A-,,,fall 2020,HI 3610  America's African Heritage : Midterm: C | Final: B+,HI 3840 Crescent and Cross : Midterm: A | Final: A,,,606b5915962b7170e065a445,Part Time,700190891,Audra Grigorian,somTVA0,6/16/1996,2363 Mifflin Way,,,,,,,0
jbakewellla@youku.com,Computer & Information Science,,,,,,,,,,,,,,,,,,,,,,,,,,,,,,,,,,,,,,,,,,,,,Undergraduate - Sophomore,fall 2019,VA2010 Intro. to Creative Thinking: Midterm: A | Final: A,CS 2510 Computer Programming I : Midterm: A | Final: B+,,,spring 2020, CS 2511 Computer Programming II: Midterm: A | Final: A, MA2310 Calculus and Analytic Geometry I: Midterm: A | Final: A,,,fall 2020,HI 3640  African History : Midterm: A | Final: A,HI 3835 Islamic Cultures : Midterm: A | Final: A,,,,,,,,,,,,,,,,,,,,,,,606b5915962b7170e065a446,Part Time,700126894,Jarrid Bakewell,Mv8JcJ8M3,4/6/1998,72 Park Meadow Way,,,,,,,0
zbulleyl7@mayoclinic.com,Management Information Systems,,,,,,,,,,,,,,,,,,,,,,,,,,,,,,,,,,,,,,,,,,,,,Graduate,fall 2017,VA2010 Intro. to Creative Thinking : Midterm: A | Final: A, CS 2510 Computer Programming I : Midterm: A | Final: B+,EL 1000 English Comp I : Exposition : Midterm: A | Final: A,MA 1020 College Algebra : Midterm: A- | Final: A,spring 2018, CS 2511 Computer Programming II : Midterm: A | Final: A, MA2000 Applied Statistics : Midterm: A | Final: A, VA2020 Basic Design : Midterm : A | Final: A, EL 2239 Horror Literature : Midterm : B | Final: A,fall 2018,HI 3640  African History : Midterm: A | Final: A,HI 3835 Islamic Cultures : Midterm : A | Final: A,EL 3010  Structure & Grammar of English : Miderm: A | Final: A, HI 3091 African Cultures : Midterm: B | Final: B-,spring 2019, CS 3611 Advanced C# : Midterm: B | Final: A, BU 3800 Marketing: Principles&Concepts : Midterm: A | Final: B, BU3010 Information Systems for Managers : Midterm: A | Final: A, VA3100 Visual Culture : Midterm: B | Final: C+,fall 2019, CS 3620 Computer Architecture I : Midterm: B | Final: A, CS 4501 Software Engineering : Midterm: A | Final: A,VA3200 Art Tutorials I : Midterm: A | Final: A,VA3400 Digital Imaging : Midterm: A | Final: B,spring 2020,VA4200 Art Tutorials II : Midterm: A | Final: A, CS 3911 C++in Object Oriented Design : Midterm: A | Final: A-, CS 4550 Database Management Systems : Midterm: B | Final: A, CS 3810  Data Structures & Algorithms : Midterm: A | Final: A,fall 2020, CS 4720 Internet & Web Tech : Midterm: C | Final: B+, CS 4400  Artificial Intelligence : Midterm: A | Final: A, CS 5710 Computer Networks : Midterm: A | Final: A, CS 4705 Intro to Computer Security : Midterm: A | Final: A,606b5915962b7170e065a447,Full Time,700921137,Zerk Bulley,3VnoLiTji,2/14/1996,40 Nobel Terrace,spring 2021, CS 5910 Systems Design & Implement : Midterm: A | Final: A, CS 5610  Operating Systems : Midterm: A | Final: A, CS 5810  Data Mining : Midterm: A | Final: B, CS 4100 Technical Communications : Midterm: B | Final: B+,,0
mlenthalllb@hostgator.com,Spanish Language,,,,,,,,,,,,,,,,,,,,,,,,,,,,,,,,,,,,,,,,,,,,,Undergraduate - Freshman,,,,,,,,,,,,,,,,,,,,,,,,,,,,,,,,,,,,606b5915962b7170e065a448,Full Time,700867405,Marvin Lenthall,BMJmOXZRki,2/10/1996,54 Summerview Pass,,,,,,,0
gpumfreyl9@csmonitor.com,English,,,,,,,,,,,,,,,,,,,,,,,,,,,,,,,,,,,,,,,,,,,,,Graduate,fall 2017,VA2010 Intro. to Creative Thinking : Midterm: A | Final: A, HI1010 World Religions: West : Midterm: A | Final: B+,EL 1000 English Comp I : Exposition : Midterm: A | Final: A,MA 1020 College Algebra : Midterm: A- | Final: A,spring 2018, EL 2239 Horror Literature : Midterm: A | Final: A, 2410  Basic Bio Sciences II : Midterm: A | Final: A, VA2020 Basic Design : Midterm : A | Final: A, EL 3010  Structure & Grammar of English : Midterm : B | Final: A,fall 2018,HI 3640  African History : Midterm: A | Final: A,HI 3835 Islamic Cultures : Midterm: A | Final: A, EL 3500  Lit Across Cultures I:Analysis : Miderm: A | Final: A, HI 3091 African Cultures : Midterm: B | Final: B-,spring 2019, EL 3510  Lit Across Cultures II:Theory : Midterm: B | Final: A, EL 3600 US Literature I : Midterm: A | Final: B, EL 3800 Eng Lit I:Beowulf-18th Century : Midterm: A | Final: A, VA3100 Visual Culture : Midterm: B | Final: C+,fall 2019, EL 3610  US Literature II : Midterm: B | Final: A, EL 3810  Eng Lit II:Romantics - Present : Midterm: A | Final: A,VA3200 Art Tutorials I : Midterm: A | Final: A,VA3400 Digital Imaging : Midterm: A | Final: B,spring 2020,VA4200 Art Tutorials II : Midterm: A | Final: A, EL 3560  Literatures of Europe:Part I : Midterm: A | Final: A-, EL 3950  Creative Non-Fiction : Midterm: B | Final: A, EL 4311 Greek Drama : Midterm: A | Final: A,fall 2020, EL 3561 Literatures of Europe:Part II : Midterm: C | Final: B+, EL 4312 Greek Mythology : Midterm: A | Final: A, EL 4325 Shakespeare: Selected Plays : Midterm: A | Final: A, EL 4400  Critical Theory : Midterm: A | Final: A,606b5915962b7170e065a449,Full Time,700965817,Genny Pumfrey,ogSsG7VD5,10/27/1997,5 Carey Plaza,spring 2021, EL 4402 Sin & Sexuality in Literature : Midterm: A | Final: A, EL 4500 Topics in British/US Lit : Midterm: A | Final: A, EL 4510  Modern Drama & Theatre : Midterm: A | Final: B, SY 5990  Senior Seminar : Midterm: B | Final: B+,,0
mebbingl2@nymag.com,English,,,,,,,,,,,,,,,,,,,,,,,,,,,,,,,,,,,,,,,,,,,,,Undergraduate - Junior,fall 2018,VA2010 Intro. to Creative Thinking : Midterm: A | Final: A, HI1010 World Religions: West : Midterm: A | Final: B+,,,spring 2019, EL 2239 Horror Literature : Midterm: A | Final: A, 2410  Basic Bio Sciences II : Midterm: A | Final: A,,,fall 2019,HI 3640  African History : Midterm: A | Final: A,HI 3835 Islamic Cultures : Midterm: A | Final: A,,,spring 2020, EL 3510  Lit Across Cultures II:Theory : Midterm: B | Final: A, EL 3600 US Literature I : Midterm: A | Final: B,,,fall 2020, EL 3610  US Literature II : Midterm: B | Final: A, EL 3810  Eng Lit II:Romantics - Present : Midterm: A | Final: A,,,,,,,,,,,,,606b5915962b7170e065a44a,Part Time,700952549,Melisent Ebbing,GGMSD8icB,6/10/1995,808 Carberry Place,,,,,,,0
lbellenielf@barnesandnoble.com,Computer & Information Science,,,,,,,,,,,,,,,,,,,,,,,,,,,,,,,,,,,,,,,,,,,,,Graduate,fall 2017,VA2010 Intro. to Creative Thinking: Midterm: A | Final: A,CS 2510 Computer Programming I : Midterm: A | Final: B+,EL 1000 English Comp I: Exposition: Midterm: A | Final: A,MA 1020 College Algebra: Midterm: A- | Final: A,spring 2018, CS 2511 Computer Programming II: Midterm: A | Final: A, MA2310 Calculus and Analytic Geometry I: Midterm: A | Final: A, VA2020 Basic Design : Midterm: A | Final: A, EL 2239 Horror Literature : Midterm: B | Final: A,fall 2018,HI 3640  African History : Midterm: A | Final: A,HI 3835 Islamic Cultures : Midterm: A | Final: A,EL 3010  Structure & Grammar of English : Miderm: A | Final: A, HI 3091 African Cultures: Midterm: B | Final: B-,spring 2019, CS 3620 Computer Architecture I: Midterm: B | Final: A, CS 3810  Data Structures & Algorithms : Midterm: A | Final: B, CS 3911 C++in Object Oriented Design : Midterm: A | Final: A, VA3100 Visual Culture: Midterm: B | Final: C+,fall 2019, MA 3210  Intro to Prob & Statistics : Midterm: B | Final: A, CS 4501 Software Engineering : Midterm: A | Final: A,VA3200 Art Tutorials I: Midterm: A | Final: A,VA3400 Digital Imaging : Midterm: A | Final: B,spring 2020,VA4200 Art Tutorials II: Midterm: A | Final: A, CS 4550 Database Management Systems : Midterm: A | Final: A-, CS 4720 Internet & Web Tech : Midterm: B | Final: A, CS 5710 Computer Networks : Midterm: A | Final: A,fall 2020, CS 4400  Artificial Intelligence : Midterm: C | Final: B+, CS 4705 Intro to Computer Security : Midterm: A | Final: A,HI 4650   History of African Enslavement : Midterm: A | Final: A,BS4400 Cell Biology: A | Final: A,606b5915962b7170e065a44b,Full Time,700420149,Lynnette Bellenie,w6VeGxAeSaIK,8/24/1996,583 Corscot Center,spring 2021, CS 5910 Systems Design & Implement : Midterm: A | Final: A, CS 5610  Operating Systems : Midterm: A | Final: A, CS 4100 Technical Communications : Midterm: A | Final: B, CS 5730  Computer Network Security : Midterm: B | Final: B+,,0
kdrysdalele@wunderground.com,Adolescence Education: Chemistry (7-12),,,,,,,,,,,,,,,,,,,,,,,,,,,,,,,,,,,,,,,,,,,,,Undergraduate - Senior,fall 2017,VA2010 Intro. to Creative Thinking : Midterm: A | Final: A, BS 2400 Basic Bio Sciences I : Midterm: A | Final: B+,,,spring 2018, CP 2120 Principles of Chemistry I : Midterm: A | Final: A, CP 2121 Principles of Chemistry Lab I : Midterm: A | Final: A,,,fall 2018,HI 3640  African History : Midterm: A | Final: A,HI 3835 Islamic Cultures : Midterm: A | Final: A,,,spring 2019, CP 2130 Principles of Chemistry II : Midterm: B | Final: A, CP 2131 Principles Chemistry Lab II : Midterm: A | Final: B,,,fall 2019, CP 3300 Organic Chemistry I : Midterm: B | Final: A, CP 3302 Organic Chemistry Lab I : Midterm: A | Final: A,,,spring 2020,VA4200 Art Tutorials II : Midterm: A | Final: A, CP 3310 Organic Chemistry II : Midterm: A | Final: A-,,,fall 2020, CP 4700 Physical Chemistry I : Midterm: C | Final: B+, CP 4515 Biochemistry II : Midterm: A | Final: A,,,606b5915962b7170e065a44c,Part Time,700311586,Kaine Drysdale,Hs6Gdv4,7/21/1998,55636 Badeau Drive,,,,,,,0
ljachtymlc@myspace.com,Adolescence Education: Mathematics (7-12),,,,,,,,,,,,,,,,,,,,,,,,,,,,,,,,,,,,,,,,,,,,,Graduate,fall 2017,VA2010 Intro. to Creative Thinking : Midterm: A | Final: A, MA2000 Applied Statistics : Midterm: A | Final: B+,EL 1000 English Comp I : Exposition : Midterm: A | Final: A, MA2310 Calculus and Analytic Geometry I : Midterm: A- | Final: A,spring 2018, MA2320 Calculus and Analytic Geometry II : Midterm: A | Final: A, MA3030 Discrete Mathematics : Midterm: A | Final: A, VA2020 Basic Design : Midterm : A | Final: A, EL 2239 Horror Literature : Midterm : B | Final: A,fall 2018,HI 3640  African History : Midterm: A | Final: A,HI 3835 Islamic Cultures : Midterm : A | Final: A,EL 3010  Structure & Grammar of English : Miderm: A | Final: A, HI 3091 African Cultures : Midterm: B | Final: B-,spring 2019, MA3330 Calculus and Analytic Geometry III : Midterm: B | Final: A, MA3160 Linear Algebra : Midterm: A | Final: B, MA3210 Intro. To Probability & Statistics : Midterm: A | Final: A, VA3100 Visual Culture : Midterm: B | Final: C+,fall 2019, MA4910 Operations Research I : Midterm: B | Final: A, MA4100 Number Theory : Midterm: A | Final: A,VA3200 Art Tutorials I : Midterm: A | Final: A,VA3400 Digital Imaging : Midterm: A | Final: B,spring 2020,VA4200 Art Tutorials II : Midterm: A | Final: A, MA4920 Operations Research II : Midterm: A | Final: A-, MA5230 Mathematical Statistics : Midterm: B | Final: A, MA5320 Advanced Calculus I : Midterm: A | Final: A,fall 2020, MA 6150 Geometry : Midterm: C | Final: B+, ED 6084 Method/Mtrls Teaching Math MAT : Midterm: A | Final: A, ED 6094 Literacy : Midterm: A | Final: A, ED 6902 Student Teaching Mathematics : Midterm: A | Final: A,606b5915962b7170e065a44d,Full Time,700053887,Leontyne Jachtym,GMle8TUxFUVm,4/20/1996,06685 Loftsgordon Trail,spring 2021, MA 6100 Probability and Statistics : Midterm: A | Final: A, MA 6200 Algebra : Midterm: A | Final: A, MA 6250 Analysis : Midterm: A | Final: B, MA 7500 Topics in Math & Math Ed : Midterm: B | Final: B+,,0
sacomelg@ed.gov,Media and Communications,,,,,,,,,,,,,,,,,,,,,,,,,,,,,,,,,,,,,,,,,,,,,Graduate,fall 2017,VA2010 Intro. to Creative Thinking : Midterm: A | Final: A, AS2020 New Media CE : Midterm: A | Final: B+,EL 1000 English Comp I : Exposition : Midterm: A | Final: A, MA2310 Calculus and Analytic Geometry I : Midterm: A- | Final: A,spring 2018, AS2652 Media Studies : Midterm: A | Final: A, AS2700 The Engaged Eye : Midterm: A | Final: A, VA2020 Basic Design : Midterm : A | Final: A, EL 2239 Horror Literature : Midterm : B | Final: A,fall 2018,HI 3640  African History : Midterm: A | Final: A,HI 3835 Islamic Cultures : Midterm : A | Final: A,EL 3010  Structure & Grammar of English : Miderm: A | Final: A, HI 3091 African Cultures : Midterm: B | Final: B-,spring 2019, AS3310 From Citizen to Consumer : Midterm: B | Final: A, AS3632 History of U.S. Film : Midterm: A | Final: B, AS3712 American Film Genres : Midterm: A | Final: A, VA3100 Visual Culture : Midterm: B | Final: C+,fall 2019, AS3722 History of Mass Media : Midterm: B | Final: A, AS3732 Politics of Media & Inst : Midterm: A | Final: A,VA3200 Art Tutorials I : Midterm: A | Final: A,VA3400 Digital Imaging : Midterm: A | Final: B,spring 2020,VA4200 Art Tutorials II : Midterm: A | Final: A, AS3735 Documentary Media Studies : Midterm: A | Final: A-, AS3742 Myths and Images in Film : Midterm: B | Final: A, AS3745 Feminine and Masculine in Film : Midterm: A | Final: A,fall 2020, AS3810 Music and Media : Midterm: C | Final: B+, AS3830 Public Relations and Society : Midterm: A | Final: A, AS3842 African-Americans and the Mass Media : Midterm: A | Final: A, AS3852 Women and the Media : Midterm: A | Final: A,606b5915962b7170e065a44e,Full Time,700806465,Sal Acome,1gmiw7CEx,7/19/1997,53039 Hoepker Parkway,spring 2021, AS4160 Special Topics in Media Studies : Midterm: A | Final: A, AS4280 Global Media : Midterm: A | Final: A, AS4722 Film: Ideas and Aesthetics : Midterm: A | Final: B, AS4725 The Photograph and American Culture : Midterm: B | Final: B+,,0
ddillwayli@columbia.edu,Visual Arts: Electronic Media,,,,,,,,,,,,,,,,,,,,,,,,,,,,,,,,,,,,,,,,,,,,,Graduate,fall 2017,VA2010 Intro. to Creative Thinking : Midterm: A | Final: A, CS 2510 Computer Programming I : Midterm: A | Final: B+,EL 1000 English Comp I : Exposition : Midterm: A | Final: A,MA 1020 College Algebra : Midterm: A- | Final: A,spring 2018, CS 2511 Computer Programming II : Midterm: A | Final: A, VA2030 Drawing : Midterm: A | Final: A, MA2310 Calculus and Analytic Geometry I : Midterm : A | Final: A, EL 2239 Horror Literature : Midterm : B | Final: A,fall 2018,HI 3640  African History : Midterm: A | Final: A,HI 3835 Islamic Cultures : Midterm: A | Final: A,EL 3010  Structure & Grammar of English : Miderm: A | Final: A, HI 3091 African Cultures : Midterm: B | Final: B-,spring 2019, VA2020 Basic Design : Midterm: B | Final: A, VA2500 Art History I: 19th Century Art : Midterm: A | Final: B, VA2045 Introduction to Color : Midterm: A | Final: A, AS2020 New Media CE : Midterm: B | Final: C+,fall 2019, VA3100 Visual Culture : Midterm: B | Final: A, VA3380 Digital Video 4 : Midterm: A | Final: A,VA3200 Art Tutorials I : Midterm: A | Final: A, VA2320 Graphic Design I : Midterm: A | Final: B,spring 2020,VA4200 Art Tutorials II : Midterm: A | Final: A, VA4260 Interactive Web Design : Midterm: A | Final: A-, VA4320 Graphic Design II : Midterm: B | Final: A, VA3400 Digital Imaging : Midterm: A | Final: A,fall 2020, VA4265 3D Digital Design : Midterm: C | Final: B+, VA4900 Internship : Midterm: A | Final: A, VA4360 Advanced Electronic and Animation : Midterm: A | Final: A, VA4460 Digital Animation : Midterm: A | Final: A,606b5915962b7170e065a44f,Full Time,700873453,Daveta Dillway,eGlhKzh,8/8/1997,97146 Fair Oaks Plaza,spring 2021, VA5200 Art Tutorials III : Midterm: A | Final: A, AS4722 Film: Ideas and Aesthetics : Midterm: A | Final: A, AS4725 The Photograph and American Culture : Midterm: A | Final: B, AS4280 Global Media : Midterm: B | Final: B+,,0
dprescottlh@home.pl,Computer & Information Science,,,,,,,,,,,,,,,,,,,,,,,,,,,,,,,,,,,,,,,,,,,,,Graduate,fall 2017,VA2010 Intro. to Creative Thinking: Midterm: A | Final: A,CS 2510 Computer Programming I : Midterm: A | Final: B+,EL 1000 English Comp I: Exposition: Midterm: A | Final: A,MA 1020 College Algebra: Midterm: A- | Final: A,spring 2018, CS 2511 Computer Programming II: Midterm: A | Final: A, MA2310 Calculus and Analytic Geometry I: Midterm: A | Final: A, VA2020 Basic Design : Midterm: A | Final: A, EL 2239 Horror Literature : Midterm: B | Final: A,fall 2018,HI 3640  African History : Midterm: A | Final: A,HI 3835 Islamic Cultures : Midterm: A | Final: A,EL 3010  Structure & Grammar of English : Miderm: A | Final: A, HI 3091 African Cultures: Midterm: B | Final: B-,spring 2019, CS 3620 Computer Architecture I: Midterm: B | Final: A, CS 3810  Data Structures & Algorithms : Midterm: A | Final: B, CS 3911 C++in Object Oriented Design : Midterm: A | Final: A, VA3100 Visual Culture: Midterm: B | Final: C+,fall 2019, MA 3210  Intro to Prob & Statistics : Midterm: B | Final: A, CS 4501 Software Engineering : Midterm: A | Final: A,VA3200 Art Tutorials I: Midterm: A | Final: A,VA3400 Digital Imaging : Midterm: A | Final: B,spring 2020,VA4200 Art Tutorials II: Midterm: A | Final: A, CS 4550 Database Management Systems : Midterm: A | Final: A-, CS 4720 Internet & Web Tech : Midterm: B | Final: A, CS 5710 Computer Networks : Midterm: A | Final: A,fall 2020, CS 4400  Artificial Intelligence : Midterm: C | Final: B+, CS 4705 Intro to Computer Security : Midterm: A | Final: A,HI 4650   History of African Enslavement : Midterm: A | Final: A,BS4400 Cell Biology: A | Final: A,606b5915962b7170e065a450,Full Time,700069018,Dahlia Prescott,sBkuJ0,9/20/1996,148 Monterey Plaza,spring 2021, CS 5910 Systems Design & Implement : Midterm: A | Final: A, CS 5610  Operating Systems : Midterm: A | Final: A, CS 4100 Technical Communications : Midterm: A | Final: B, CS 5730  Computer Network Security : Midterm: B | Final: B+,,0
tlanferlj@tamu.edu,Industrial and Labor Relations,,,,,,,,,,,,,,,,,,,,,,,,,,,,,,,,,,,,,,,,,,,,,Undergraduate - Senior,fall 2017,VA2010 Intro. to Creative Thinking : Midterm: A | Final: A, PE 2650 Intro to U.S. Politics : Midterm: A | Final: B+,,,spring 2018, MA2300 Calculus for Business & Economics : Midterm: A | Final: A, IR 2210 Unions & Management: An Intro : Midterm: A | Final: A,,,fall 2018,HI 3640  African History : Midterm: A | Final: A,HI 3835 Islamic Cultures : Midterm: A | Final: A,,,spring 2019, PE 2300 Introduction to Law : Midterm: B | Final: A, IR 3140 Unions & Public Policy : Midterm: A | Final: B,,,fall 2019, IR 3330 Women : Midterm: B | Final: A, IR 3415 Labor Economics : Midterm: A | Final: A,,,spring 2020,VA4200 Art Tutorials II : Midterm: A | Final: A, IR 3860 Development of the Modern Corp : Midterm: A | Final: A-,,,fall 2020, IR 3500 Arbitration & Mediation : Midterm: C | Final: B+, IR 4320 Labor & Employment Law : Midterm: A | Final: A,,,606b5915962b7170e065a451,Part Time,700051058,Taber Lanfer,LLAH3G768,10/3/1995,755 Mockingbird Street,,,,,,,0
dpretselllk@mozilla.com,Politics & Economics & Law,,,,,,,,,,,,,,,,,,,,,,,,,,,,,,,,,,,,,,,,,,,,,Undergraduate - Sophomore,fall 2019,VA2010 Intro. to Creative Thinking : Midterm: A | Final: A, PE2300 Introduction to Law : Midterm: A | Final: B+,EL 1000 English Comp I : Exposition : Midterm: A | Final: A,MA 1020 College Algebra : Midterm: A- | Final: A,spring 2020, PE2650 Introduction to U.S. Politics : Midterm: A | Final: A, IR2210 Unions and Management: An Introduction : Midterm: A | Final: A, VA2020 Basic Design : Midterm : A | Final: A, EL 2239 Horror Literature : Midterm : B | Final: A,fall 2020,HI 3640  African History : Midterm: A | Final: A,HI 3835 Islamic Cultures : Midterm: A | Final: A,EL 3010  Structure & Grammar of English : Miderm: A | Final: A, HI 3091 African Cultures : Midterm: B | Final: B-,,,,,,,,,,,,,,,,,,,,,606b5915962b7170e065a452,Full Time,700048474,Donnell Pretsell,ZG1ZBKZwB4,4/16/1995,20 Village Lane,,,,,,,0
dkrystekld@ameblo.jp,Finance,,,,,,,,,,,,,,,,,,,,,,,,,,,,,,,,,,,,,,,,,,,,,Undergraduate - Junior,fall 2018,VA2010 Intro. to Creative Thinking : Midterm: A | Final: A, BU 3502 Principles of Accounting I : Midterm: A | Final: B+,EL 1000 English Comp I : Exposition : Midterm: A | Final: A, MA2310 Calculus and Analytic Geometry I : Midterm: A- | Final: A,spring 2019, MA2000 Applied Statistics : Midterm: A | Final: A, BU 3511Principles of Accounting II : Midterm: A | Final: A, VA2020 Basic Design : Midterm : A | Final: A, EL 2239 Horror Literature : Midterm : B | Final: A,fall 2019,HI 3640  African History : Midterm: A | Final: A,HI 3835 Islamic Cultures : Midterm : A | Final: A,EL 3010  Structure & Grammar of English : Miderm: A | Final: A, HI 3091 African Cultures : Midterm: B | Final: B-,spring 2020, BU 3010 Info Systems For Mgrs : Midterm: B | Final: A, BU 4500 Intermediate Accounting I : Midterm: A | Final: B, BU 4720   Global Financial Markets : Midterm: A | Final: A, VA3100 Visual Culture : Midterm: B | Final: C+,fall 2020, BU 4510 Intermediate Accounting II : Midterm: B | Final: A, BU 4774   Financial Markets & Inst : Midterm: A | Final: A,VA3200 Art Tutorials I : Midterm: A | Final: A,VA3400 Digital Imaging : Midterm: A | Final: B,,,,,,,,,,,606b5915962b7170e065a453,Full Time,700592323,Diarmid Krystek,FdPKTs,3/26/1996,1103 Kipling Park,,,,,,,0
mbaselm@feedburner.com,Adolescence Education: Chemistry (7-12),,,,,,,,,,,,,,,,,,,,,,,,,,,,,,,,,,,,,,,,,,,,,Undergraduate - Junior,fall 2018,VA2010 Intro. to Creative Thinking : Midterm: A | Final: A, BS 2400 Basic Bio Sciences I : Midterm: A | Final: B+,,,spring 2019, CP 2120 Principles of Chemistry I : Midterm: A | Final: A, CP 2121 Principles of Chemistry Lab I : Midterm: A | Final: A,,,fall 2019,HI 3640  African History : Midterm: A | Final: A,HI 3835 Islamic Cultures : Midterm: A | Final: A,,,spring 2020, CP 2130 Principles of Chemistry II : Midterm: B | Final: A, CP 2131 Principles Chemistry Lab II : Midterm: A | Final: B,,,fall 2020, CP 3300 Organic Chemistry I : Midterm: B | Final: A, CP 3302 Organic Chemistry Lab I : Midterm: A | Final: A,,,,,,,,,,,,,606b5915962b7170e065a454,Part Time,700613673,Midge Base,HODnpWhNz,7/26/1996,063 Del Sol Park,,,,,,,0
dburchessll@elegantthemes.com,Psychology,,,,,,,,,,,,,,,,,,,,,,,,,,,,,,,,,,,,,,,,,,,,,Undergraduate - Junior,fall 2018,VA2010 Intro. to Creative Thinking: Midterm: A | Final: A, PY2010 Introduction to Psychology : Midterm: A | Final: B+,EL 1000 English Comp I: Exposition: Midterm: A | Final: A,MA 1020 College Algebra: Midterm: A- | Final: A,spring 2019, PY2530 Psychology of Prejudice : Midterm: A | Final: A, PY2720 Psychology of Gender: Midterm: A | Final: A, VA2020 Basic Design : Midterm: A | Final: A, EL 2239 Horror Literature : Midterm: B | Final: A,fall 2019,HI 3640  African History : Midterm: A | Final: A,HI 3835 Islamic Cultures : Midterm: A | Final: A,EL 3010  Structure & Grammar of English : Miderm: A | Final: A, HI 3091 African Cultures: Midterm: B | Final: B-,spring 2020, PY3110 Research Methods I: (Orientation): Midterm: B | Final: A, PY2340 Community Psychology : Midterm: A | Final: B, PY3420 Learning & Motivation : Midterm: A | Final: A, VA3100 Visual Culture: Midterm: B | Final: C+,fall 2020, PY3120 Research Methods II: (Statistics) : Midterm: B | Final: A, PY3610 Brain & Behavior: A | Final: A,VA3200 Art Tutorials I: Midterm: A | Final: A,VA3400 Digital Imaging : Midterm: A | Final: B,,,,,,,,,,,606b5915962b7170e065a455,Full Time,700984746,Deerdre Burchess,SRdAVzg,7/1/1997,8808 Birchwood Alley,,,,,,,0
hfurmanlo@cloudflare.com,Computer & Information Science,,,,,,,,,,,,,,,,,,,,,,,,,,,,,,,,,,,,,,,,,,,,,Undergraduate - Sophomore,fall 2019,VA2010 Intro. to Creative Thinking: Midterm: A | Final: A,CS 2510 Computer Programming I : Midterm: A | Final: B+,,,spring 2020, CS 2511 Computer Programming II: Midterm: A | Final: A, MA2310 Calculus and Analytic Geometry I: Midterm: A | Final: A,,,fall 2020,HI 3640  African History : Midterm: A | Final: A,HI 3835 Islamic Cultures : Midterm: A | Final: A,,,,,,,,,,,,,,,,,,,,,,,606b5915962b7170e065a456,Part Time,700279322,Hayyim Furman,7AJxHSqf,5/21/1996,4 Thierer Way,,,,,,,0
kbeardmorelr@wordpress.com,History,,,,,,,,,,,,,,,,,,,,,,,,,,,,,,,,,,,,,,,,,,,,,Undergraduate - Freshman,,,,,,,,,,,,,,,,,,,,,,,,,,,,,,,,,,,,606b5915962b7170e065a457,Part Time,700562477,Krisha Beardmore,ntWuWoKVA,9/14/1997,916 School Junction,,,,,,,0
dsnoxalllp@tinypic.com,Adolescence Education: Biology (7-12),,,,,,,,,,,,,,,,,,,,,,,,,,,,,,,,,,,,,,,,,,,,,Undergraduate - Sophomore,fall 2019,VA2010 Intro. to Creative Thinking : Midterm: A | Final: A, BS2490 Environmental Science : Midterm: A | Final: B+,EL 1000 English Comp I : Exposition : Midterm: A | Final: A,MA 1020 College Algebra : Midterm: A- | Final: A,spring 2020, BS3450 Plant Biology : Midterm: A | Final: A, BS3520 Comparative Anatomy : Midterm: A | Final: A, VA2020 Basic Design : Midterm : A | Final: A, EL 2239 Horror Literature : Midterm : B | Final: A,fall 2020,HI 3640  African History : Midterm: A | Final: A,HI 3835 Islamic Cultures : Midterm: A | Final: A,EL 3010  Structure & Grammar of English : Miderm: A | Final: A, HI 3091 African Cultures : Midterm: B | Final: B-,,,,,,,,,,,,,,,,,,,,,606b5915962b7170e065a458,Full Time,700055812,Dniren Snoxall,qAJUFcut6Sh8,4/9/1998,45481 American Park,,,,,,,0
frullerls@shop-pro.jp,Management Information Systems,,,,,,,,,,,,,,,,,,,,,,,,,,,,,,,,,,,,,,,,,,,,,Undergraduate - Freshman,,,,,,,,,,,,,,,,,,,,,,,,,,,,,,,,,,,,606b5915962b7170e065a459,Full Time,700194057,Fleurette Ruller,aVJsGTo,1/18/1996,01 Hanover Drive,,,,,,,0
yjanataln@trellian.com,Industrial and Labor Relations,,,,,,,,,,,,,,,,,,,,,,,,,,,,,,,,,,,,,,,,,,,,,Graduate,fall 2017,VA2010 Intro. to Creative Thinking : Midterm: A | Final: A, PE 2650 Intro to U.S. Politics : Midterm: A | Final: B+,EL 1000 English Comp I : Exposition : Midterm: A | Final: A,MA 1020 College Algebra : Midterm: A- | Final: A,spring 2018, MA2300 Calculus for Business & Economics : Midterm: A | Final: A, IR 2210 Unions & Management: An Intro : Midterm: A | Final: A, VA2020 Basic Design : Midterm : A | Final: A, EL 2239 Horror Literature : Midterm : B | Final: A,fall 2018,HI 3640  African History : Midterm: A | Final: A,HI 3835 Islamic Cultures : Midterm: A | Final: A,EL 3010  Structure & Grammar of English : Miderm: A | Final: A, HI 3091 African Cultures : Midterm: B | Final: B-,spring 2019, PE 2300 Introduction to Law : Midterm: B | Final: A, IR 3140 Unions & Public Policy : Midterm: A | Final: B, IR 3300 CollectiveBarg & GrievanceProc : Midterm: A | Final: A, VA3100 Visual Culture : Midterm: B | Final: C+,fall 2019, IR 3330 Women : Midterm: B | Final: A, IR 3415 Labor Economics : Midterm: A | Final: A,VA3200 Art Tutorials I : Midterm: A | Final: A,VA3400 Digital Imaging : Midterm: A | Final: B,spring 2020,VA4200 Art Tutorials II : Midterm: A | Final: A, IR 3860 Development of the Modern Corp : Midterm: A | Final: A-, IR 3120  History:AmericanLaborRelations : Midterm: B | Final: A, IR 3260  Comparative Labor Relations : Midterm: A | Final: A,fall 2020, IR 3500 Arbitration & Mediation : Midterm: C | Final: B+, IR 4320 Labor & Employment Law : Midterm: A | Final: A, HS 4770  Occupational Health : Midterm: A | Final: A, IR 4200  Strategic Research/Organizers : Midterm: A | Final: A,606b5915962b7170e065a45a,Full Time,700392896,Yvette Janata,VDToG41KUD,2/19/1996,441 Pennsylvania Court,spring 2021, IR 4600 Topics in Labor Studies : Midterm: A | Final: A, PE 4430  Health Economics : Midterm: A | Final: A, BU 5125  Business Ethics : Midterm: A | Final: B, BU 5171  Human Resource Management : Midterm: B | Final: B+,,0
gghiriardellilq@bluehost.com,Industrial and Labor Relations,,,,,,,,,,,,,,,,,,,,,,,,,,,,,,,,,,,,,,,,,,,,,Graduate,fall 2017,VA2010 Intro. to Creative Thinking : Midterm: A | Final: A, PE 2650 Intro to U.S. Politics : Midterm: A | Final: B+,EL 1000 English Comp I : Exposition : Midterm: A | Final: A,MA 1020 College Algebra : Midterm: A- | Final: A,spring 2018, MA2300 Calculus for Business & Economics : Midterm: A | Final: A, IR 2210 Unions & Management: An Intro : Midterm: A | Final: A, VA2020 Basic Design : Midterm : A | Final: A, EL 2239 Horror Literature : Midterm : B | Final: A,fall 2018,HI 3640  African History : Midterm: A | Final: A,HI 3835 Islamic Cultures : Midterm: A | Final: A,EL 3010  Structure & Grammar of English : Miderm: A | Final: A, HI 3091 African Cultures : Midterm: B | Final: B-,spring 2019, PE 2300 Introduction to Law : Midterm: B | Final: A, IR 3140 Unions & Public Policy : Midterm: A | Final: B, IR 3300 CollectiveBarg & GrievanceProc : Midterm: A | Final: A, VA3100 Visual Culture : Midterm: B | Final: C+,fall 2019, IR 3330 Women : Midterm: B | Final: A, IR 3415 Labor Economics : Midterm: A | Final: A,VA3200 Art Tutorials I : Midterm: A | Final: A,VA3400 Digital Imaging : Midterm: A | Final: B,spring 2020,VA4200 Art Tutorials II : Midterm: A | Final: A, IR 3860 Development of the Modern Corp : Midterm: A | Final: A-, IR 3120  History:AmericanLaborRelations : Midterm: B | Final: A, IR 3260  Comparative Labor Relations : Midterm: A | Final: A,fall 2020, IR 3500 Arbitration & Mediation : Midterm: C | Final: B+, IR 4320 Labor & Employment Law : Midterm: A | Final: A, HS 4770  Occupational Health : Midterm: A | Final: A, IR 4200  Strategic Research/Organizers : Midterm: A | Final: A,606b5915962b7170e065a45b,Full Time,700895061,Garret Ghiriardelli,AxG5tcwV,5/31/1995,203 Brickson Park Court,spring 2021, IR 4600 Topics in Labor Studies : Midterm: A | Final: A, PE 4430  Health Economics : Midterm: A | Final: A, BU 5125  Business Ethics : Midterm: A | Final: B, BU 5171  Human Resource Management : Midterm: B | Final: B+,,0
slubecklv@businesswire.com,Visual Arts: Electronic Media,,,,,,,,,,,,,,,,,,,,,,,,,,,,,,,,,,,,,,,,,,,,,Undergraduate - Freshman,,,,,,,,,,,,,,,,,,,,,,,,,,,,,,,,,,,,606b5915962b7170e065a45c,Full Time,700914537,Shaun Lubeck,jtlUD0,2/27/1995,4189 Russell Way,,,,,,,0
wsnasellt@theglobeandmail.com,Spanish Language,,,,,,,,,,,,,,,,,,,,,,,,,,,,,,,,,,,,,,,,,,,,,Graduate,fall 2017,VA2010 Intro. to Creative Thinking : Midterm: A | Final: A, ML2100 Intermediate Spanish Conversation I : Midterm: A | Final: B+,EL 1000 English Comp I : Exposition : Midterm: A | Final: A,MA 1020 College Algebra : Midterm: A- | Final: A,spring 2018, ML2110 Intermediate Spanish Conversation II : Midterm: A | Final: A, ML3100 Advanced Spanish Conversation and Composition : Midterm: A | Final: A, VA2020 Basic Design : Midterm : A | Final: A, EL 2239 Horror Literature : Midterm : B | Final: A,fall 2018,HI 3640  African History : Midterm: A | Final: A,HI 3835 Islamic Cultures : Midterm : A | Final: A,EL 3010  Structure & Grammar of English : Miderm: A | Final: A, HI 3091 African Cultures : Midterm: B | Final: B-,spring 2019, ML3362 Advanced Spanish Grammar and Composition : Midterm: B | Final: A, ML3200 Translation Workshop : Midterm: A | Final: B, ML3250 Spanish Linguistics : Midterm: A | Final: A, VA3100 Visual Culture : Midterm: B | Final: C+,fall 2019, ML3260 Spanish Linguistics: Universals of Grammar : Midterm: B | Final: A, ML3500 Critical Writing and Textual Analysis : Midterm: A | Final: A,VA3200 Art Tutorials I : Midterm: A | Final: A,VA3400 Digital Imaging : Midterm: A | Final: B,spring 2020,VA4200 Art Tutorials II : Midterm: A | Final: A, ML3300 Artistic Expressions of Spain : Midterm: A | Final: A-, ML3310 Topics in Hispanic Cultural Studies : Midterm: B | Final: A, ML3410 Latino/a Writers in the US : Midterm: A | Final: A,fall 2020, ML3650 Latin American Cinema : Midterm: C | Final: B+, ML4100 The Spanish Golden Age : Midterm: A | Final: A, ML3880 Masterpieces of Hispanic Literature : Midterm: A | Final: A, ML4500 Culture and Literature of Spain from the Middle Ages to the 18th century : Midterm: A | Final: A,606b5915962b7170e065a45d,Full Time,700941955,Wynnie Snasel,rU7x0JhPEn2N,11/14/1995,971 Miller Pass,spring 2021, ML4510 Civilization and Culture of Spain : Midterm: A | Final: A, ML4325 Contemporary Theatre of the Hispanic World : Midterm: A | Final: A, ML4350 Recurrent Themes in Latin American Painting and Literature : Midterm: A | Final: B, ML4450 Hispanic Women Writers : Midterm: B | Final: B+,,0
jbolamlu@home.pl,Visual Arts: Electronic Media,,,,,,,,,,,,,,,,,,,,,,,,,,,,,,,,,,,,,,,,,,,,,Undergraduate - Junior,fall 2018,VA2010 Intro. to Creative Thinking : Midterm: A | Final: A, CS 2510 Computer Programming I : Midterm: A | Final: B+,,,spring 2019, CS 2511 Computer Programming II : Midterm: A | Final: A, VA2030 Drawing : Midterm: A | Final: A,,,fall 2019,HI 3640  African History : Midterm: A | Final: A,HI 3835 Islamic Cultures : Midterm: A | Final: A,,,spring 2020, VA2020 Basic Design : Midterm: B | Final: A, VA2500 Art History I: 19th Century Art : Midterm: A | Final: B,,,fall 2020, VA3100 Visual Culture : Midterm: B | Final: A, VA3380 Digital Video 4 : Midterm: A | Final: A,,,,,,,,,,,,,606b5915962b7170e065a45e,Part Time,700340555,Judith Bolam,HU07WtPdQ2u,11/22/1997,5787 Merrick Pass,,,,,,,0
ufriedmanlz@eepurl.com,Criminology,,,,,,,,,,,,,,,,,,,,,,,,,,,,,,,,,,,,,,,,,,,,,Undergraduate - Sophomore,fall 2019,VA2010 Intro. to Creative Thinking : Midterm: A | Final: A, SY 1500  Intro Sociology : Midterm: A | Final: B+,,,spring 2020, CR 1500 Intro to Criminology : Midterm: A | Final: A, CR 2090  Juvenile Delinquency : Midterm: A | Final: A,,,fall 2020,HI 3640  African History : Midterm: A | Final: A,HI 3835 Islamic Cultures : Midterm: A | Final: A,,,,,,,,,,,,,,,,,,,,,,,606b5915962b7170e065a45f,Part Time,700364380,Una Friedman,8TyQezOEs0P,1/28/1996,46 Fallview Junction,,,,,,,0
slortzlx@diigo.com,Computer & Information Science,,,,,,,,,,,,,,,,,,,,,,,,,,,,,,,,,,,,,,,,,,,,,Graduate,fall 2017,VA2010 Intro. to Creative Thinking: Midterm: A | Final: A,CS 2510 Computer Programming I : Midterm: A | Final: B+,EL 1000 English Comp I: Exposition: Midterm: A | Final: A,MA 1020 College Algebra: Midterm: A- | Final: A,spring 2018, CS 2511 Computer Programming II: Midterm: A | Final: A, MA2310 Calculus and Analytic Geometry I: Midterm: A | Final: A, VA2020 Basic Design : Midterm: A | Final: A, EL 2239 Horror Literature : Midterm: B | Final: A,fall 2018,HI 3640  African History : Midterm: A | Final: A,HI 3835 Islamic Cultures : Midterm: A | Final: A,EL 3010  Structure & Grammar of English : Miderm: A | Final: A, HI 3091 African Cultures: Midterm: B | Final: B-,spring 2019, CS 3620 Computer Architecture I: Midterm: B | Final: A, CS 3810  Data Structures & Algorithms : Midterm: A | Final: B, CS 3911 C++in Object Oriented Design : Midterm: A | Final: A, VA3100 Visual Culture: Midterm: B | Final: C+,fall 2019, MA 3210  Intro to Prob & Statistics : Midterm: B | Final: A, CS 4501 Software Engineering : Midterm: A | Final: A,VA3200 Art Tutorials I: Midterm: A | Final: A,VA3400 Digital Imaging : Midterm: A | Final: B,spring 2020,VA4200 Art Tutorials II: Midterm: A | Final: A, CS 4550 Database Management Systems : Midterm: A | Final: A-, CS 4720 Internet & Web Tech : Midterm: B | Final: A, CS 5710 Computer Networks : Midterm: A | Final: A,fall 2020, CS 4400  Artificial Intelligence : Midterm: C | Final: B+, CS 4705 Intro to Computer Security : Midterm: A | Final: A,HI 4650   History of African Enslavement : Midterm: A | Final: A,BS4400 Cell Biology: A | Final: A,606b5915962b7170e065a460,Full Time,700790775,Sanderson Lortz,Z3GXXz,4/16/1998,5 Golf View Terrace,spring 2021, CS 5910 Systems Design & Implement : Midterm: A | Final: A, CS 5610  Operating Systems : Midterm: A | Final: A, CS 4100 Technical Communications : Midterm: A | Final: B, CS 5730  Computer Network Security : Midterm: B | Final: B+,,0
abudikly@51.la,Sociology,,,,,,,,,,,,,,,,,,,,,,,,,,,,,,,,,,,,,,,,,,,,,Graduate,fall 2017,VA2010 Intro. to Creative Thinking: Midterm: A | Final: A, SY2400 Sociology Through the Arts : Midterm: A | Final: B+,EL 1000 English Comp I: Exposition: Midterm: A | Final: A,MA 1020 College Algebra: Midterm: A- | Final: A,spring 2018, SY2550 Social Problems: Midterm: A | Final: A, SY2600 Social Deviance: Midterm: A | Final: A, VA2020 Basic Design : Midterm: A | Final: A, EL 2239 Horror Literature : Midterm: B | Final: A,fall 2018,HI 3640  African History : Midterm: A | Final: A,HI 3835 Islamic Cultures : Midterm: A | Final: A,EL 3010  Structure & Grammar of English : Miderm: A | Final: A, HI 3091 African Cultures: Midterm: B | Final: B-,spring 2019, SY2800 Race: Midterm: B | Final: A, SY3160 Sociology of Culture : Midterm: A | Final: B, SY3280 Social Inequality : Midterm: A | Final: A, VA3100 Visual Culture: Midterm: B | Final: C+,fall 2019, SY3630 Political Sociology : Midterm: B | Final: A, SY3700 Family and Society : Midterm: A | Final: A,VA3200 Art Tutorials I: Midterm: A | Final: A,VA3400 Digital Imaging : Midterm: A | Final: B,spring 2020,VA4200 Art Tutorials II: Midterm: A | Final: A, SY3750 Medical Sociology : Midterm: A | Final: A-, SY3800 Race and Ethnicity : Midterm: B | Final: A, SY3900 Social Movements : Midterm: A | Final: A,fall 2020, SY3910 Sociology of Work : Midterm: C | Final: B+, SY4260 Social Work: Theory and Practice : Midterm: A | Final: A, SY4270 Internship in Social Work : Midterm: A | Final: A, SY4400 Social Psychology: A | Final: A,606b5915962b7170e065a461,Full Time,700004739,Arron Budik,m2Y5Cs,1/24/1998,3 Hoepker Terrace,spring 2021, Sociology and Criminology : Midterm: A | Final: A, SY4500 Global Sociology : Midterm: A | Final: A, SY4600 Social Programs : Midterm: A | Final: B, SY4810 Law and Justice : Midterm: B | Final: B+,,0
ddybaldlw@webnode.com,Philosophy and Religion,,,,,,,,,,,,,,,,,,,,,,,,,,,,,,,,,,,,,,,,,,,,,Undergraduate - Junior,fall 2018,VA2010 Intro. to Creative Thinking : Midterm: A | Final: A, HI1010 World Religions: West : Midterm: A | Final: B+,,,spring 2019, HI1020 World Religions: East : Midterm: A | Final: A, HI2155 Introduction to Comparative Religion : Midterm: A | Final: A,,,fall 2019,HI 3640  African History : Midterm: A | Final: A,HI 3835 Islamic Cultures : Midterm : A | Final: A,,,spring 2020, HI2700 Introduction to Logic : Midterm: B | Final: A, HI2720 Introduction to Philosophy : Midterm: A | Final: B,,,fall 2020, HI3080 Asian Cultures : Midterm: B | Final: A, HI3840 Crescent and Cross : Midterm: A | Final: A,,,,,,,,,,,,,606b5915962b7170e065a462,Part Time,700160545,Derward Dybald,gL71uUWFPw,9/24/1997,52795 Artisan Parkway,,,,,,,0
wcasinom2@fastcompany.com,Biochemistry,,,,,,,,,,,,,,,,,,,,,,,,,,,,,,,,,,,,,,,,,,,,,Undergraduate - Sophomore,fall 2019,VA2010 Intro. to Creative Thinking : Midterm: A | Final: A, BS 2400 Basic Bio Sciences I : Midterm: A | Final: B+,EL 1000 English Comp I : Exposition : Midterm: A | Final: A,MA 1020 College Algebra : Midterm: A- | Final: A,spring 2020, CP 2120 Principles of Chemistry I : Midterm: A | Final: A, CP 2121 Principles of Chemistry Lab I : Midterm: A | Final: A, VA2020 Basic Design : Midterm : A | Final: A, EL 2239 Horror Literature : Midterm : B | Final: A,fall 2020,HI 3640  African History : Midterm: A | Final: A,HI 3835 Islamic Cultures : Midterm : A | Final: A,EL 3010  Structure & Grammar of English : Miderm: A | Final: A, HI 3091 African Cultures : Midterm: B | Final: B-,,,,,,,,,,,,,,,,,,,,,606b5915962b7170e065a463,Full Time,700842151,Wash Casino,it4zSP5B3s,6/7/1998,34060 Kipling Way,,,,,,,0
vmallanm0@edublogs.org,Special Education and Childhood Education (1-6),,,,,,,,,,,,,,,,,,,,,,,,,,,,,,,,,,,,,,,,,,,,,Graduate,fall 2017,VA2010 Intro. to Creative Thinking : Midterm: A | Final: A, SY2400 Sociology Through the Arts : Midterm: A | Final: B+,EL 1000 English Comp I : Exposition : Midterm: A | Final: A,MA 1020 College Algebra : Midterm: A- | Final: A,spring 2018, SY2550 Social Problems : Midterm: A | Final: A, SY2600 Social Deviance : Midterm: A | Final: A, VA2020 Basic Design : Midterm : A | Final: A, EL 2239 Horror Literature : Midterm : B | Final: A,fall 2018,HI 3640  African History : Midterm: A | Final: A,HI 3835 Islamic Cultures : Midterm: A | Final: A,EL 3010  Structure & Grammar of English : Miderm: A | Final: A, HI 3091 African Cultures : Midterm: B | Final: B-,spring 2019, PY3110 Research Methods I: (Orientation) : Midterm: B | Final: A, PY2010 Introduction to Psychology : Midterm: A | Final: B, PY3215 Foundations of Child Development : Midterm: A | Final: A, VA3100 Visual Culture : Midterm: B | Final: C+,fall 2019, PY3120 Research Methods II: (Statistics) : Midterm: B | Final: A, PY3410 Cognitive Psychology : Midterm: A | Final: A,VA3200 Art Tutorials I : Midterm: A | Final: A,VA3400 Digital Imaging : Midterm: A | Final: B,spring 2020,VA4200 Art Tutorials II : Midterm: A | Final: A, PY3610 Brain & Behavior : Midterm: A | Final: A-, ED3700 Child Development : Midterm: B | Final: A, PY3420 Learning & Motivation : Midterm: A | Final: A,fall 2020, ED4122 Methods and Materials for Teaching Elementary Math Methods : Midterm: C | Final: B+, ED4121 Methods and Materials for Teaching Elementary Science Majors : Midterm: A | Final: A, ED4300 Assessment and Evidence-based Decision Making in Special Education : Midterm: A | Final: A, ED4810 Positive Behavior Supports and Interventions for Students with Disabilities : Midterm: A | Final: A,606b5915962b7170e065a464,Full Time,700535022,Vally Mallan,CPmzfTChYx,11/15/1998,95 Dahle Point,spring 2021, ED4890 Effective Practices for Students with Low Incidence Disabilities : Midterm: A | Final: A, ED5930 Internship: Meeting the Needs of Diverse Learners : Midterm: A | Final: A, ED5960 Student Teaching and Seminar : Midterm: A | Final: B, ED4850 Instructional Design & Delivery for Students with Disabilities : Midterm: B | Final: B+,,0
rbreartym1@goodreads.com,Computer & Information Science,,,,,,,,,,,,,,,,,,,,,,,,,,,,,,,,,,,,,,,,,,,,,Undergraduate - Senior,fall 2017,VA2010 Intro. to Creative Thinking: Midterm: A | Final: A,CS 2510 Computer Programming I : Midterm: A | Final: B+,EL 1000 English Comp I: Exposition: Midterm: A | Final: A,MA 1020 College Algebra: Midterm: A- | Final: A,spring 2018, CS 2511 Computer Programming II: Midterm: A | Final: A, MA2310 Calculus and Analytic Geometry I: Midterm: A | Final: A, VA2020 Basic Design : Midterm: A | Final: A, EL 2239 Horror Literature : Midterm: B | Final: A,fall 2018,HI 3640  African History : Midterm: A | Final: A,HI 3835 Islamic Cultures : Midterm: A | Final: A,EL 3010  Structure & Grammar of English : Miderm: A | Final: A, HI 3091 African Cultures: Midterm: B | Final: B-,spring 2019, CS 3620 Computer Architecture I: Midterm: B | Final: A, CS 3810  Data Structures & Algorithms : Midterm: A | Final: B, CS 3911 C++in Object Oriented Design : Midterm: A | Final: A, VA3100 Visual Culture: Midterm: B | Final: C+,fall 2019, MA 3210  Intro to Prob & Statistics : Midterm: B | Final: A, CS 4501 Software Engineering : Midterm: A | Final: A,VA3200 Art Tutorials I: Midterm: A | Final: A,VA3400 Digital Imaging : Midterm: A | Final: B,spring 2020,VA4200 Art Tutorials II: Midterm: A | Final: A, CS 4550 Database Management Systems : Midterm: A | Final: A-, CS 4720 Internet & Web Tech : Midterm: B | Final: A, CS 5710 Computer Networks : Midterm: A | Final: A,fall 2020, CS 4400  Artificial Intelligence : Midterm: C | Final: B+, CS 4705 Intro to Computer Security : Midterm: A | Final: A,HI 4650   History of African Enslavement : Midterm: A | Final: A,BS4400 Cell Biology: A | Final: A,606b5915962b7170e065a465,Full Time,700736653,Roosevelt Brearty,7ZyLLxSh,5/5/1995,54 Sloan Parkway,,,,,,,0
btrewettm3@blogtalkradio.com,Spanish Language,,,,,,,,,,,,,,,,,,,,,,,,,,,,,,,,,,,,,,,,,,,,,Undergraduate - Senior,fall 2017,VA2010 Intro. to Creative Thinking : Midterm: A | Final: A, ML2100 Intermediate Spanish Conversation I : Midterm: A | Final: B+,,,spring 2018, ML2110 Intermediate Spanish Conversation II : Midterm: A | Final: A, ML3100 Advanced Spanish Conversation and Composition : Midterm: A | Final: A,,,fall 2018,HI 3640  African History : Midterm: A | Final: A,HI 3835 Islamic Cultures : Midterm : A | Final: A,,,spring 2019, ML3362 Advanced Spanish Grammar and Composition : Midterm: B | Final: A, ML3200 Translation Workshop : Midterm: A | Final: B,,,fall 2019, ML3260 Spanish Linguistics: Universals of Grammar : Midterm: B | Final: A, ML3500 Critical Writing and Textual Analysis : Midterm: A | Final: A,,,spring 2020,VA4200 Art Tutorials II : Midterm: A | Final: A, ML3300 Artistic Expressions of Spain : Midterm: A | Final: A-,,,fall 2020, ML3650 Latin American Cinema : Midterm: C | Final: B+, ML4100 The Spanish Golden Age : Midterm: A | Final: A,,,606b5915962b7170e065a466,Part Time,700747473,Beckie Trewett,mK6mZbVwhCc,4/16/1996,93 Hudson Alley,,,,,,,0
kjoynesm5@virginia.edu,English,,,,,,,,,,,,,,,,,,,,,,,,,,,,,,,,,,,,,,,,,,,,,Undergraduate - Junior,fall 2018,VA2010 Intro. to Creative Thinking : Midterm: A | Final: A, HI1010 World Religions: West : Midterm: A | Final: B+,,,spring 2019, EL 2239 Horror Literature : Midterm: A | Final: A, 2410  Basic Bio Sciences II : Midterm: A | Final: A,,,fall 2019,HI 3640  African History : Midterm: A | Final: A,HI 3835 Islamic Cultures : Midterm: A | Final: A,,,spring 2020, EL 3510  Lit Across Cultures II:Theory : Midterm: B | Final: A, EL 3600 US Literature I : Midterm: A | Final: B,,,fall 2020, EL 3610  US Literature II : Midterm: B | Final: A, EL 3810  Eng Lit II:Romantics - Present : Midterm: A | Final: A,,,,,,,,,,,,,606b5915962b7170e065a467,Part Time,700303203,Kirsteni Joynes,idQBnD,11/30/1995,294 Burrows Junction,,,,,,,0
gcasalettom4@amazonaws.com,Biological Sciences,,,,,,,,,,,,,,,,,,,,,,,,,,,,,,,,,,,,,,,,,,,,,Graduate,fall 2017,VA2010 Intro. to Creative Thinking : Midterm: A | Final: A, BS2490 Environmental Science : Midterm: A | Final: B+,EL 1000 English Comp I : Exposition : Midterm: A | Final: A,MA 1020 College Algebra : Midterm: A- | Final: A,spring 2018, BS3400 Vertebrate Physiology : Midterm: A | Final: A, BS3450 Plant Biology : Midterm: A | Final: A, VA2020 Basic Design : Midterm : A | Final: A, EL 2239 Horror Literature : Midterm : B | Final: A,fall 2018,HI 3640  African History : Midterm: A | Final: A,HI 3835 Islamic Cultures : Midterm: A | Final: A,EL 3010  Structure & Grammar of English : Miderm: A | Final: A, HI 3091 African Cultures : Midterm: B | Final: B-,spring 2019, BS3510 Parasitology : Midterm: B | Final: A, BS3531 Comparative Genomics Lab : Midterm: A | Final: B, BS3530 Comparative Genomics : Midterm: A | Final: A, VA3100 Visual Culture : Midterm: B | Final: C+,fall 2019, BS3520 Comparative Anatomy : Midterm: B | Final: A, BS3710 Environmental Physiology : Midterm: A | Final: A,VA3200 Art Tutorials I : Midterm: A | Final: A,VA3400 Digital Imaging : Midterm: A | Final: B,spring 2020,VA4200 Art Tutorials II : Midterm: A | Final: A, BS3810  Biological Aspects of Aging : Midterm: A | Final: A-, BS4400 Cell Biology : Midterm: B | Final: A, BS4460 Genetics : Midterm: A | Final: A,fall 2020, BS4440 Evolution : Midterm: C | Final: B+, BS4410  Histology : Midterm: A | Final: A, BS4420  Microbiology : Midterm: A | Final: A, BS4430  Developmental Biology : Midterm: A | Final: A,606b5915962b7170e065a468,Full Time,700800562,Gray Casaletto,WwCbeOqyh,11/4/1998,67065 Brentwood Alley,spring 2021, BS4461  Immunology : Midterm: A | Final: A, BS4470  Ecology : Midterm: A | Final: A, MA5230 Mathematical Statistics : Midterm: A | Final: B, MA5380 Complex Analysis : Midterm: B | Final: B+,,0
lwroathm7@miibeian.gov.cn,Biochemistry,,,,,,,,,,,,,,,,,,,,,,,,,,,,,,,,,,,,,,,,,,,,,Undergraduate - Sophomore,fall 2019,VA2010 Intro. to Creative Thinking : Midterm: A | Final: A, BS 2400 Basic Bio Sciences I : Midterm: A | Final: B+,EL 1000 English Comp I : Exposition : Midterm: A | Final: A,MA 1020 College Algebra : Midterm: A- | Final: A,spring 2020, CP 2120 Principles of Chemistry I : Midterm: A | Final: A, CP 2121 Principles of Chemistry Lab I : Midterm: A | Final: A, VA2020 Basic Design : Midterm : A | Final: A, EL 2239 Horror Literature : Midterm : B | Final: A,fall 2020,HI 3640  African History : Midterm: A | Final: A,HI 3835 Islamic Cultures : Midterm : A | Final: A,EL 3010  Structure & Grammar of English : Miderm: A | Final: A, HI 3091 African Cultures : Midterm: B | Final: B-,,,,,,,,,,,,,,,,,,,,,606b5915962b7170e065a469,Full Time,700648129,Lorena Wroath,Heu4ozeN8,3/28/1996,2 Hudson Plaza,,,,,,,0
sdomesdayma@homestead.com,Computer & Information Science,,,,,,,,,,,,,,,,,,,,,,,,,,,,,,,,,,,,,,,,,,,,,Undergraduate - Freshman,,,,,,,,,,,,,,,,,,,,,,,,,,,,,,,,,,,,606b5915962b7170e065a46a,Part Time,700886170,Susette Domesday,PKZB30,5/29/1996,1687 Hayes Crossing,,,,,,,0
agoulterm6@abc.net.au,Mathematics,,,,,,,,,,,,,,,,,,,,,,,,,,,,,,,,,,,,,,,,,,,,,Undergraduate - Sophomore,fall 2019,VA2010 Intro. to Creative Thinking : Midterm: A | Final: A, MA2310 Calculus and Analytic Geometry I : Midterm: A | Final: B+,,,spring 2020, MA2320 Calculus and Analytic Geometry II : Midterm: A | Final: A, CS2511 Computer Programming II : Midterm: A | Final: A,,,fall 2020,HI 3640  African History : Midterm: A | Final: A,HI 3835 Islamic Cultures : Midterm: A | Final: A,,,,,,,,,,,,,,,,,,,,,,,606b5915962b7170e065a46b,Part Time,700260560,Angelita Goulter,ax6gPC,1/3/1997,8 Northridge Way,,,,,,,0
kosmanm8@illinois.edu,Chemistry,,,,,,,,,,,,,,,,,,,,,,,,,,,,,,,,,,,,,,,,,,,,,Undergraduate - Junior,fall 2018,VA2010 Intro. to Creative Thinking : Midterm: A | Final: A, CP 2120 Principles of Chemistry I : Midterm: A | Final: B+,EL 1000 English Comp I : Exposition : Midterm: A | Final: A, CP 2121 Principles of Chemistry Lab I : Midterm: A- | Final: A,spring 2019, MA2310 Calculus and Analytic Geometry I : Midterm: A | Final: A, CP 2130  Principles of Chemistry II : Midterm: A | Final: A, VA2020 Basic Design : Midterm : A | Final: A, CP 2131 Principles Chemistry Lab II : Midterm : B | Final: A,fall 2019,HI 3640  African History : Midterm: A | Final: A,HI 3835 Islamic Cultures : Midterm: A | Final: A,EL 3010  Structure & Grammar of English : Miderm: A | Final: A, HI 3091 African Cultures : Midterm: B | Final: B-,spring 2020, EL 2239 Horror Literature : Midterm: B | Final: A, CP 2240  General Physics I : Midterm: A | Final: B, CP 3230  Math Methods: Physical Science : Midterm: A | Final: A, VA3100 Visual Culture : Midterm: B | Final: C+,fall 2020, CP 2251 General Physics II Lab : Midterm: B | Final: A, CP 2250 General Physics II : Midterm: A | Final: A,VA3200 Art Tutorials I : Midterm: A | Final: A,VA3400 Digital Imaging : Midterm: A | Final: B,,,,,,,,,,,606b5915962b7170e065a46c,Full Time,700153770,Kliment Osman,c8QPWO4XJGb,5/13/1995,72603 Mendota Parkway,,,,,,,0
kcaukillmc@lulu.com,Adolescence Education: Social Studies (7-12),,,,,,,,,,,,,,,,,,,,,,,,,,,,,,,,,,,,,,,,,,,,,Undergraduate - Freshman,,,,,,,,,,,,,,,,,,,,,,,,,,,,,,,,,,,,606b5915962b7170e065a46d,Full Time,700534282,Kiley Caukill,1GjRK7Bf,11/16/1997,204 Huxley Road,,,,,,,0
sconnopm9@china.com.cn,Visual Arts: Electronic Media,,,,,,,,,,,,,,,,,,,,,,,,,,,,,,,,,,,,,,,,,,,,,Undergraduate - Senior,fall 2017,VA2010 Intro. to Creative Thinking : Midterm: A | Final: A, CS 2510 Computer Programming I : Midterm: A | Final: B+,,,spring 2018, CS 2511 Computer Programming II : Midterm: A | Final: A, VA2030 Drawing : Midterm: A | Final: A,,,fall 2018,HI 3640  African History : Midterm: A | Final: A,HI 3835 Islamic Cultures : Midterm: A | Final: A,,,spring 2019, VA2020 Basic Design : Midterm: B | Final: A, VA2500 Art History I: 19th Century Art : Midterm: A | Final: B,,,fall 2019, VA3100 Visual Culture : Midterm: B | Final: A, VA3380 Digital Video 4 : Midterm: A | Final: A,,,spring 2020,VA4200 Art Tutorials II : Midterm: A | Final: A, VA4260 Interactive Web Design : Midterm: A | Final: A-,,,fall 2020, VA4265 3D Digital Design : Midterm: C | Final: B+, VA4900 Internship : Midterm: A | Final: A,,,606b5915962b7170e065a46e,Part Time,700539217,Sandro Connop,sb3ku3t,2/19/1995,9832 Swallow Road,,,,,,,0
zescottmd@youtu.be,Special Education and Childhood Education (1-6),,,,,,,,,,,,,,,,,,,,,,,,,,,,,,,,,,,,,,,,,,,,,Undergraduate - Junior,fall 2018,VA2010 Intro. to Creative Thinking : Midterm: A | Final: A, SY2400 Sociology Through the Arts : Midterm: A | Final: B+,,,spring 2019, SY2550 Social Problems : Midterm: A | Final: A, SY2600 Social Deviance : Midterm: A | Final: A,,,fall 2019,HI 3640  African History : Midterm: A | Final: A,HI 3835 Islamic Cultures : Midterm: A | Final: A,,,spring 2020, PY3110 Research Methods I: (Orientation) : Midterm: B | Final: A, PY2010 Introduction to Psychology : Midterm: A | Final: B,,,fall 2020, PY3120 Research Methods II: (Statistics) : Midterm: B | Final: A, PY3410 Cognitive Psychology : Midterm: A | Final: A,,,,,,,,,,,,,606b5915962b7170e065a46f,Part Time,700127965,Zelma Escott,ILQxD0YNzsZf,10/27/1995,7070 Scott Way,,,,,,,0
lmccluskeymb@networkadvertising.org,Spanish Language,,,,,,,,,,,,,,,,,,,,,,,,,,,,,,,,,,,,,,,,,,,,,Graduate,fall 2017,VA2010 Intro. to Creative Thinking : Midterm: A | Final: A, ML2100 Intermediate Spanish Conversation I : Midterm: A | Final: B+,EL 1000 English Comp I : Exposition : Midterm: A | Final: A,MA 1020 College Algebra : Midterm: A- | Final: A,spring 2018, ML2110 Intermediate Spanish Conversation II : Midterm: A | Final: A, ML3100 Advanced Spanish Conversation and Composition : Midterm: A | Final: A, VA2020 Basic Design : Midterm : A | Final: A, EL 2239 Horror Literature : Midterm : B | Final: A,fall 2018,HI 3640  African History : Midterm: A | Final: A,HI 3835 Islamic Cultures : Midterm : A | Final: A,EL 3010  Structure & Grammar of English : Miderm: A | Final: A, HI 3091 African Cultures : Midterm: B | Final: B-,spring 2019, ML3362 Advanced Spanish Grammar and Composition : Midterm: B | Final: A, ML3200 Translation Workshop : Midterm: A | Final: B, ML3250 Spanish Linguistics : Midterm: A | Final: A, VA3100 Visual Culture : Midterm: B | Final: C+,fall 2019, ML3260 Spanish Linguistics: Universals of Grammar : Midterm: B | Final: A, ML3500 Critical Writing and Textual Analysis : Midterm: A | Final: A,VA3200 Art Tutorials I : Midterm: A | Final: A,VA3400 Digital Imaging : Midterm: A | Final: B,spring 2020,VA4200 Art Tutorials II : Midterm: A | Final: A, ML3300 Artistic Expressions of Spain : Midterm: A | Final: A-, ML3310 Topics in Hispanic Cultural Studies : Midterm: B | Final: A, ML3410 Latino/a Writers in the US : Midterm: A | Final: A,fall 2020, ML3650 Latin American Cinema : Midterm: C | Final: B+, ML4100 The Spanish Golden Age : Midterm: A | Final: A, ML3880 Masterpieces of Hispanic Literature : Midterm: A | Final: A, ML4500 Culture and Literature of Spain from the Middle Ages to the 18th century : Midterm: A | Final: A,606b5915962b7170e065a470,Full Time,700457323,Leigh McCluskey,R4i1CS5,9/6/1996,544 Kipling Hill,spring 2021, ML4510 Civilization and Culture of Spain : Midterm: A | Final: A, ML4325 Contemporary Theatre of the Hispanic World : Midterm: A | Final: A, ML4350 Recurrent Themes in Latin American Painting and Literature : Midterm: A | Final: B, ML4450 Hispanic Women Writers : Midterm: B | Final: B+,,0
mduckwithme@hostgator.com,Special Education and Childhood Education (1-6),,,,,,,,,,,,,,,,,,,,,,,,,,,,,,,,,,,,,,,,,,,,,Undergraduate - Sophomore,fall 2019,VA2010 Intro. to Creative Thinking : Midterm: A | Final: A, SY2400 Sociology Through the Arts : Midterm: A | Final: B+,EL 1000 English Comp I : Exposition : Midterm: A | Final: A,MA 1020 College Algebra : Midterm: A- | Final: A,spring 2020, SY2550 Social Problems : Midterm: A | Final: A, SY2600 Social Deviance : Midterm: A | Final: A, VA2020 Basic Design : Midterm : A | Final: A, EL 2239 Horror Literature : Midterm : B | Final: A,fall 2020,HI 3640  African History : Midterm: A | Final: A,HI 3835 Islamic Cultures : Midterm: A | Final: A,EL 3010  Structure & Grammar of English : Miderm: A | Final: A, HI 3091 African Cultures : Midterm: B | Final: B-,,,,,,,,,,,,,,,,,,,,,606b5915962b7170e065a471,Full Time,700562980,Marlie Duckwith,AOdScAMg,9/14/1996,4987 Kipling Road,,,,,,,0
atutinmf@dyndns.org,Philosophy and Religion,,,,,,,,,,,,,,,,,,,,,,,,,,,,,,,,,,,,,,,,,,,,,Undergraduate - Junior,fall 2018,VA2010 Intro. to Creative Thinking : Midterm: A | Final: A, HI1010 World Religions: West : Midterm: A | Final: B+,,,spring 2019, HI1020 World Religions: East : Midterm: A | Final: A, HI2155 Introduction to Comparative Religion : Midterm: A | Final: A,,,fall 2019,HI 3640  African History : Midterm: A | Final: A,HI 3835 Islamic Cultures : Midterm : A | Final: A,,,spring 2020, HI2700 Introduction to Logic : Midterm: B | Final: A, HI2720 Introduction to Philosophy : Midterm: A | Final: B,,,fall 2020, HI3080 Asian Cultures : Midterm: B | Final: A, HI3840 Crescent and Cross : Midterm: A | Final: A,,,,,,,,,,,,,606b5915962b7170e065a472,Part Time,700328684,Antonietta Tutin,WG2KMzlP2mtn,9/16/1996,86 6th Circle,,,,,,,0
msomervillemg@biglobe.ne.jp,English,,,,,,,,,,,,,,,,,,,,,,,,,,,,,,,,,,,,,,,,,,,,,Undergraduate - Junior,fall 2018,VA2010 Intro. to Creative Thinking : Midterm: A | Final: A, HI1010 World Religions: West : Midterm: A | Final: B+,,,spring 2019, EL 2239 Horror Literature : Midterm: A | Final: A, 2410  Basic Bio Sciences II : Midterm: A | Final: A,,,fall 2019,HI 3640  African History : Midterm: A | Final: A,HI 3835 Islamic Cultures : Midterm: A | Final: A,,,spring 2020, EL 3510  Lit Across Cultures II:Theory : Midterm: B | Final: A, EL 3600 US Literature I : Midterm: A | Final: B,,,fall 2020, EL 3610  US Literature II : Midterm: B | Final: A, EL 3810  Eng Lit II:Romantics - Present : Midterm: A | Final: A,,,,,,,,,,,,,606b5915962b7170e065a473,Part Time,700020715,Marillin Somerville,xP9CBdF,6/5/1997,8 Elmside Circle,,,,,,,0
gdrummondmh@printfriendly.com,Computer & Information Science,,,,,,,,,,,,,,,,,,,,,,,,,,,,,,,,,,,,,,,,,,,,,Undergraduate - Sophomore,fall 2019,VA2010 Intro. to Creative Thinking: Midterm: A | Final: A,CS 2510 Computer Programming I : Midterm: A | Final: B+,EL 1000 English Comp I: Exposition: Midterm: A | Final: A,MA 1020 College Algebra: Midterm: A- | Final: A,spring 2020, CS 2511 Computer Programming II: Midterm: A | Final: A, MA2310 Calculus and Analytic Geometry I: Midterm: A | Final: A, VA2020 Basic Design : Midterm: A | Final: A, EL 2239 Horror Literature : Midterm: B | Final: A,fall 2020,HI 3640  African History : Midterm: A | Final: A,HI 3835 Islamic Cultures : Midterm: A | Final: A,EL 3010  Structure & Grammar of English : Miderm: A | Final: A, HI 3091 African Cultures: Midterm: B | Final: B-,,,,,,,,,,,,,,,,,,,,,606b5915962b7170e065a474,Full Time,700338141,Gayler Drummond,RiaRZpUGQN,12/23/1995,6 Laurel Terrace,,,,,,,0
dfontellesmi@google.es,Adolescence Education: Chemistry (7-12),,,,,,,,,,,,,,,,,,,,,,,,,,,,,,,,,,,,,,,,,,,,,Undergraduate - Sophomore,fall 2019,VA2010 Intro. to Creative Thinking : Midterm: A | Final: A, BS 2400 Basic Bio Sciences I : Midterm: A | Final: B+,,,spring 2020, CP 2120 Principles of Chemistry I : Midterm: A | Final: A, CP 2121 Principles of Chemistry Lab I : Midterm: A | Final: A,,,fall 2020,HI 3640  African History : Midterm: A | Final: A,HI 3835 Islamic Cultures : Midterm: A | Final: A,,,,,,,,,,,,,,,,,,,,,,,606b5915962b7170e065a475,Part Time,700238803,Dorey Fontelles,ADEVhUB,7/6/1997,9 La Follette Parkway,,,,,,,0
twiddmj@accuweather.com,Finance,,,,,,,,,,,,,,,,,,,,,,,,,,,,,,,,,,,,,,,,,,,,,Undergraduate - Sophomore,fall 2019,VA2010 Intro. to Creative Thinking : Midterm: A | Final: A, BU 3502 Principles of Accounting I : Midterm: A | Final: B+,EL 1000 English Comp I : Exposition : Midterm: A | Final: A, MA2310 Calculus and Analytic Geometry I : Midterm: A- | Final: A,spring 2020, MA2000 Applied Statistics : Midterm: A | Final: A, BU 3511Principles of Accounting II : Midterm: A | Final: A, VA2020 Basic Design : Midterm : A | Final: A, EL 2239 Horror Literature : Midterm : B | Final: A,fall 2020,HI 3640  African History : Midterm: A | Final: A,HI 3835 Islamic Cultures : Midterm : A | Final: A,EL 3010  Structure & Grammar of English : Miderm: A | Final: A, HI 3091 African Cultures : Midterm: B | Final: B-,,,,,,,,,,,,,,,,,,,,,606b5915962b7170e065a476,Full Time,700407922,Tudor Widd,5mgD4XYGiF,6/29/1995,427 Pearson Street,,,,,,,0
chainml@upenn.edu,Biological Sciences,,,,,,,,,,,,,,,,,,,,,,,,,,,,,,,,,,,,,,,,,,,,,Undergraduate - Freshman,,,,,,,,,,,,,,,,,,,,,,,,,,,,,,,,,,,,606b5915962b7170e065a477,Full Time,700510323,Conan Hain,hdN1c8zErV6c,9/4/1996,99 Dapin Point,,,,,,,0
fmordeymk@buzzfeed.com,Business Administration,,,,,,,,,,,,,,,,,,,,,,,,,,,,,,,,,,,,,,,,,,,,,Graduate,fall 2017,VA2010 Intro. to Creative Thinking : Midterm: A | Final: A, AS 2112 American People I : Midterm: A | Final: B+,EL 1000 English Comp I : Exposition : Midterm: A | Final: A,MA 1020 College Algebra : Midterm: A- | Final: A,spring 2018, AS 2122 American People II : Midterm: A | Final: A, MA 2300 Calc/Business & Economics : Midterm: A | Final: A, VA2020 Basic Design : Midterm : A | Final: A, EL 2239 Horror Literature : Midterm : B | Final: A,fall 2018,HI 3640  African History : Midterm: A | Final: A,HI 3835 Islamic Cultures : Midterm : A | Final: A,EL 3010  Structure & Grammar of English : Miderm: A | Final: A, HI 3091 African Cultures : Midterm: B | Final: B-,spring 2019, BU 3010 Information Systems for Managers : Midterm: B | Final: A, BU 3502 Principles of Accounting I : Midterm: A | Final: B, BU3600 Principles Business Law : Midterm: A | Final: A, VA3100 Visual Culture : Midterm: B | Final: C+,fall 2019, BU 3511 Principles of Accounting II : Midterm: B | Final: A, BU3905 Business Communication : Midterm: A | Final: A,VA3200 Art Tutorials I : Midterm: A | Final: A,VA3400 Digital Imaging : Midterm: A | Final: B,spring 2020,VA4200 Art Tutorials II : Midterm: A | Final: A, BU 4110 Organizational Behavior & Mgmt : Midterm: A | Final: A-, BU 4120  Global Business : Midterm: B | Final: A, BU 4035 Web Sys & Electronic Commerce : Midterm: A | Final: A,fall 2020, BU 4130 Entrepreneurship : Midterm: C | Final: B+, BU4820 International Marketing : Midterm: A | Final: A, BU4851 Consumer Behavior : Midterm: A | Final: A, BU3800 Marketing: Principles & Concepts : Midterm: A | Final: A,606b5915962b7170e065a478,Full Time,700716460,Frederigo Mordey,neUc3GoeriB,3/12/1995,1465 Stoughton Center,spring 2021, BU 5196 Leadership : Midterm: A | Final: A, BU 5171 Human Resource Management : Midterm: A | Final: A, BU5841 Strategic Marketing : Midterm: A | Final: B, BU 5195 Management Seminar : Midterm: B | Final: B+,,0
dtrymemn@trellian.com,Sociology,,,,,,,,,,,,,,,,,,,,,,,,,,,,,,,,,,,,,,,,,,,,,Undergraduate - Junior,fall 2018,VA2010 Intro. to Creative Thinking: Midterm: A | Final: A, SY2400 Sociology Through the Arts : Midterm: A | Final: B+,EL 1000 English Comp I: Exposition: Midterm: A | Final: A,MA 1020 College Algebra: Midterm: A- | Final: A,spring 2019, SY2550 Social Problems: Midterm: A | Final: A, SY2600 Social Deviance: Midterm: A | Final: A, VA2020 Basic Design : Midterm: A | Final: A, EL 2239 Horror Literature : Midterm: B | Final: A,fall 2019,HI 3640  African History : Midterm: A | Final: A,HI 3835 Islamic Cultures : Midterm: A | Final: A,EL 3010  Structure & Grammar of English : Miderm: A | Final: A, HI 3091 African Cultures: Midterm: B | Final: B-,spring 2020, SY2800 Race: Midterm: B | Final: A, SY3160 Sociology of Culture : Midterm: A | Final: B, SY3280 Social Inequality : Midterm: A | Final: A, VA3100 Visual Culture: Midterm: B | Final: C+,fall 2020, SY3630 Political Sociology : Midterm: B | Final: A, SY3700 Family and Society : Midterm: A | Final: A,VA3200 Art Tutorials I: Midterm: A | Final: A,VA3400 Digital Imaging : Midterm: A | Final: B,,,,,,,,,,,606b5915962b7170e065a479,Full Time,700817894,Darwin Tryme,uf3wXlQNRj,2/27/1998,0736 Emmet Circle,,,,,,,0
ihentzermm@blogs.com,Biological Sciences,,,,,,,,,,,,,,,,,,,,,,,,,,,,,,,,,,,,,,,,,,,,,Undergraduate - Senior,fall 2017,VA2010 Intro. to Creative Thinking : Midterm: A | Final: A, BS2490 Environmental Science : Midterm: A | Final: B+,EL 1000 English Comp I : Exposition : Midterm: A | Final: A,MA 1020 College Algebra : Midterm: A- | Final: A,spring 2018, BS3400 Vertebrate Physiology : Midterm: A | Final: A, BS3450 Plant Biology : Midterm: A | Final: A, VA2020 Basic Design : Midterm : A | Final: A, EL 2239 Horror Literature : Midterm : B | Final: A,fall 2018,HI 3640  African History : Midterm: A | Final: A,HI 3835 Islamic Cultures : Midterm: A | Final: A,EL 3010  Structure & Grammar of English : Miderm: A | Final: A, HI 3091 African Cultures : Midterm: B | Final: B-,spring 2019, BS3510 Parasitology : Midterm: B | Final: A, BS3531 Comparative Genomics Lab : Midterm: A | Final: B, BS3530 Comparative Genomics : Midterm: A | Final: A, VA3100 Visual Culture : Midterm: B | Final: C+,fall 2019, BS3520 Comparative Anatomy : Midterm: B | Final: A, BS3710 Environmental Physiology : Midterm: A | Final: A,VA3200 Art Tutorials I : Midterm: A | Final: A,VA3400 Digital Imaging : Midterm: A | Final: B,spring 2020,VA4200 Art Tutorials II : Midterm: A | Final: A, BS3810  Biological Aspects of Aging : Midterm: A | Final: A-, BS4400 Cell Biology : Midterm: B | Final: A, BS4460 Genetics : Midterm: A | Final: A,fall 2020, BS4440 Evolution : Midterm: C | Final: B+, BS4410  Histology : Midterm: A | Final: A, BS4420  Microbiology : Midterm: A | Final: A, BS4430  Developmental Biology : Midterm: A | Final: A,606b5915962b7170e065a47a,Full Time,700405320,Issy Hentzer,no1cjm,5/22/1997,06868 Lighthouse Bay Pass,,,,,,,0
jdeavemr@themeforest.net,Adolescence Education: Chemistry (7-12),,,,,,,,,,,,,,,,,,,,,,,,,,,,,,,,,,,,,,,,,,,,,Undergraduate - Freshman,,,,,,,,,,,,,,,,,,,,,,,,,,,,,,,,,,,,606b5915962b7170e065a47b,Part Time,700254583,Jennica Deave,jLMGSo,1/14/1997,6126 Helena Pass,,,,,,,0
wbaskeyfiedmp@paginegialle.it,Industrial and Labor Relations,,,,,,,,,,,,,,,,,,,,,,,,,,,,,,,,,,,,,,,,,,,,,Undergraduate - Sophomore,fall 2019,VA2010 Intro. to Creative Thinking : Midterm: A | Final: A, PE 2650 Intro to U.S. Politics : Midterm: A | Final: B+,EL 1000 English Comp I : Exposition : Midterm: A | Final: A,MA 1020 College Algebra : Midterm: A- | Final: A,spring 2020, MA2300 Calculus for Business & Economics : Midterm: A | Final: A, IR 2210 Unions & Management: An Intro : Midterm: A | Final: A, VA2020 Basic Design : Midterm : A | Final: A, EL 2239 Horror Literature : Midterm : B | Final: A,fall 2020,HI 3640  African History : Midterm: A | Final: A,HI 3835 Islamic Cultures : Midterm: A | Final: A,EL 3010  Structure & Grammar of English : Miderm: A | Final: A, HI 3091 African Cultures : Midterm: B | Final: B-,,,,,,,,,,,,,,,,,,,,,606b5915962b7170e065a47c,Full Time,700681100,Woodie Baskeyfied,wLeviK9,3/1/1995,7887 Texas Point,,,,,,,0
alyems@ucoz.com,Biochemistry,,,,,,,,,,,,,,,,,,,,,,,,,,,,,,,,,,,,,,,,,,,,,Undergraduate - Junior,fall 2018,VA2010 Intro. to Creative Thinking : Midterm: A | Final: A, BS 2400 Basic Bio Sciences I : Midterm: A | Final: B+,,,spring 2019, CP 2120 Principles of Chemistry I : Midterm: A | Final: A, CP 2121 Principles of Chemistry Lab I : Midterm: A | Final: A,,,fall 2019,HI 3640  African History : Midterm: A | Final: A,HI 3835 Islamic Cultures : Midterm : A | Final: A,,,spring 2020, BS 2410 Basic Bio Sciences II : Midterm: B | Final: A, CP 2130 Principles of Chemistry II : Midterm: A | Final: B,,,fall 2020, CP 2220 Structure of Physics I : Midterm: B | Final: A, CP 2221 Structure of Physics I Lab : Midterm: A | Final: A,,,,,,,,,,,,,606b5915962b7170e065a47d,Part Time,700695749,Alejandra Lye,2nwpoCADH4YM,9/30/1996,843 Village Green Trail,,,,,,,0
dsherwoodmq@google.com,Health and Society,,,,,,,,,,,,,,,,,,,,,,,,,,,,,,,,,,,,,,,,,,,,,Graduate,fall 2017,VA2010 Intro. to Creative Thinking : Midterm: A | Final: A, BS 2100 Biology for Non-Science Majors : Midterm: A | Final: B+,EL 1000 English Comp I : Exposition : Midterm: A | Final: A,MA 1020 College Algebra : Midterm: A- | Final: A,spring 2018, BS 2300  Anatomy&Physiology I Lecture : Midterm: A | Final: A, 2410  Basic Bio Sciences II : Midterm: A | Final: A, VA2020 Basic Design : Midterm : A | Final: A, EL 2239 Horror Literature : Midterm : B | Final: A,fall 2018,HI 3640  African History : Midterm: A | Final: A,HI 3835 Islamic Cultures : Midterm: A | Final: A,EL 3010  Structure & Grammar of English : Miderm: A | Final: A, HI 3091 African Cultures : Midterm: B | Final: B-,spring 2019, BS 2310  Anatomy&Physiology II Lecture : Midterm: B | Final: A, PH 3600  Social Determinants of Health : Midterm: A | Final: B, PH 3610 Intro.-U.S.Health Care System : Midterm: A | Final: A, VA3100 Visual Culture : Midterm: B | Final: C+,fall 2019, PH 3200 Nutrition & Society : Midterm: B | Final: A, PH 3700  Medical Anthropology : Midterm: A | Final: A,VA3200 Art Tutorials I : Midterm: A | Final: A,VA3400 Digital Imaging : Midterm: A | Final: B,spring 2020,VA4200 Art Tutorials II : Midterm: A | Final: A, PH 4670 Biostatistics : Midterm: A | Final: A-, PH 4800 Epidemiology : Midterm: B | Final: A, PH 4450 Human Sexuality : Midterm: A | Final: A,fall 2020, PH 4900 Community Health Field Placmt : Midterm: C | Final: B+, PH 4600  Health Program Planning & Eval : Midterm: A | Final: A, PH 4610 Women's Health : Midterm: A | Final: A, PH 4631  Mental Health : Midterm: A | Final: A,606b5915962b7170e065a47e,Full Time,700907072,Darren Sherwood,toB2xk7IA,8/2/1996,018 Hansons Junction,spring 2021, PH 5900 Research Methods : Midterm: A | Final: A, PH 4661  Health Education : Midterm: A | Final: A, PH 4680 Environmental Health : Midterm: A | Final: B, PH 4750  Aging & Social Policy : Midterm: B | Final: B+,,0
kpietrasikmu@artisteer.com,Sociology,,,,,,,,,,,,,,,,,,,,,,,,,,,,,,,,,,,,,,,,,,,,,Undergraduate - Freshman,,,,,,,,,,,,,,,,,,,,,,,,,,,,,,,,,,,,606b5915962b7170e065a47f,Full Time,700642165,Koenraad Pietrasik,E3geNWcJj,9/20/1995,4 Nova Alley,,,,,,,0
bhenfremt@va.gov,History,,,,,,,,,,,,,,,,,,,,,,,,,,,,,,,,,,,,,,,,,,,,,Undergraduate - Senior,fall 2017,VA2010 Intro. to Creative Thinking: Midterm: A | Final: A,AS 2112 American People I : Midterm: A | Final: B+,,,spring 2018,AS 2122 American People II : Midterm: A | Final: A, HI 2681 Intro to Europe Hist:1350-Present: Midterm: A | Final: A,,,fall 2018,HI 3640  African History : Midterm: A | Final: A,HI 3835 Islamic Cultures : Midterm: A | Final: A,,,spring 2019,HI 4308 History Modern Middle East: Midterm: B | Final: A,HI 4632 Japanese History Through Literature : Midterm: A | Final: B,,,fall 2019,PE 4690 Politics of Lat Amer/Caribbean : Midterm: B | Final: A,HI 4001 19th Century : Midterm: A | Final: A,,,spring 2020,VA4200 Art Tutorials II: Midterm: A | Final: A,VA4260 Interactive Web Design : Midterm: A | Final: A-,,,fall 2020,HI 3610  America's African Heritage : Midterm: C | Final: B+,HI 3840 Crescent and Cross : Midterm: A | Final: A,,,606b5915962b7170e065a480,Part Time,700069103,Brynn Henfre,DvVbw5Jfme,7/10/1995,9859 Sullivan Drive,,,,,,,0
kjereattmo@wiley.com,Industrial and Labor Relations,,,,,,,,,,,,,,,,,,,,,,,,,,,,,,,,,,,,,,,,,,,,,Graduate,fall 2017,VA2010 Intro. to Creative Thinking : Midterm: A | Final: A, PE 2650 Intro to U.S. Politics : Midterm: A | Final: B+,EL 1000 English Comp I : Exposition : Midterm: A | Final: A,MA 1020 College Algebra : Midterm: A- | Final: A,spring 2018, MA2300 Calculus for Business & Economics : Midterm: A | Final: A, IR 2210 Unions & Management: An Intro : Midterm: A | Final: A, VA2020 Basic Design : Midterm : A | Final: A, EL 2239 Horror Literature : Midterm : B | Final: A,fall 2018,HI 3640  African History : Midterm: A | Final: A,HI 3835 Islamic Cultures : Midterm: A | Final: A,EL 3010  Structure & Grammar of English : Miderm: A | Final: A, HI 3091 African Cultures : Midterm: B | Final: B-,spring 2019, PE 2300 Introduction to Law : Midterm: B | Final: A, IR 3140 Unions & Public Policy : Midterm: A | Final: B, IR 3300 CollectiveBarg & GrievanceProc : Midterm: A | Final: A, VA3100 Visual Culture : Midterm: B | Final: C+,fall 2019, IR 3330 Women : Midterm: B | Final: A, IR 3415 Labor Economics : Midterm: A | Final: A,VA3200 Art Tutorials I : Midterm: A | Final: A,VA3400 Digital Imaging : Midterm: A | Final: B,spring 2020,VA4200 Art Tutorials II : Midterm: A | Final: A, IR 3860 Development of the Modern Corp : Midterm: A | Final: A-, IR 3120  History:AmericanLaborRelations : Midterm: B | Final: A, IR 3260  Comparative Labor Relations : Midterm: A | Final: A,fall 2020, IR 3500 Arbitration & Mediation : Midterm: C | Final: B+, IR 4320 Labor & Employment Law : Midterm: A | Final: A, HS 4770  Occupational Health : Midterm: A | Final: A, IR 4200  Strategic Research/Organizers : Midterm: A | Final: A,606b5915962b7170e065a481,Full Time,700615310,Kaile Jereatt,33f6oCjiLg,8/3/1998,4149 Elka Plaza,spring 2021, IR 4600 Topics in Labor Studies : Midterm: A | Final: A, PE 4430  Health Economics : Midterm: A | Final: A, BU 5125  Business Ethics : Midterm: A | Final: B, BU 5171  Human Resource Management : Midterm: B | Final: B+,,0
btabartmw@plala.or.jp,English,,,,,,,,,,,,,,,,,,,,,,,,,,,,,,,,,,,,,,,,,,,,,Undergraduate - Sophomore,fall 2019,VA2010 Intro. to Creative Thinking : Midterm: A | Final: A, HI1010 World Religions: West : Midterm: A | Final: B+,EL 1000 English Comp I : Exposition : Midterm: A | Final: A,MA 1020 College Algebra : Midterm: A- | Final: A,spring 2020, EL 2239 Horror Literature : Midterm: A | Final: A, 2410  Basic Bio Sciences II : Midterm: A | Final: A, VA2020 Basic Design : Midterm : A | Final: A, EL 3010  Structure & Grammar of English : Midterm : B | Final: A,fall 2020,HI 3640  African History : Midterm: A | Final: A,HI 3835 Islamic Cultures : Midterm: A | Final: A, EL 3500  Lit Across Cultures I:Analysis : Miderm: A | Final: A, HI 3091 African Cultures : Midterm: B | Final: B-,,,,,,,,,,,,,,,,,,,,,606b5915962b7170e065a482,Full Time,700031198,Basil Tabart,zjXcXMJgP,10/14/1997,364 Carpenter Place,,,,,,,0
eschukraftmv@sbwire.com,History,,,,,,,,,,,,,,,,,,,,,,,,,,,,,,,,,,,,,,,,,,,,,Undergraduate - Senior,fall 2017,VA2010 Intro. to Creative Thinking: Midterm: A | Final: A,AS 2112 American People I : Midterm: A | Final: B+,EL 1000 English Comp I: Exposition: Midterm: A | Final: A,MA 1020 College Algebra: Midterm: A- | Final: A,spring 2018,AS 2122 American People II : Midterm: A | Final: A, HI 2681 Intro to Europe Hist:1350-Present: Midterm: A | Final: A, VA2020 Basic Design : Midterm: A | Final: A,HI 3110 Latin American Culture : Midterm: B | Final: A,fall 2018,HI 3640  African History : Midterm: A | Final: A,HI 3835 Islamic Cultures : Midterm: A | Final: A,EL 3010  Structure & Grammar of English : Midterm: A | Final: A, HI 3091 African Cultures: Midterm: B | Final: B-,spring 2019,HI 4308 History Modern Middle East: Midterm: B | Final: A,HI 4632 Japanese History Through Literature : Midterm: A | Final: B,HI 4800  History of India : Midterm: A | Final: A,HI 4900 Modern China-Study Abroad: Midterm: B | Final: C+,fall 2019,PE 4690 Politics of Lat Amer/Caribbean : Midterm: B | Final: A,HI 4001 19th Century : Midterm: A | Final: A,VA3200 Art Tutorials I: Midterm: A | Final: A,VA3400 Digital Imaging : Midterm: A | Final: B,spring 2020,VA4200 Art Tutorials II: Midterm: A | Final: A,VA4260 Interactive Web Design : Midterm: A | Final: A-,HI 4011  20th Century : Midterm: B | Final: A,HI 4700  Modern Global Environments : Midterm: A | Final: A,fall 2020,HI 3610  America's African Heritage : Midterm: C | Final: B+,HI 3840 Crescent and Cross : Midterm: A | Final: A,HI 4650   History of African Enslavement : Midterm: A | Final: A,BS4400 Cell Biology: A | Final: A,606b5915962b7170e065a483,Full Time,700012120,Edwina Schukraft,XCxlCu10z,11/7/1996,58398 Burrows Place,,,,,,,0
vbleythingmx@newyorker.com,Industrial and Labor Relations,,,,,,,,,,,,,,,,,,,,,,,,,,,,,,,,,,,,,,,,,,,,,Undergraduate - Junior,fall 2018,VA2010 Intro. to Creative Thinking : Midterm: A | Final: A, PE 2650 Intro to U.S. Politics : Midterm: A | Final: B+,,,spring 2019, MA2300 Calculus for Business & Economics : Midterm: A | Final: A, IR 2210 Unions & Management: An Intro : Midterm: A | Final: A,,,fall 2019,HI 3640  African History : Midterm: A | Final: A,HI 3835 Islamic Cultures : Midterm: A | Final: A,,,spring 2020, PE 2300 Introduction to Law : Midterm: B | Final: A, IR 3140 Unions & Public Policy : Midterm: A | Final: B,,,fall 2020, IR 3330 Women : Midterm: B | Final: A, IR 3415 Labor Economics : Midterm: A | Final: A,,,,,,,,,,,,,606b5915962b7170e065a484,Part Time,700894609,Vladimir Bleything,Qov527,12/2/1997,652 Kings Trail,,,,,,,0
adelaguan0@bizjournals.com,Media and Communications,,,,,,,,,,,,,,,,,,,,,,,,,,,,,,,,,,,,,,,,,,,,,Undergraduate - Senior,fall 2017,VA2010 Intro. to Creative Thinking : Midterm: A | Final: A, AS2020 New Media CE : Midterm: A | Final: B+,,,spring 2018, AS2652 Media Studies : Midterm: A | Final: A, AS2700 The Engaged Eye : Midterm: A | Final: A,,,fall 2018,HI 3640  African History : Midterm: A | Final: A,HI 3835 Islamic Cultures : Midterm : A | Final: A,,,spring 2019, AS3310 From Citizen to Consumer : Midterm: B | Final: A, AS3632 History of U.S. Film : Midterm: A | Final: B,,,fall 2019, AS3722 History of Mass Media : Midterm: B | Final: A, AS3732 Politics of Media & Inst : Midterm: A | Final: A,,,spring 2020,VA4200 Art Tutorials II : Midterm: A | Final: A, AS3735 Documentary Media Studies : Midterm: A | Final: A-,,,fall 2020, AS3810 Music and Media : Midterm: C | Final: B+, AS3830 Public Relations and Society : Midterm: A | Final: A,,,606b5915962b7170e065a485,Part Time,700952212,Aldin Delagua,kubxNvHg9n8z,9/21/1997,58755 Harper Lane,,,,,,,0
lbadcockmy@apple.com,Finance,,,,,,,,,,,,,,,,,,,,,,,,,,,,,,,,,,,,,,,,,,,,,Undergraduate - Junior,fall 2018,VA2010 Intro. to Creative Thinking : Midterm: A | Final: A, BU 3502 Principles of Accounting I : Midterm: A | Final: B+,EL 1000 English Comp I : Exposition : Midterm: A | Final: A, MA2310 Calculus and Analytic Geometry I : Midterm: A- | Final: A,spring 2019, MA2000 Applied Statistics : Midterm: A | Final: A, BU 3511Principles of Accounting II : Midterm: A | Final: A, VA2020 Basic Design : Midterm : A | Final: A, EL 2239 Horror Literature : Midterm : B | Final: A,fall 2019,HI 3640  African History : Midterm: A | Final: A,HI 3835 Islamic Cultures : Midterm : A | Final: A,EL 3010  Structure & Grammar of English : Miderm: A | Final: A, HI 3091 African Cultures : Midterm: B | Final: B-,spring 2020, BU 3010 Info Systems For Mgrs : Midterm: B | Final: A, BU 4500 Intermediate Accounting I : Midterm: A | Final: B, BU 4720   Global Financial Markets : Midterm: A | Final: A, VA3100 Visual Culture : Midterm: B | Final: C+,fall 2020, BU 4510 Intermediate Accounting II : Midterm: B | Final: A, BU 4774   Financial Markets & Inst : Midterm: A | Final: A,VA3200 Art Tutorials I : Midterm: A | Final: A,VA3400 Digital Imaging : Midterm: A | Final: B,,,,,,,,,,,606b5915962b7170e065a486,Full Time,700635173,Lindy Badcock,YNXRAjT,4/9/1995,0 Shasta Pass,,,,,,,0
ddecayetten1@dedecms.com,Spanish Language,,,,,,,,,,,,,,,,,,,,,,,,,,,,,,,,,,,,,,,,,,,,,Undergraduate - Senior,fall 2017,VA2010 Intro. to Creative Thinking : Midterm: A | Final: A, ML2100 Intermediate Spanish Conversation I : Midterm: A | Final: B+,,,spring 2018, ML2110 Intermediate Spanish Conversation II : Midterm: A | Final: A, ML3100 Advanced Spanish Conversation and Composition : Midterm: A | Final: A,,,fall 2018,HI 3640  African History : Midterm: A | Final: A,HI 3835 Islamic Cultures : Midterm : A | Final: A,,,spring 2019, ML3362 Advanced Spanish Grammar and Composition : Midterm: B | Final: A, ML3200 Translation Workshop : Midterm: A | Final: B,,,fall 2019, ML3260 Spanish Linguistics: Universals of Grammar : Midterm: B | Final: A, ML3500 Critical Writing and Textual Analysis : Midterm: A | Final: A,,,spring 2020,VA4200 Art Tutorials II : Midterm: A | Final: A, ML3300 Artistic Expressions of Spain : Midterm: A | Final: A-,,,fall 2020, ML3650 Latin American Cinema : Midterm: C | Final: B+, ML4100 The Spanish Golden Age : Midterm: A | Final: A,,,606b5915962b7170e065a487,Part Time,700302252,Derick Decayette,K0Ev0RVQsB,12/27/1995,80 Schiller Lane,,,,,,,0
jbaudrymz@sfgate.com,Chemistry,,,,,,,,,,,,,,,,,,,,,,,,,,,,,,,,,,,,,,,,,,,,,Undergraduate - Junior,fall 2018,VA2010 Intro. to Creative Thinking : Midterm: A | Final: A, CP 2120 Principles of Chemistry I : Midterm: A | Final: B+,,,spring 2019, MA2310 Calculus and Analytic Geometry I : Midterm: A | Final: A, CP 2130  Principles of Chemistry II : Midterm: A | Final: A,,,fall 2019,HI 3640  African History : Midterm: A | Final: A,HI 3835 Islamic Cultures : Midterm: A | Final: A,,,spring 2020, EL 2239 Horror Literature : Midterm: B | Final: A, CP 2240  General Physics I : Midterm: A | Final: B,,,fall 2020, CP 2251 General Physics II Lab : Midterm: B | Final: A, CP 2250 General Physics II : Midterm: A | Final: A,,,,,,,,,,,,,606b5915962b7170e065a488,Part Time,700600135,Jon Baudry,P2i9QxwpFw,3/5/1998,69 Briar Crest Parkway,,,,,,,0
gwherryn2@delicious.com,Biological Sciences,,,,,,,,,,,,,,,,,,,,,,,,,,,,,,,,,,,,,,,,,,,,,Undergraduate - Senior,fall 2017,VA2010 Intro. to Creative Thinking : Midterm: A | Final: A, BS2490 Environmental Science : Midterm: A | Final: B+,,,spring 2018, BS3400 Vertebrate Physiology : Midterm: A | Final: A, BS3450 Plant Biology : Midterm: A | Final: A,,,fall 2018,HI 3640  African History : Midterm: A | Final: A,HI 3835 Islamic Cultures : Midterm: A | Final: A,,,spring 2019, BS3510 Parasitology : Midterm: B | Final: A, BS3531 Comparative Genomics Lab : Midterm: A | Final: B,,,fall 2019, BS3520 Comparative Anatomy : Midterm: B | Final: A, BS3710 Environmental Physiology : Midterm: A | Final: A,,,spring 2020,VA4200 Art Tutorials II : Midterm: A | Final: A, BS3810  Biological Aspects of Aging : Midterm: A | Final: A-,,,fall 2020, BS4440 Evolution : Midterm: C | Final: B+, BS4410  Histology : Midterm: A | Final: A,,,606b5915962b7170e065a489,Part Time,700834445,Georgia Wherry,UGgESUtl,7/29/1996,32 Mesta Way,,,,,,,0
qswannien3@stumbleupon.com,Adolescence Education: Chemistry (7-12),,,,,,,,,,,,,,,,,,,,,,,,,,,,,,,,,,,,,,,,,,,,,Undergraduate - Senior,fall 2017,VA2010 Intro. to Creative Thinking : Midterm: A | Final: A, BS 2400 Basic Bio Sciences I : Midterm: A | Final: B+,,,spring 2018, CP 2120 Principles of Chemistry I : Midterm: A | Final: A, CP 2121 Principles of Chemistry Lab I : Midterm: A | Final: A,,,fall 2018,HI 3640  African History : Midterm: A | Final: A,HI 3835 Islamic Cultures : Midterm: A | Final: A,,,spring 2019, CP 2130 Principles of Chemistry II : Midterm: B | Final: A, CP 2131 Principles Chemistry Lab II : Midterm: A | Final: B,,,fall 2019, CP 3300 Organic Chemistry I : Midterm: B | Final: A, CP 3302 Organic Chemistry Lab I : Midterm: A | Final: A,,,spring 2020,VA4200 Art Tutorials II : Midterm: A | Final: A, CP 3310 Organic Chemistry II : Midterm: A | Final: A-,,,fall 2020, CP 4700 Physical Chemistry I : Midterm: C | Final: B+, CP 4515 Biochemistry II : Midterm: A | Final: A,,,606b5915962b7170e065a48a,Part Time,700813666,Quentin Swannie,EGVpIRoIQTrD,12/10/1995,7 American Ash Center,,,,,,,0
agoskarn4@sakura.ne.jp,Psychology,,,,,,,,,,,,,,,,,,,,,,,,,,,,,,,,,,,,,,,,,,,,,Undergraduate - Sophomore,fall 2019,VA2010 Intro. to Creative Thinking: Midterm: A | Final: A, PY2010 Introduction to Psychology : Midterm: A | Final: B+,EL 1000 English Comp I: Exposition: Midterm: A | Final: A,MA 1020 College Algebra: Midterm: A- | Final: A,spring 2020, PY2530 Psychology of Prejudice : Midterm: A | Final: A, PY2720 Psychology of Gender: Midterm: A | Final: A, VA2020 Basic Design : Midterm: A | Final: A, EL 2239 Horror Literature : Midterm: B | Final: A,fall 2020,HI 3640  African History : Midterm: A | Final: A,HI 3835 Islamic Cultures : Midterm: A | Final: A,EL 3010  Structure & Grammar of English : Miderm: A | Final: A, HI 3091 African Cultures: Midterm: B | Final: B-,,,,,,,,,,,,,,,,,,,,,606b5915962b7170e065a48b,Full Time,700573031,Adams Goskar,zJqIClUSJ1BX,10/6/1996,2 Larry Hill,,,,,,,0
eleyntonn6@cbc.ca,Biological Sciences,,,,,,,,,,,,,,,,,,,,,,,,,,,,,,,,,,,,,,,,,,,,,Undergraduate - Sophomore,fall 2019,VA2010 Intro. to Creative Thinking : Midterm: A | Final: A, BS2490 Environmental Science : Midterm: A | Final: B+,EL 1000 English Comp I : Exposition : Midterm: A | Final: A,MA 1020 College Algebra : Midterm: A- | Final: A,spring 2020, BS3400 Vertebrate Physiology : Midterm: A | Final: A, BS3450 Plant Biology : Midterm: A | Final: A, VA2020 Basic Design : Midterm : A | Final: A, EL 2239 Horror Literature : Midterm : B | Final: A,fall 2020,HI 3640  African History : Midterm: A | Final: A,HI 3835 Islamic Cultures : Midterm: A | Final: A,EL 3010  Structure & Grammar of English : Miderm: A | Final: A, HI 3091 African Cultures : Midterm: B | Final: B-,,,,,,,,,,,,,,,,,,,,,606b5915962b7170e065a48c,Full Time,700755835,Eliza Leynton,DAZNRc,9/20/1996,1 Westridge Lane,,,,,,,0
oadneyn5@mac.com,Industrial and Labor Relations,,,,,,,,,,,,,,,,,,,,,,,,,,,,,,,,,,,,,,,,,,,,,Graduate,fall 2017,VA2010 Intro. to Creative Thinking : Midterm: A | Final: A, PE 2650 Intro to U.S. Politics : Midterm: A | Final: B+,EL 1000 English Comp I : Exposition : Midterm: A | Final: A,MA 1020 College Algebra : Midterm: A- | Final: A,spring 2018, MA2300 Calculus for Business & Economics : Midterm: A | Final: A, IR 2210 Unions & Management: An Intro : Midterm: A | Final: A, VA2020 Basic Design : Midterm : A | Final: A, EL 2239 Horror Literature : Midterm : B | Final: A,fall 2018,HI 3640  African History : Midterm: A | Final: A,HI 3835 Islamic Cultures : Midterm: A | Final: A,EL 3010  Structure & Grammar of English : Miderm: A | Final: A, HI 3091 African Cultures : Midterm: B | Final: B-,spring 2019, PE 2300 Introduction to Law : Midterm: B | Final: A, IR 3140 Unions & Public Policy : Midterm: A | Final: B, IR 3300 CollectiveBarg & GrievanceProc : Midterm: A | Final: A, VA3100 Visual Culture : Midterm: B | Final: C+,fall 2019, IR 3330 Women : Midterm: B | Final: A, IR 3415 Labor Economics : Midterm: A | Final: A,VA3200 Art Tutorials I : Midterm: A | Final: A,VA3400 Digital Imaging : Midterm: A | Final: B,spring 2020,VA4200 Art Tutorials II : Midterm: A | Final: A, IR 3860 Development of the Modern Corp : Midterm: A | Final: A-, IR 3120  History:AmericanLaborRelations : Midterm: B | Final: A, IR 3260  Comparative Labor Relations : Midterm: A | Final: A,fall 2020, IR 3500 Arbitration & Mediation : Midterm: C | Final: B+, IR 4320 Labor & Employment Law : Midterm: A | Final: A, HS 4770  Occupational Health : Midterm: A | Final: A, IR 4200  Strategic Research/Organizers : Midterm: A | Final: A,606b5915962b7170e065a48d,Full Time,700770119,Otis Adney,SW8jG7,5/24/1995,6 Basil Drive,spring 2021, IR 4600 Topics in Labor Studies : Midterm: A | Final: A, PE 4430  Health Economics : Midterm: A | Final: A, BU 5125  Business Ethics : Midterm: A | Final: B, BU 5171  Human Resource Management : Midterm: B | Final: B+,,0
rnelmesn9@zdnet.com,Media and Communications,,,,,,,,,,,,,,,,,,,,,,,,,,,,,,,,,,,,,,,,,,,,,Undergraduate - Sophomore,fall 2019,VA2010 Intro. to Creative Thinking : Midterm: A | Final: A, AS2020 New Media CE : Midterm: A | Final: B+,EL 1000 English Comp I : Exposition : Midterm: A | Final: A, MA2310 Calculus and Analytic Geometry I : Midterm: A- | Final: A,spring 2020, AS2652 Media Studies : Midterm: A | Final: A, AS2700 The Engaged Eye : Midterm: A | Final: A, VA2020 Basic Design : Midterm : A | Final: A, EL 2239 Horror Literature : Midterm : B | Final: A,fall 2020,HI 3640  African History : Midterm: A | Final: A,HI 3835 Islamic Cultures : Midterm : A | Final: A,EL 3010  Structure & Grammar of English : Miderm: A | Final: A, HI 3091 African Cultures : Midterm: B | Final: B-,,,,,,,,,,,,,,,,,,,,,606b5915962b7170e065a48e,Full Time,700455609,Ronnica Nelmes,GoK2PHFDwn,7/29/1996,25 2nd Point,,,,,,,0
rbartolaccinb@tripadvisor.com,Media and Communications,,,,,,,,,,,,,,,,,,,,,,,,,,,,,,,,,,,,,,,,,,,,,Undergraduate - Freshman,,,,,,,,,,,,,,,,,,,,,,,,,,,,,,,,,,,,606b5915962b7170e065a48f,Part Time,700457261,Rhett Bartolacci,KL3VEUHb,8/2/1997,0 Northfield Avenue,,,,,,,0
lohartnettnc@google.ru,Industrial and Labor Relations,,,,,,,,,,,,,,,,,,,,,,,,,,,,,,,,,,,,,,,,,,,,,Undergraduate - Freshman,,,,,,,,,,,,,,,,,,,,,,,,,,,,,,,,,,,,606b5915962b7170e065a490,Part Time,700175816,Linn O'Hartnett,mQk6AY,10/29/1998,5 Pennsylvania Circle,,,,,,,0
gmayoralna@arstechnica.com,Spanish Language,,,,,,,,,,,,,,,,,,,,,,,,,,,,,,,,,,,,,,,,,,,,,Undergraduate - Senior,fall 2017,VA2010 Intro. to Creative Thinking : Midterm: A | Final: A, ML2100 Intermediate Spanish Conversation I : Midterm: A | Final: B+,EL 1000 English Comp I : Exposition : Midterm: A | Final: A,MA 1020 College Algebra : Midterm: A- | Final: A,spring 2018, ML2110 Intermediate Spanish Conversation II : Midterm: A | Final: A, ML3100 Advanced Spanish Conversation and Composition : Midterm: A | Final: A, VA2020 Basic Design : Midterm : A | Final: A, EL 2239 Horror Literature : Midterm : B | Final: A,fall 2018,HI 3640  African History : Midterm: A | Final: A,HI 3835 Islamic Cultures : Midterm : A | Final: A,EL 3010  Structure & Grammar of English : Miderm: A | Final: A, HI 3091 African Cultures : Midterm: B | Final: B-,spring 2019, ML3362 Advanced Spanish Grammar and Composition : Midterm: B | Final: A, ML3200 Translation Workshop : Midterm: A | Final: B, ML3250 Spanish Linguistics : Midterm: A | Final: A, VA3100 Visual Culture : Midterm: B | Final: C+,fall 2019, ML3260 Spanish Linguistics: Universals of Grammar : Midterm: B | Final: A, ML3500 Critical Writing and Textual Analysis : Midterm: A | Final: A,VA3200 Art Tutorials I : Midterm: A | Final: A,VA3400 Digital Imaging : Midterm: A | Final: B,spring 2020,VA4200 Art Tutorials II : Midterm: A | Final: A, ML3300 Artistic Expressions of Spain : Midterm: A | Final: A-, ML3310 Topics in Hispanic Cultural Studies : Midterm: B | Final: A, ML3410 Latino/a Writers in the US : Midterm: A | Final: A,fall 2020, ML3650 Latin American Cinema : Midterm: C | Final: B+, ML4100 The Spanish Golden Age : Midterm: A | Final: A, ML3880 Masterpieces of Hispanic Literature : Midterm: A | Final: A, ML4500 Culture and Literature of Spain from the Middle Ages to the 18th century : Midterm: A | Final: A,606b5915962b7170e065a491,Full Time,700098619,Gus Mayoral,Q1mbwhk9F,8/30/1996,365 Onsgard Lane,,,,,,,0
bmutimern8@ihg.com,Business Administration,,,,,,,,,,,,,,,,,,,,,,,,,,,,,,,,,,,,,,,,,,,,,Undergraduate - Junior,fall 2018,VA2010 Intro. to Creative Thinking : Midterm: A | Final: A, AS 2112 American People I : Midterm: A | Final: B+,,,spring 2019, AS 2122 American People II : Midterm: A | Final: A, MA 2300 Calc/Business & Economics : Midterm: A | Final: A,,,fall 2019,HI 3640  African History : Midterm: A | Final: A,HI 3835 Islamic Cultures : Midterm : A | Final: A,,,spring 2020, BU 3010 Information Systems for Managers : Midterm: B | Final: A, BU 3502 Principles of Accounting I : Midterm: A | Final: B,,,fall 2020, BU 3511 Principles of Accounting II : Midterm: B | Final: A, BU3905 Business Communication : Midterm: A | Final: A,,,,,,,,,,,,,606b5915962b7170e065a492,Part Time,700532852,Bibbye Mutimer,eOne4qbQrji,4/12/1995,579 Kennedy Avenue,,,,,,,0
dtoorn7@upenn.edu,Biochemistry,,,,,,,,,,,,,,,,,,,,,,,,,,,,,,,,,,,,,,,,,,,,,Graduate,fall 2017,VA2010 Intro. to Creative Thinking : Midterm: A | Final: A, BS 2400 Basic Bio Sciences I : Midterm: A | Final: B+,EL 1000 English Comp I : Exposition : Midterm: A | Final: A,MA 1020 College Algebra : Midterm: A- | Final: A,spring 2018, CP 2120 Principles of Chemistry I : Midterm: A | Final: A, CP 2121 Principles of Chemistry Lab I : Midterm: A | Final: A, VA2020 Basic Design : Midterm : A | Final: A, EL 2239 Horror Literature : Midterm : B | Final: A,fall 2018,HI 3640  African History : Midterm: A | Final: A,HI 3835 Islamic Cultures : Midterm : A | Final: A,EL 3010  Structure & Grammar of English : Miderm: A | Final: A, HI 3091 African Cultures : Midterm: B | Final: B-,spring 2019, BS 2410 Basic Bio Sciences II : Midterm: B | Final: A, CP 2130 Principles of Chemistry II : Midterm: A | Final: B, CP 2131 Principles Chemistry Lab II : Midterm: A | Final: A, VA3100 Visual Culture : Midterm: B | Final: C+,fall 2019, CP 2220 Structure of Physics I : Midterm: B | Final: A, CP 2221 Structure of Physics I Lab : Midterm: A | Final: A,VA3200 Art Tutorials I : Midterm: A | Final: A,VA3400 Digital Imaging : Midterm: A | Final: B,spring 2020,VA4200 Art Tutorials II : Midterm: A | Final: A, CP 3300 Organic Chemistry I : Midterm: A | Final: A-, CP 3302 Organic Chemistry Lab I : Midterm: B | Final: A, CP 3400 Analytical Chemistry-Lect/Lab : Midterm: A | Final: A,fall 2020, CP 3310 Organic Chemistry II : Midterm: C | Final: B+, CP 3312 Organic Chemistry Lab II : Midterm: A | Final: A, CP 4510 Biochemistry I : Midterm: A | Final: A, CP 4520 Biochemistry Lab : Midterm: A | Final: A,606b5915962b7170e065a493,Full Time,700694075,Delaney Toor,wPkwj4fYP,3/12/1998,2 Weeping Birch Pass,spring 2021, CP 4515 Biochemistry II : Midterm: A | Final: A, CP 4700 Physical Chemistry I : Midterm: A | Final: A, BS 4560 Molecular Biology : Midterm: A | Final: B, BS 4460 Genetics : Midterm: B | Final: B+,,0
dvlachng@phoca.cz,Sociology,,,,,,,,,,,,,,,,,,,,,,,,,,,,,,,,,,,,,,,,,,,,,Undergraduate - Freshman,,,,,,,,,,,,,,,,,,,,,,,,,,,,,,,,,,,,606b5915962b7170e065a494,Part Time,700076409,Devondra Vlach,wWPy9A,3/9/1997,83 Cottonwood Place,,,,,,,0
asiseyne@imgur.com,Chemistry,,,,,,,,,,,,,,,,,,,,,,,,,,,,,,,,,,,,,,,,,,,,,Undergraduate - Junior,fall 2018,VA2010 Intro. to Creative Thinking : Midterm: A | Final: A, CP 2120 Principles of Chemistry I : Midterm: A | Final: B+,,,spring 2019, MA2310 Calculus and Analytic Geometry I : Midterm: A | Final: A, CP 2130  Principles of Chemistry II : Midterm: A | Final: A,,,fall 2019,HI 3640  African History : Midterm: A | Final: A,HI 3835 Islamic Cultures : Midterm: A | Final: A,,,spring 2020, EL 2239 Horror Literature : Midterm: B | Final: A, CP 2240  General Physics I : Midterm: A | Final: B,,,fall 2020, CP 2251 General Physics II Lab : Midterm: B | Final: A, CP 2250 General Physics II : Midterm: A | Final: A,,,,,,,,,,,,,606b5915962b7170e065a495,Part Time,700020851,Amandy Sisey,bhtuSzeS,12/31/1996,7 Aberg Road,,,,,,,0
jwinscomnd@pen.io,Finance,,,,,,,,,,,,,,,,,,,,,,,,,,,,,,,,,,,,,,,,,,,,,Graduate,fall 2017,VA2010 Intro. to Creative Thinking : Midterm: A | Final: A, BU 3502 Principles of Accounting I : Midterm: A | Final: B+,EL 1000 English Comp I : Exposition : Midterm: A | Final: A, MA2310 Calculus and Analytic Geometry I : Midterm: A- | Final: A,spring 2018, MA2000 Applied Statistics : Midterm: A | Final: A, BU 3511Principles of Accounting II : Midterm: A | Final: A, VA2020 Basic Design : Midterm : A | Final: A, EL 2239 Horror Literature : Midterm : B | Final: A,fall 2018,HI 3640  African History : Midterm: A | Final: A,HI 3835 Islamic Cultures : Midterm : A | Final: A,EL 3010  Structure & Grammar of English : Miderm: A | Final: A, HI 3091 African Cultures : Midterm: B | Final: B-,spring 2019, BU 3010 Info Systems For Mgrs : Midterm: B | Final: A, BU 4500 Intermediate Accounting I : Midterm: A | Final: B, BU 4720   Global Financial Markets : Midterm: A | Final: A, VA3100 Visual Culture : Midterm: B | Final: C+,fall 2019, BU 4510 Intermediate Accounting II : Midterm: B | Final: A, BU 4774   Financial Markets & Inst : Midterm: A | Final: A,VA3200 Art Tutorials I : Midterm: A | Final: A,VA3400 Digital Imaging : Midterm: A | Final: B,spring 2020,VA4200 Art Tutorials II : Midterm: A | Final: A, BU 4570 Federal Income Tax I: Midterm: A | Final: A-, BU 4590 Cost Accounting : Midterm: B | Final: A, BU 5115  Operations Management : Midterm: A | Final: A,fall 2020, BU 5190  Business Strategy & Policy : Midterm: C | Final: B+, BU 5710   Fin. Modeling & Forecasting : Midterm: A | Final: A, BU 5505 Essentials-Gov't&Non-ProfAcctg : Midterm: A | Final: A, BU 5525 International Accounting : Midterm: A | Final: A,606b5915962b7170e065a496,Full Time,700384486,Josh Winscom,aR6jAv8M2yTv,7/23/1995,43917 Ruskin Junction,spring 2021, BU 5771 Global Financial Markets : Midterm: A | Final: A, BU 5740  Invest Mgmt & Securities Anal : Midterm: A | Final: A, BU 5760  Corporate Finance : Midterm: A | Final: B, BU 5789 Futures & Options Markets : Midterm: B | Final: B+,,0
hbaldoninf@nasa.gov,Management Information Systems,,,,,,,,,,,,,,,,,,,,,,,,,,,,,,,,,,,,,,,,,,,,,Graduate,fall 2017,VA2010 Intro. to Creative Thinking : Midterm: A | Final: A, CS 2510 Computer Programming I : Midterm: A | Final: B+,EL 1000 English Comp I : Exposition : Midterm: A | Final: A,MA 1020 College Algebra : Midterm: A- | Final: A,spring 2018, CS 2511 Computer Programming II : Midterm: A | Final: A, MA2000 Applied Statistics : Midterm: A | Final: A, VA2020 Basic Design : Midterm : A | Final: A, EL 2239 Horror Literature : Midterm : B | Final: A,fall 2018,HI 3640  African History : Midterm: A | Final: A,HI 3835 Islamic Cultures : Midterm : A | Final: A,EL 3010  Structure & Grammar of English : Miderm: A | Final: A, HI 3091 African Cultures : Midterm: B | Final: B-,spring 2019, CS 3611 Advanced C# : Midterm: B | Final: A, BU 3800 Marketing: Principles&Concepts : Midterm: A | Final: B, BU3010 Information Systems for Managers : Midterm: A | Final: A, VA3100 Visual Culture : Midterm: B | Final: C+,fall 2019, CS 3620 Computer Architecture I : Midterm: B | Final: A, CS 4501 Software Engineering : Midterm: A | Final: A,VA3200 Art Tutorials I : Midterm: A | Final: A,VA3400 Digital Imaging : Midterm: A | Final: B,spring 2020,VA4200 Art Tutorials II : Midterm: A | Final: A, CS 3911 C++in Object Oriented Design : Midterm: A | Final: A-, CS 4550 Database Management Systems : Midterm: B | Final: A, CS 3810  Data Structures & Algorithms : Midterm: A | Final: A,fall 2020, CS 4720 Internet & Web Tech : Midterm: C | Final: B+, CS 4400  Artificial Intelligence : Midterm: A | Final: A, CS 5710 Computer Networks : Midterm: A | Final: A, CS 4705 Intro to Computer Security : Midterm: A | Final: A,606b5915962b7170e065a497,Full Time,700272584,Hiram Baldoni,mkqQ1yvLUt,12/3/1998,002 Vahlen Alley,spring 2021, CS 5910 Systems Design & Implement : Midterm: A | Final: A, CS 5610  Operating Systems : Midterm: A | Final: A, CS 5810  Data Mining : Midterm: A | Final: B, CS 4100 Technical Communications : Midterm: B | Final: B+,,0
amaggiorink@addtoany.com,Industrial and Labor Relations,,,,,,,,,,,,,,,,,,,,,,,,,,,,,,,,,,,,,,,,,,,,,Undergraduate - Sophomore,fall 2019,VA2010 Intro. to Creative Thinking : Midterm: A | Final: A, PE 2650 Intro to U.S. Politics : Midterm: A | Final: B+,,,spring 2020, MA2300 Calculus for Business & Economics : Midterm: A | Final: A, IR 2210 Unions & Management: An Intro : Midterm: A | Final: A,,,fall 2020,HI 3640  African History : Midterm: A | Final: A,HI 3835 Islamic Cultures : Midterm: A | Final: A,,,,,,,,,,,,,,,,,,,,,,,606b5915962b7170e065a498,Part Time,700110255,Andras Maggiori,j8vRknLCfO,4/19/1997,34592 Packers Pass,,,,,,,0
hswinglehurstni@youtube.com,Sociology,,,,,,,,,,,,,,,,,,,,,,,,,,,,,,,,,,,,,,,,,,,,,Undergraduate - Senior,fall 2017,VA2010 Intro. to Creative Thinking: Midterm: A | Final: A, SY2400 Sociology Through the Arts : Midterm: A | Final: B+,,,spring 2018, SY2550 Social Problems: Midterm: A | Final: A, SY2600 Social Deviance: Midterm: A | Final: A,,,fall 2018,HI 3640  African History : Midterm: A | Final: A,HI 3835 Islamic Cultures : Midterm: A | Final: A,,,spring 2019, SY2800 Race: Midterm: B | Final: A, SY3160 Sociology of Culture : Midterm: A | Final: B,,,fall 2019, SY3630 Political Sociology : Midterm: B | Final: A, SY3700 Family and Society : Midterm: A | Final: A,,,spring 2020,VA4200 Art Tutorials II: Midterm: A | Final: A, SY3750 Medical Sociology : Midterm: A | Final: A-,,,fall 2020, SY3910 Sociology of Work : Midterm: C | Final: B+, SY4260 Social Work: Theory and Practice : Midterm: A | Final: A,,,606b5915962b7170e065a499,Part Time,700083997,Hildegaard Swinglehurst,DuaaxRR2je,8/15/1998,70 Rieder Road,,,,,,,0
cbarbynh@smugmug.com,English,,,,,,,,,,,,,,,,,,,,,,,,,,,,,,,,,,,,,,,,,,,,,Graduate,fall 2017,VA2010 Intro. to Creative Thinking : Midterm: A | Final: A, HI1010 World Religions: West : Midterm: A | Final: B+,EL 1000 English Comp I : Exposition : Midterm: A | Final: A,MA 1020 College Algebra : Midterm: A- | Final: A,spring 2018, EL 2239 Horror Literature : Midterm: A | Final: A, 2410  Basic Bio Sciences II : Midterm: A | Final: A, VA2020 Basic Design : Midterm : A | Final: A, EL 3010  Structure & Grammar of English : Midterm : B | Final: A,fall 2018,HI 3640  African History : Midterm: A | Final: A,HI 3835 Islamic Cultures : Midterm: A | Final: A, EL 3500  Lit Across Cultures I:Analysis : Miderm: A | Final: A, HI 3091 African Cultures : Midterm: B | Final: B-,spring 2019, EL 3510  Lit Across Cultures II:Theory : Midterm: B | Final: A, EL 3600 US Literature I : Midterm: A | Final: B, EL 3800 Eng Lit I:Beowulf-18th Century : Midterm: A | Final: A, VA3100 Visual Culture : Midterm: B | Final: C+,fall 2019, EL 3610  US Literature II : Midterm: B | Final: A, EL 3810  Eng Lit II:Romantics - Present : Midterm: A | Final: A,VA3200 Art Tutorials I : Midterm: A | Final: A,VA3400 Digital Imaging : Midterm: A | Final: B,spring 2020,VA4200 Art Tutorials II : Midterm: A | Final: A, EL 3560  Literatures of Europe:Part I : Midterm: A | Final: A-, EL 3950  Creative Non-Fiction : Midterm: B | Final: A, EL 4311 Greek Drama : Midterm: A | Final: A,fall 2020, EL 3561 Literatures of Europe:Part II : Midterm: C | Final: B+, EL 4312 Greek Mythology : Midterm: A | Final: A, EL 4325 Shakespeare: Selected Plays : Midterm: A | Final: A, EL 4400  Critical Theory : Midterm: A | Final: A,606b5915962b7170e065a49a,Full Time,700481916,Cosette Barby,EmavrkIttUTt,4/30/1998,3009 Monica Junction,spring 2021, EL 4402 Sin & Sexuality in Literature : Midterm: A | Final: A, EL 4500 Topics in British/US Lit : Midterm: A | Final: A, EL 4510  Modern Drama & Theatre : Midterm: A | Final: B, SY 5990  Senior Seminar : Midterm: B | Final: B+,,0
sscipseynl@google.co.uk,Childhood Education (1-6),,,,,,,,,,,,,,,,,,,,,,,,,,,,,,,,,,,,,,,,,,,,,Undergraduate - Sophomore,fall 2019,VA2010 Intro. to Creative Thinking : Midterm: A | Final: A, PY2010 Introduction to Psychology : Midterm: A | Final: B+,EL 1000 English Comp I : Exposition : Midterm: A | Final: A,MA 1020 College Algebra : Midterm: A- | Final: A,spring 2020, PY2340 Community Psychology : Midterm: A | Final: A, PY2530 Psychology of Prejudice : Midterm: A | Final: A, VA2020 Basic Design : Midterm : A | Final: A, EL 2239 Horror Literature : Midterm : B | Final: A,fall 2020,HI 3640  African History : Midterm: A | Final: A,HI 3835 Islamic Cultures : Midterm: A | Final: A,EL 3010  Structure & Grammar of English : Miderm: A | Final: A, HI 3091 African Cultures : Midterm: B | Final: B-,,,,,,,,,,,,,,,,,,,,,606b5915962b7170e065a49b,Full Time,700740518,Sigmund Scipsey,kKU1CIfTE9ZC,11/4/1997,7159 Morrow Drive,,,,,,,0
vlowisnm@netlog.com,Sociology,,,,,,,,,,,,,,,,,,,,,,,,,,,,,,,,,,,,,,,,,,,,,Undergraduate - Sophomore,fall 2019,VA2010 Intro. to Creative Thinking: Midterm: A | Final: A, SY2400 Sociology Through the Arts : Midterm: A | Final: B+,,,spring 2020, SY2550 Social Problems: Midterm: A | Final: A, SY2600 Social Deviance: Midterm: A | Final: A,,,fall 2020,HI 3640  African History : Midterm: A | Final: A,HI 3835 Islamic Cultures : Midterm: A | Final: A,,,,,,,,,,,,,,,,,,,,,,,606b5915962b7170e065a49c,Part Time,700056215,Venita Lowis,3tAeTPHVM,11/5/1995,21 Eagle Crest Trail,,,,,,,0
gwormsnj@stumbleupon.com,Computer & Information Science,,,,,,,,,,,,,,,,,,,,,,,,,,,,,,,,,,,,,,,,,,,,,Undergraduate - Senior,fall 2017,VA2010 Intro. to Creative Thinking: Midterm: A | Final: A,CS 2510 Computer Programming I : Midterm: A | Final: B+,,,spring 2018, CS 2511 Computer Programming II: Midterm: A | Final: A, MA2310 Calculus and Analytic Geometry I: Midterm: A | Final: A,,,fall 2018,HI 3640  African History : Midterm: A | Final: A,HI 3835 Islamic Cultures : Midterm: A | Final: A,,,spring 2019, CS 3620 Computer Architecture I: Midterm: B | Final: A, CS 3810  Data Structures & Algorithms : Midterm: A | Final: B,,,fall 2019, MA 3210  Intro to Prob & Statistics : Midterm: B | Final: A, CS 4501 Software Engineering : Midterm: A | Final: A,,,spring 2020,VA4200 Art Tutorials II: Midterm: A | Final: A, CS 4550 Database Management Systems : Midterm: A | Final: A-,,,fall 2020, CS 4400  Artificial Intelligence : Midterm: C | Final: B+, CS 4705 Intro to Computer Security : Midterm: A | Final: A,,,606b5915962b7170e065a49d,Part Time,700125902,Giorgio Worms,cmvH07s,6/25/1996,34 Fordem Road,,,,,,,0
dfroomenn@cdc.gov,Childhood Education (1-6),,,,,,,,,,,,,,,,,,,,,,,,,,,,,,,,,,,,,,,,,,,,,Undergraduate - Sophomore,fall 2019,VA2010 Intro. to Creative Thinking : Midterm: A | Final: A, PY2010 Introduction to Psychology : Midterm: A | Final: B+,EL 1000 English Comp I : Exposition : Midterm: A | Final: A,MA 1020 College Algebra : Midterm: A- | Final: A,spring 2020, PY2340 Community Psychology : Midterm: A | Final: A, PY2530 Psychology of Prejudice : Midterm: A | Final: A, VA2020 Basic Design : Midterm : A | Final: A, EL 2239 Horror Literature : Midterm : B | Final: A,fall 2020,HI 3640  African History : Midterm: A | Final: A,HI 3835 Islamic Cultures : Midterm: A | Final: A,EL 3010  Structure & Grammar of English : Miderm: A | Final: A, HI 3091 African Cultures : Midterm: B | Final: B-,,,,,,,,,,,,,,,,,,,,,606b5915962b7170e065a49e,Full Time,700035109,Dallon Froome,GOsFOWsOso,4/25/1996,7 8th Avenue,,,,,,,0
harkinnq@webnode.com,Mathematics,,,,,,,,,,,,,,,,,,,,,,,,,,,,,,,,,,,,,,,,,,,,,Undergraduate - Freshman,,,,,,,,,,,,,,,,,,,,,,,,,,,,,,,,,,,,606b5915962b7170e065a49f,Part Time,700118370,Hilde Arkin,OY3kRbO,3/15/1998,7 Golf View Alley,,,,,,,0
digguldennp@statcounter.com,Politics & Economics & Law,,,,,,,,,,,,,,,,,,,,,,,,,,,,,,,,,,,,,,,,,,,,,Undergraduate - Senior,fall 2017,VA2010 Intro. to Creative Thinking : Midterm: A | Final: A, PE2300 Introduction to Law : Midterm: A | Final: B+,EL 1000 English Comp I : Exposition : Midterm: A | Final: A,MA 1020 College Algebra : Midterm: A- | Final: A,spring 2018, PE2650 Introduction to U.S. Politics : Midterm: A | Final: A, IR2210 Unions and Management: An Introduction : Midterm: A | Final: A, VA2020 Basic Design : Midterm : A | Final: A, EL 2239 Horror Literature : Midterm : B | Final: A,fall 2018,HI 3640  African History : Midterm: A | Final: A,HI 3835 Islamic Cultures : Midterm: A | Final: A,EL 3010  Structure & Grammar of English : Miderm: A | Final: A, HI 3091 African Cultures : Midterm: B | Final: B-,spring 2019, PE2220 Introduction to Urban Issues : Midterm: B | Final: A, PE2400 Introduction to Political Economy : Midterm: A | Final: B, IR 3140 Unions & Public Policy: Midterm: A | Final: A, VA3100 Visual Culture : Midterm: B | Final: C+,fall 2019, IR 3300 CollectiveBarg & GrievanceProc : Midterm: B | Final: A, PE3100 International Relations : Midterm: A | Final: A,VA3200 Art Tutorials I : Midterm: A | Final: A,VA3400 Digital Imaging : Midterm: A | Final: B,spring 2020,VA4200 Art Tutorials II : Midterm: A | Final: A, BU3600 Principles Business Law : Midterm: A | Final: A-, IR 3415 Labor Economics : Midterm: B | Final: A, IR 3860 Development of the Modern Corp : Midterm: A | Final: A,fall 2020, PE4320 Jurisprudence: Legal Thought : Midterm: C | Final: B+, PE4470 History of Economic Thought : Midterm: A | Final: A, PE4620 Political and Social Thought : Midterm: A | Final: A, PE4580 Origins of the Capitalist Economy : Midterm: A | Final: A,606b5915962b7170e065a4a0,Full Time,700741041,Doy Iggulden,0gDwPZsA,11/24/1995,37791 Sachtjen Junction,,,,,,,0
cnimmono@paypal.com,Management Information Systems,,,,,,,,,,,,,,,,,,,,,,,,,,,,,,,,,,,,,,,,,,,,,Undergraduate - Senior,fall 2017,VA2010 Intro. to Creative Thinking : Midterm: A | Final: A, CS 2510 Computer Programming I : Midterm: A | Final: B+,EL 1000 English Comp I : Exposition : Midterm: A | Final: A,MA 1020 College Algebra : Midterm: A- | Final: A,spring 2018, CS 2511 Computer Programming II : Midterm: A | Final: A, MA2000 Applied Statistics : Midterm: A | Final: A, VA2020 Basic Design : Midterm : A | Final: A, EL 2239 Horror Literature : Midterm : B | Final: A,fall 2018,HI 3640  African History : Midterm: A | Final: A,HI 3835 Islamic Cultures : Midterm : A | Final: A,EL 3010  Structure & Grammar of English : Miderm: A | Final: A, HI 3091 African Cultures : Midterm: B | Final: B-,spring 2019, CS 3611 Advanced C# : Midterm: B | Final: A, BU 3800 Marketing: Principles&Concepts : Midterm: A | Final: B, BU3010 Information Systems for Managers : Midterm: A | Final: A, VA3100 Visual Culture : Midterm: B | Final: C+,fall 2019, CS 3620 Computer Architecture I : Midterm: B | Final: A, CS 4501 Software Engineering : Midterm: A | Final: A,VA3200 Art Tutorials I : Midterm: A | Final: A,VA3400 Digital Imaging : Midterm: A | Final: B,spring 2020,VA4200 Art Tutorials II : Midterm: A | Final: A, CS 3911 C++in Object Oriented Design : Midterm: A | Final: A-, CS 4550 Database Management Systems : Midterm: B | Final: A, CS 3810  Data Structures & Algorithms : Midterm: A | Final: A,fall 2020, CS 4720 Internet & Web Tech : Midterm: C | Final: B+, CS 4400  Artificial Intelligence : Midterm: A | Final: A, CS 5710 Computer Networks : Midterm: A | Final: A, CS 4705 Intro to Computer Security : Midterm: A | Final: A,606b5915962b7170e065a4a1,Full Time,700845042,Caty Nimmo,1J1aIHqj0teC,2/22/1995,1459 Magdeline Street,,,,,,,0
bparringtonnu@tmall.com,Sociology,,,,,,,,,,,,,,,,,,,,,,,,,,,,,,,,,,,,,,,,,,,,,Undergraduate - Sophomore,fall 2019,VA2010 Intro. to Creative Thinking: Midterm: A | Final: A, SY2400 Sociology Through the Arts : Midterm: A | Final: B+,EL 1000 English Comp I: Exposition: Midterm: A | Final: A,MA 1020 College Algebra: Midterm: A- | Final: A,spring 2020, SY2550 Social Problems: Midterm: A | Final: A, SY2600 Social Deviance: Midterm: A | Final: A, VA2020 Basic Design : Midterm: A | Final: A, EL 2239 Horror Literature : Midterm: B | Final: A,fall 2020,HI 3640  African History : Midterm: A | Final: A,HI 3835 Islamic Cultures : Midterm: A | Final: A,EL 3010  Structure & Grammar of English : Miderm: A | Final: A, HI 3091 African Cultures: Midterm: B | Final: B-,,,,,,,,,,,,,,,,,,,,,606b5915962b7170e065a4a2,Full Time,700078497,Bambi Parrington,3VpmQLC,10/6/1997,75 Acker Way,,,,,,,0
sparramnr@senate.gov,Adolescence Education: Mathematics (7-12),,,,,,,,,,,,,,,,,,,,,,,,,,,,,,,,,,,,,,,,,,,,,Undergraduate - Freshman,,,,,,,,,,,,,,,,,,,,,,,,,,,,,,,,,,,,606b5915962b7170e065a4a3,Part Time,700816150,Shirlee Parram,fWRgkQPCK4K,1/26/1997,65 Ridge Oak Center,,,,,,,0
sschumacherns@hud.gov,Criminology,,,,,,,,,,,,,,,,,,,,,,,,,,,,,,,,,,,,,,,,,,,,,Undergraduate - Junior,fall 2018,VA2010 Intro. to Creative Thinking : Midterm: A | Final: A, SY 1500  Intro Sociology : Midterm: A | Final: B+,,,spring 2019, CR 1500 Intro to Criminology : Midterm: A | Final: A, CR 2090  Juvenile Delinquency : Midterm: A | Final: A,,,fall 2019,HI 3640  African History : Midterm: A | Final: A,HI 3835 Islamic Cultures : Midterm: A | Final: A,,,spring 2020, PY2010 Introduction to Psychology : Midterm: B | Final: A, SY 2600  Social Deviance : Midterm: A | Final: B,,,fall 2020, CR 3093  Criminal Justice Admin : Midterm: B | Final: A, CR 3094 Drugs and Society : Midterm: A | Final: A,,,,,,,,,,,,,606b5915962b7170e065a4a4,Part Time,700021543,Skelly Schumacher,J74RS166du,10/2/1997,6961 Arrowood Junction,,,,,,,0
nruncienw@admin.ch,Visual Arts: Electronic Media,,,,,,,,,,,,,,,,,,,,,,,,,,,,,,,,,,,,,,,,,,,,,Undergraduate - Freshman,,,,,,,,,,,,,,,,,,,,,,,,,,,,,,,,,,,,606b5915962b7170e065a4a5,Full Time,700824140,Nickolas Runcie,7gGeJS,11/5/1997,2307 Mifflin Drive,,,,,,,0
jportmannt@opensource.org,Biological Sciences,,,,,,,,,,,,,,,,,,,,,,,,,,,,,,,,,,,,,,,,,,,,,Undergraduate - Senior,fall 2017,VA2010 Intro. to Creative Thinking : Midterm: A | Final: A, BS2490 Environmental Science : Midterm: A | Final: B+,EL 1000 English Comp I : Exposition : Midterm: A | Final: A,MA 1020 College Algebra : Midterm: A- | Final: A,spring 2018, BS3400 Vertebrate Physiology : Midterm: A | Final: A, BS3450 Plant Biology : Midterm: A | Final: A, VA2020 Basic Design : Midterm : A | Final: A, EL 2239 Horror Literature : Midterm : B | Final: A,fall 2018,HI 3640  African History : Midterm: A | Final: A,HI 3835 Islamic Cultures : Midterm: A | Final: A,EL 3010  Structure & Grammar of English : Miderm: A | Final: A, HI 3091 African Cultures : Midterm: B | Final: B-,spring 2019, BS3510 Parasitology : Midterm: B | Final: A, BS3531 Comparative Genomics Lab : Midterm: A | Final: B, BS3530 Comparative Genomics : Midterm: A | Final: A, VA3100 Visual Culture : Midterm: B | Final: C+,fall 2019, BS3520 Comparative Anatomy : Midterm: B | Final: A, BS3710 Environmental Physiology : Midterm: A | Final: A,VA3200 Art Tutorials I : Midterm: A | Final: A,VA3400 Digital Imaging : Midterm: A | Final: B,spring 2020,VA4200 Art Tutorials II : Midterm: A | Final: A, BS3810  Biological Aspects of Aging : Midterm: A | Final: A-, BS4400 Cell Biology : Midterm: B | Final: A, BS4460 Genetics : Midterm: A | Final: A,fall 2020, BS4440 Evolution : Midterm: C | Final: B+, BS4410  Histology : Midterm: A | Final: A, BS4420  Microbiology : Midterm: A | Final: A, BS4430  Developmental Biology : Midterm: A | Final: A,606b5915962b7170e065a4a6,Full Time,700753569,Jonie Portman,jydnVZe,4/9/1995,8 Sutherland Avenue,,,,,,,0
eboothbynx@biglobe.ne.jp,History,,,,,,,,,,,,,,,,,,,,,,,,,,,,,,,,,,,,,,,,,,,,,Undergraduate - Freshman,,,,,,,,,,,,,,,,,,,,,,,,,,,,,,,,,,,,606b5915962b7170e065a4a7,Part Time,700143979,Emelita Boothby,JbBeCRRU5u,1/1/1998,9 Hayes Circle,,,,,,,0
tmoulesny@homestead.com,Management Information Systems,,,,,,,,,,,,,,,,,,,,,,,,,,,,,,,,,,,,,,,,,,,,,Undergraduate - Sophomore,fall 2019,VA2010 Intro. to Creative Thinking : Midterm: A | Final: A, CS 2510 Computer Programming I : Midterm: A | Final: B+,,,spring 2020, CS 2511 Computer Programming II : Midterm: A | Final: A, MA2000 Applied Statistics : Midterm: A | Final: A,,,fall 2020,HI 3640  African History : Midterm: A | Final: A,HI 3835 Islamic Cultures : Midterm : A | Final: A,,,,,,,,,,,,,,,,,,,,,,,606b5915962b7170e065a4a8,Part Time,700226385,Theodore Moules,E1RqCoYkL,2/13/1997,2946 Laurel Avenue,,,,,,,0
aflattmannv@gmpg.org,Politics & Economics & Law,,,,,,,,,,,,,,,,,,,,,,,,,,,,,,,,,,,,,,,,,,,,,Graduate,fall 2017,VA2010 Intro. to Creative Thinking : Midterm: A | Final: A, PE2300 Introduction to Law : Midterm: A | Final: B+,EL 1000 English Comp I : Exposition : Midterm: A | Final: A,MA 1020 College Algebra : Midterm: A- | Final: A,spring 2018, PE2650 Introduction to U.S. Politics : Midterm: A | Final: A, IR2210 Unions and Management: An Introduction : Midterm: A | Final: A, VA2020 Basic Design : Midterm : A | Final: A, EL 2239 Horror Literature : Midterm : B | Final: A,fall 2018,HI 3640  African History : Midterm: A | Final: A,HI 3835 Islamic Cultures : Midterm: A | Final: A,EL 3010  Structure & Grammar of English : Miderm: A | Final: A, HI 3091 African Cultures : Midterm: B | Final: B-,spring 2019, PE2220 Introduction to Urban Issues : Midterm: B | Final: A, PE2400 Introduction to Political Economy : Midterm: A | Final: B, IR 3140 Unions & Public Policy: Midterm: A | Final: A, VA3100 Visual Culture : Midterm: B | Final: C+,fall 2019, IR 3300 CollectiveBarg & GrievanceProc : Midterm: B | Final: A, PE3100 International Relations : Midterm: A | Final: A,VA3200 Art Tutorials I : Midterm: A | Final: A,VA3400 Digital Imaging : Midterm: A | Final: B,spring 2020,VA4200 Art Tutorials II : Midterm: A | Final: A, BU3600 Principles Business Law : Midterm: A | Final: A-, IR 3415 Labor Economics : Midterm: B | Final: A, IR 3860 Development of the Modern Corp : Midterm: A | Final: A,fall 2020, PE4320 Jurisprudence: Legal Thought : Midterm: C | Final: B+, PE4470 History of Economic Thought : Midterm: A | Final: A, PE4620 Political and Social Thought : Midterm: A | Final: A, PE4580 Origins of the Capitalist Economy : Midterm: A | Final: A,606b5915962b7170e065a4a9,Full Time,700619846,Ally Flattman,RC8pCgKZruSk,6/7/1996,709 Texas Lane,spring 2021, PE4590 Global Economy in the 20th Century : Midterm: A | Final: A, IR 4320 Labor & Employment Law : Midterm: A | Final: A, BU 5125  Business Ethics : Midterm: A | Final: B, BU5841 Strategic Marketing : Midterm: B | Final: B+,,0
bcastreenz@nydailynews.com,Business Administration,,,,,,,,,,,,,,,,,,,,,,,,,,,,,,,,,,,,,,,,,,,,,Graduate,fall 2017,VA2010 Intro. to Creative Thinking : Midterm: A | Final: A, AS 2112 American People I : Midterm: A | Final: B+,EL 1000 English Comp I : Exposition : Midterm: A | Final: A,MA 1020 College Algebra : Midterm: A- | Final: A,spring 2018, AS 2122 American People II : Midterm: A | Final: A, MA 2300 Calc/Business & Economics : Midterm: A | Final: A, VA2020 Basic Design : Midterm : A | Final: A, EL 2239 Horror Literature : Midterm : B | Final: A,fall 2018,HI 3640  African History : Midterm: A | Final: A,HI 3835 Islamic Cultures : Midterm : A | Final: A,EL 3010  Structure & Grammar of English : Miderm: A | Final: A, HI 3091 African Cultures : Midterm: B | Final: B-,spring 2019, BU 3010 Information Systems for Managers : Midterm: B | Final: A, BU 3502 Principles of Accounting I : Midterm: A | Final: B, BU3600 Principles Business Law : Midterm: A | Final: A, VA3100 Visual Culture : Midterm: B | Final: C+,fall 2019, BU 3511 Principles of Accounting II : Midterm: B | Final: A, BU3905 Business Communication : Midterm: A | Final: A,VA3200 Art Tutorials I : Midterm: A | Final: A,VA3400 Digital Imaging : Midterm: A | Final: B,spring 2020,VA4200 Art Tutorials II : Midterm: A | Final: A, BU 4110 Organizational Behavior & Mgmt : Midterm: A | Final: A-, BU 4120  Global Business : Midterm: B | Final: A, BU 4035 Web Sys & Electronic Commerce : Midterm: A | Final: A,fall 2020, BU 4130 Entrepreneurship : Midterm: C | Final: B+, BU4820 International Marketing : Midterm: A | Final: A, BU4851 Consumer Behavior : Midterm: A | Final: A, BU3800 Marketing: Principles & Concepts : Midterm: A | Final: A,606b5915962b7170e065a4aa,Full Time,700225966,Brendin Castree,5qDA7E4nn9fC,7/10/1997,4 Ridgeway Circle,spring 2021, BU 5196 Leadership : Midterm: A | Final: A, BU 5171 Human Resource Management : Midterm: A | Final: A, BU5841 Strategic Marketing : Midterm: A | Final: B, BU 5195 Management Seminar : Midterm: B | Final: B+,,0
rpooreo0@twitpic.com,Management Information Systems,,,,,,,,,,,,,,,,,,,,,,,,,,,,,,,,,,,,,,,,,,,,,Undergraduate - Junior,fall 2018,VA2010 Intro. to Creative Thinking : Midterm: A | Final: A, CS 2510 Computer Programming I : Midterm: A | Final: B+,EL 1000 English Comp I : Exposition : Midterm: A | Final: A,MA 1020 College Algebra : Midterm: A- | Final: A,spring 2019, CS 2511 Computer Programming II : Midterm: A | Final: A, MA2000 Applied Statistics : Midterm: A | Final: A, VA2020 Basic Design : Midterm : A | Final: A, EL 2239 Horror Literature : Midterm : B | Final: A,fall 2019,HI 3640  African History : Midterm: A | Final: A,HI 3835 Islamic Cultures : Midterm : A | Final: A,EL 3010  Structure & Grammar of English : Miderm: A | Final: A, HI 3091 African Cultures : Midterm: B | Final: B-,spring 2020, CS 3611 Advanced C# : Midterm: B | Final: A, BU 3800 Marketing: Principles&Concepts : Midterm: A | Final: B, BU3010 Information Systems for Managers : Midterm: A | Final: A, VA3100 Visual Culture : Midterm: B | Final: C+,fall 2020, CS 3620 Computer Architecture I : Midterm: B | Final: A, CS 4501 Software Engineering : Midterm: A | Final: A,VA3200 Art Tutorials I : Midterm: A | Final: A,VA3400 Digital Imaging : Midterm: A | Final: B,,,,,,,,,,,606b5915962b7170e065a4ab,Full Time,700435550,Rodney Poore,3wcwEig3zx,4/14/1995,1716 Harper Lane,,,,,,,0
hstrobando1@sogou.com,Industrial and Labor Relations,,,,,,,,,,,,,,,,,,,,,,,,,,,,,,,,,,,,,,,,,,,,,Undergraduate - Senior,fall 2017,VA2010 Intro. to Creative Thinking : Midterm: A | Final: A, PE 2650 Intro to U.S. Politics : Midterm: A | Final: B+,,,spring 2018, MA2300 Calculus for Business & Economics : Midterm: A | Final: A, IR 2210 Unions & Management: An Intro : Midterm: A | Final: A,,,fall 2018,HI 3640  African History : Midterm: A | Final: A,HI 3835 Islamic Cultures : Midterm: A | Final: A,,,spring 2019, PE 2300 Introduction to Law : Midterm: B | Final: A, IR 3140 Unions & Public Policy : Midterm: A | Final: B,,,fall 2019, IR 3330 Women : Midterm: B | Final: A, IR 3415 Labor Economics : Midterm: A | Final: A,,,spring 2020,VA4200 Art Tutorials II : Midterm: A | Final: A, IR 3860 Development of the Modern Corp : Midterm: A | Final: A-,,,fall 2020, IR 3500 Arbitration & Mediation : Midterm: C | Final: B+, IR 4320 Labor & Employment Law : Midterm: A | Final: A,,,606b5915962b7170e065a4ac,Part Time,700357938,Harley Stroband,g51i03Qdbs,1/12/1996,66 Blue Bill Park Circle,,,,,,,0
ssammso3@fema.gov,Business Administration,,,,,,,,,,,,,,,,,,,,,,,,,,,,,,,,,,,,,,,,,,,,,Undergraduate - Junior,fall 2018,VA2010 Intro. to Creative Thinking : Midterm: A | Final: A, AS 2112 American People I : Midterm: A | Final: B+,EL 1000 English Comp I : Exposition : Midterm: A | Final: A,MA 1020 College Algebra : Midterm: A- | Final: A,spring 2019, AS 2122 American People II : Midterm: A | Final: A, MA 2300 Calc/Business & Economics : Midterm: A | Final: A, VA2020 Basic Design : Midterm : A | Final: A, EL 2239 Horror Literature : Midterm : B | Final: A,fall 2019,HI 3640  African History : Midterm: A | Final: A,HI 3835 Islamic Cultures : Midterm : A | Final: A,EL 3010  Structure & Grammar of English : Miderm: A | Final: A, HI 3091 African Cultures : Midterm: B | Final: B-,spring 2020, BU 3010 Information Systems for Managers : Midterm: B | Final: A, BU 3502 Principles of Accounting I : Midterm: A | Final: B, BU3600 Principles Business Law : Midterm: A | Final: A, VA3100 Visual Culture : Midterm: B | Final: C+,fall 2020, BU 3511 Principles of Accounting II : Midterm: B | Final: A, BU3905 Business Communication : Midterm: A | Final: A,VA3200 Art Tutorials I : Midterm: A | Final: A,VA3400 Digital Imaging : Midterm: A | Final: B,,,,,,,,,,,606b5915962b7170e065a4ad,Full Time,700429399,Sean Samms,Nt0JMjW,9/25/1997,0021 Drewry Hill,,,,,,,0
glukovico6@csmonitor.com,Sociology,,,,,,,,,,,,,,,,,,,,,,,,,,,,,,,,,,,,,,,,,,,,,Undergraduate - Freshman,,,,,,,,,,,,,,,,,,,,,,,,,,,,,,,,,,,,606b5915962b7170e065a4ae,Full Time,700978184,Gal Lukovic,nz4dEB38ZCSu,1/14/1998,7477 Pawling Place,,,,,,,0
itassello5@wsj.com,Sociology,,,,,,,,,,,,,,,,,,,,,,,,,,,,,,,,,,,,,,,,,,,,,Undergraduate - Freshman,,,,,,,,,,,,,,,,,,,,,,,,,,,,,,,,,,,,606b5915962b7170e065a4af,Full Time,700165009,Isidro Tassell,XdM0cG,2/16/1998,26 Dorton Circle,,,,,,,0
swagero4@mashable.com,Mathematics,,,,,,,,,,,,,,,,,,,,,,,,,,,,,,,,,,,,,,,,,,,,,Undergraduate - Senior,fall 2017,VA2010 Intro. to Creative Thinking : Midterm: A | Final: A, MA2310 Calculus and Analytic Geometry I : Midterm: A | Final: B+,,,spring 2018, MA2320 Calculus and Analytic Geometry II : Midterm: A | Final: A, CS2511 Computer Programming II : Midterm: A | Final: A,,,fall 2018,HI 3640  African History : Midterm: A | Final: A,HI 3835 Islamic Cultures : Midterm: A | Final: A,,,spring 2019, MA3030 Discrete Mathematics : Midterm: B | Final: A, MA3160 Linear Algebra : Midterm : A | Final: B,,,fall 2019, MA3330 Calculus and Analytic Geometry III : Midterm: B | Final: A, MA3520 Transition to Advanced Mathematics : Midterm: A | Final: A,,,spring 2020,VA4200 Art Tutorials II : Midterm: A | Final: A, MA4360 Differential Equations : Midterm: A | Final: A-,,,fall 2020, MA4510 Geometry : Midterm: C | Final: B+, MA4910 Operations Research I : Midterm: A | Final: A,,,606b5915962b7170e065a4b0,Part Time,700990344,Sorcha Wager,9aDKcwzKa,4/28/1998,81902 Boyd Place,,,,,,,0
fskatchero7@cbsnews.com,Visual Arts: Electronic Media,,,,,,,,,,,,,,,,,,,,,,,,,,,,,,,,,,,,,,,,,,,,,Undergraduate - Freshman,,,,,,,,,,,,,,,,,,,,,,,,,,,,,,,,,,,,606b5915962b7170e065a4b1,Full Time,700736574,Fabio Skatcher,qCvz13lLGF,8/25/1996,403 Lakewood Park,,,,,,,0
smccombeo8@infoseek.co.jp,Politics & Economics & Law,,,,,,,,,,,,,,,,,,,,,,,,,,,,,,,,,,,,,,,,,,,,,Undergraduate - Freshman,,,,,,,,,,,,,,,,,,,,,,,,,,,,,,,,,,,,606b5915962b7170e065a4b2,Full Time,700204207,Sargent McCombe,GuNoTgO,8/4/1996,29236 Boyd Lane,,,,,,,0
ejelkeso2@about.me,Psychology,,,,,,,,,,,,,,,,,,,,,,,,,,,,,,,,,,,,,,,,,,,,,Graduate,fall 2017,VA2010 Intro. to Creative Thinking: Midterm: A | Final: A, PY2010 Introduction to Psychology : Midterm: A | Final: B+,EL 1000 English Comp I: Exposition: Midterm: A | Final: A,MA 1020 College Algebra: Midterm: A- | Final: A,spring 2018, PY2530 Psychology of Prejudice : Midterm: A | Final: A, PY2720 Psychology of Gender: Midterm: A | Final: A, VA2020 Basic Design : Midterm: A | Final: A, EL 2239 Horror Literature : Midterm: B | Final: A,fall 2018,HI 3640  African History : Midterm: A | Final: A,HI 3835 Islamic Cultures : Midterm: A | Final: A,EL 3010  Structure & Grammar of English : Miderm: A | Final: A, HI 3091 African Cultures: Midterm: B | Final: B-,spring 2019, PY3110 Research Methods I: (Orientation): Midterm: B | Final: A, PY2340 Community Psychology : Midterm: A | Final: B, PY3420 Learning & Motivation : Midterm: A | Final: A, VA3100 Visual Culture: Midterm: B | Final: C+,fall 2019, PY3120 Research Methods II: (Statistics) : Midterm: B | Final: A, PY3610 Brain & Behavior: A | Final: A,VA3200 Art Tutorials I: Midterm: A | Final: A,VA3400 Digital Imaging : Midterm: A | Final: B,spring 2020,VA4200 Art Tutorials II: Midterm: A | Final: A, PY4100 Research Methods III (Advanced Research Skills) : Midterm: A | Final: A-, PY3620 Drugs & Behavior : Midterm: B | Final: A, PY3215 Foundations of Child Development : Midterm: A | Final: A,fall 2020, PY4130 Field Experience and Research : Midterm: C | Final: B+, PY3310 Abnormal Human Behavior : Midterm: A | Final: A, PY3311 Theories of Personality : Midterm: A | Final: A, PY3410 Cognitive Psychology: Midterm: A | Final: A,606b5915962b7170e065a4b3,Full Time,700710228,Elsy Jelkes,NYtPXOO0D4hG,7/17/1998,2 Prairieview Park,spring 2021, PH 3610 Intro.-U.S.Health Care System : Midterm: A | Final: A, PH 3600  Social Determinants of Health : Midterm: A | Final: A, PY3710 Psychology & Social Justice : Midterm: A | Final: B, PH 5900 Research Methods : Midterm: B | Final: B+,,0
dgaylordoa@zimbio.com,Psychology,,,,,,,,,,,,,,,,,,,,,,,,,,,,,,,,,,,,,,,,,,,,,Undergraduate - Junior,fall 2018,VA2010 Intro. to Creative Thinking: Midterm: A | Final: A, PY2010 Introduction to Psychology : Midterm: A | Final: B+,,,spring 2019, PY2530 Psychology of Prejudice : Midterm: A | Final: A, PY2720 Psychology of Gender: Midterm: A | Final: A,,,fall 2019,HI 3640  African History : Midterm: A | Final: A,HI 3835 Islamic Cultures : Midterm: A | Final: A,,,spring 2020, PY3110 Research Methods I: (Orientation): Midterm: B | Final: A, PY2340 Community Psychology : Midterm: A | Final: B,,,fall 2020, PY3120 Research Methods II: (Statistics) : Midterm: B | Final: A, PY3610 Brain & Behavior: A | Final: A,,,,,,,,,,,,,606b5915962b7170e065a4b4,Part Time,700820943,Darb Gaylord,sDwB2g,10/1/1995,81471 Macpherson Court,,,,,,,0
ktollmacheob@fotki.com,Sociology,,,,,,,,,,,,,,,,,,,,,,,,,,,,,,,,,,,,,,,,,,,,,Undergraduate - Freshman,,,,,,,,,,,,,,,,,,,,,,,,,,,,,,,,,,,,606b5915962b7170e065a4b5,Part Time,700964396,Kennedy Tollmache,wKiTlDXusvbc,5/31/1995,51 7th Lane,,,,,,,0
sbruteo9@wikimedia.org,Spanish Language,,,,,,,,,,,,,,,,,,,,,,,,,,,,,,,,,,,,,,,,,,,,,Graduate,fall 2017,VA2010 Intro. to Creative Thinking : Midterm: A | Final: A, ML2100 Intermediate Spanish Conversation I : Midterm: A | Final: B+,EL 1000 English Comp I : Exposition : Midterm: A | Final: A,MA 1020 College Algebra : Midterm: A- | Final: A,spring 2018, ML2110 Intermediate Spanish Conversation II : Midterm: A | Final: A, ML3100 Advanced Spanish Conversation and Composition : Midterm: A | Final: A, VA2020 Basic Design : Midterm : A | Final: A, EL 2239 Horror Literature : Midterm : B | Final: A,fall 2018,HI 3640  African History : Midterm: A | Final: A,HI 3835 Islamic Cultures : Midterm : A | Final: A,EL 3010  Structure & Grammar of English : Miderm: A | Final: A, HI 3091 African Cultures : Midterm: B | Final: B-,spring 2019, ML3362 Advanced Spanish Grammar and Composition : Midterm: B | Final: A, ML3200 Translation Workshop : Midterm: A | Final: B, ML3250 Spanish Linguistics : Midterm: A | Final: A, VA3100 Visual Culture : Midterm: B | Final: C+,fall 2019, ML3260 Spanish Linguistics: Universals of Grammar : Midterm: B | Final: A, ML3500 Critical Writing and Textual Analysis : Midterm: A | Final: A,VA3200 Art Tutorials I : Midterm: A | Final: A,VA3400 Digital Imaging : Midterm: A | Final: B,spring 2020,VA4200 Art Tutorials II : Midterm: A | Final: A, ML3300 Artistic Expressions of Spain : Midterm: A | Final: A-, ML3310 Topics in Hispanic Cultural Studies : Midterm: B | Final: A, ML3410 Latino/a Writers in the US : Midterm: A | Final: A,fall 2020, ML3650 Latin American Cinema : Midterm: C | Final: B+, ML4100 The Spanish Golden Age : Midterm: A | Final: A, ML3880 Masterpieces of Hispanic Literature : Midterm: A | Final: A, ML4500 Culture and Literature of Spain from the Middle Ages to the 18th century : Midterm: A | Final: A,606b5915962b7170e065a4b6,Full Time,700654054,Sabine Brute,GccNHdGh5TmJ,8/24/1995,3 Atwood Hill,spring 2021, ML4510 Civilization and Culture of Spain : Midterm: A | Final: A, ML4325 Contemporary Theatre of the Hispanic World : Midterm: A | Final: A, ML4350 Recurrent Themes in Latin American Painting and Literature : Midterm: A | Final: B, ML4450 Hispanic Women Writers : Midterm: B | Final: B+,,0
kpostinsod@dion.ne.jp,Media and Communications,,,,,,,,,,,,,,,,,,,,,,,,,,,,,,,,,,,,,,,,,,,,,Undergraduate - Junior,fall 2018,VA2010 Intro. to Creative Thinking : Midterm: A | Final: A, AS2020 New Media CE : Midterm: A | Final: B+,,,spring 2019, AS2652 Media Studies : Midterm: A | Final: A, AS2700 The Engaged Eye : Midterm: A | Final: A,,,fall 2019,HI 3640  African History : Midterm: A | Final: A,HI 3835 Islamic Cultures : Midterm : A | Final: A,,,spring 2020, AS3310 From Citizen to Consumer : Midterm: B | Final: A, AS3632 History of U.S. Film : Midterm: A | Final: B,,,fall 2020, AS3722 History of Mass Media : Midterm: B | Final: A, AS3732 Politics of Media & Inst : Midterm: A | Final: A,,,,,,,,,,,,,606b5915962b7170e065a4b7,Part Time,700845368,Kiley Postins,ytQbb9QhNNK,11/13/1997,14120 Browning Lane,,,,,,,0
hbowermanof@eepurl.com,Politics & Economics & Law,,,,,,,,,,,,,,,,,,,,,,,,,,,,,,,,,,,,,,,,,,,,,Undergraduate - Freshman,,,,,,,,,,,,,,,,,,,,,,,,,,,,,,,,,,,,606b5915962b7170e065a4b8,Part Time,700699630,Harri Bowerman,Pd4cFTEEX3,3/15/1995,88253 Mcbride Alley,,,,,,,0
bklaggesoc@hostgator.com,Sociology,,,,,,,,,,,,,,,,,,,,,,,,,,,,,,,,,,,,,,,,,,,,,Undergraduate - Junior,fall 2018,VA2010 Intro. to Creative Thinking: Midterm: A | Final: A, SY2400 Sociology Through the Arts : Midterm: A | Final: B+,EL 1000 English Comp I: Exposition: Midterm: A | Final: A,MA 1020 College Algebra: Midterm: A- | Final: A,spring 2019, SY2550 Social Problems: Midterm: A | Final: A, SY2600 Social Deviance: Midterm: A | Final: A, VA2020 Basic Design : Midterm: A | Final: A, EL 2239 Horror Literature : Midterm: B | Final: A,fall 2019,HI 3640  African History : Midterm: A | Final: A,HI 3835 Islamic Cultures : Midterm: A | Final: A,EL 3010  Structure & Grammar of English : Miderm: A | Final: A, HI 3091 African Cultures: Midterm: B | Final: B-,spring 2020, SY2800 Race: Midterm: B | Final: A, SY3160 Sociology of Culture : Midterm: A | Final: B, SY3280 Social Inequality : Midterm: A | Final: A, VA3100 Visual Culture: Midterm: B | Final: C+,fall 2020, SY3630 Political Sociology : Midterm: B | Final: A, SY3700 Family and Society : Midterm: A | Final: A,VA3200 Art Tutorials I: Midterm: A | Final: A,VA3400 Digital Imaging : Midterm: A | Final: B,,,,,,,,,,,606b5915962b7170e065a4b9,Full Time,700174930,Bibbye Klagges,Nuak3nT,8/14/1998,90 Gulseth Park,,,,,,,0
hmarrionoh@google.ca,Industrial and Labor Relations,,,,,,,,,,,,,,,,,,,,,,,,,,,,,,,,,,,,,,,,,,,,,Undergraduate - Freshman,,,,,,,,,,,,,,,,,,,,,,,,,,,,,,,,,,,,606b5915962b7170e065a4ba,Part Time,700846854,Harcourt Marrion,H1SspH,3/23/1996,0 Thompson Way,,,,,,,0
baskenoe@posterous.com,Biochemistry,,,,,,,,,,,,,,,,,,,,,,,,,,,,,,,,,,,,,,,,,,,,,Graduate,fall 2017,VA2010 Intro. to Creative Thinking : Midterm: A | Final: A, BS 2400 Basic Bio Sciences I : Midterm: A | Final: B+,EL 1000 English Comp I : Exposition : Midterm: A | Final: A,MA 1020 College Algebra : Midterm: A- | Final: A,spring 2018, CP 2120 Principles of Chemistry I : Midterm: A | Final: A, CP 2121 Principles of Chemistry Lab I : Midterm: A | Final: A, VA2020 Basic Design : Midterm : A | Final: A, EL 2239 Horror Literature : Midterm : B | Final: A,fall 2018,HI 3640  African History : Midterm: A | Final: A,HI 3835 Islamic Cultures : Midterm : A | Final: A,EL 3010  Structure & Grammar of English : Miderm: A | Final: A, HI 3091 African Cultures : Midterm: B | Final: B-,spring 2019, BS 2410 Basic Bio Sciences II : Midterm: B | Final: A, CP 2130 Principles of Chemistry II : Midterm: A | Final: B, CP 2131 Principles Chemistry Lab II : Midterm: A | Final: A, VA3100 Visual Culture : Midterm: B | Final: C+,fall 2019, CP 2220 Structure of Physics I : Midterm: B | Final: A, CP 2221 Structure of Physics I Lab : Midterm: A | Final: A,VA3200 Art Tutorials I : Midterm: A | Final: A,VA3400 Digital Imaging : Midterm: A | Final: B,spring 2020,VA4200 Art Tutorials II : Midterm: A | Final: A, CP 3300 Organic Chemistry I : Midterm: A | Final: A-, CP 3302 Organic Chemistry Lab I : Midterm: B | Final: A, CP 3400 Analytical Chemistry-Lect/Lab : Midterm: A | Final: A,fall 2020, CP 3310 Organic Chemistry II : Midterm: C | Final: B+, CP 3312 Organic Chemistry Lab II : Midterm: A | Final: A, CP 4510 Biochemistry I : Midterm: A | Final: A, CP 4520 Biochemistry Lab : Midterm: A | Final: A,606b5915962b7170e065a4bb,Full Time,700306129,Barr Asken,SWRg8E,2/8/1998,2601 New Castle Court,spring 2021, CP 4515 Biochemistry II : Midterm: A | Final: A, CP 4700 Physical Chemistry I : Midterm: A | Final: A, BS 4560 Molecular Biology : Midterm: A | Final: B, BS 4460 Genetics : Midterm: B | Final: B+,,0
ojakoviljevicoi@live.com,Sociology,,,,,,,,,,,,,,,,,,,,,,,,,,,,,,,,,,,,,,,,,,,,,Undergraduate - Freshman,,,,,,,,,,,,,,,,,,,,,,,,,,,,,,,,,,,,606b5915962b7170e065a4bc,Part Time,700668114,Owen Jakoviljevic,Vqe2nXEv,2/12/1998,88 Summer Ridge Park,,,,,,,0
mstaddingog@xrea.com,Psychology,,,,,,,,,,,,,,,,,,,,,,,,,,,,,,,,,,,,,,,,,,,,,Graduate,fall 2017,VA2010 Intro. to Creative Thinking: Midterm: A | Final: A, PY2010 Introduction to Psychology : Midterm: A | Final: B+,EL 1000 English Comp I: Exposition: Midterm: A | Final: A,MA 1020 College Algebra: Midterm: A- | Final: A,spring 2018, PY2530 Psychology of Prejudice : Midterm: A | Final: A, PY2720 Psychology of Gender: Midterm: A | Final: A, VA2020 Basic Design : Midterm: A | Final: A, EL 2239 Horror Literature : Midterm: B | Final: A,fall 2018,HI 3640  African History : Midterm: A | Final: A,HI 3835 Islamic Cultures : Midterm: A | Final: A,EL 3010  Structure & Grammar of English : Miderm: A | Final: A, HI 3091 African Cultures: Midterm: B | Final: B-,spring 2019, PY3110 Research Methods I: (Orientation): Midterm: B | Final: A, PY2340 Community Psychology : Midterm: A | Final: B, PY3420 Learning & Motivation : Midterm: A | Final: A, VA3100 Visual Culture: Midterm: B | Final: C+,fall 2019, PY3120 Research Methods II: (Statistics) : Midterm: B | Final: A, PY3610 Brain & Behavior: A | Final: A,VA3200 Art Tutorials I: Midterm: A | Final: A,VA3400 Digital Imaging : Midterm: A | Final: B,spring 2020,VA4200 Art Tutorials II: Midterm: A | Final: A, PY4100 Research Methods III (Advanced Research Skills) : Midterm: A | Final: A-, PY3620 Drugs & Behavior : Midterm: B | Final: A, PY3215 Foundations of Child Development : Midterm: A | Final: A,fall 2020, PY4130 Field Experience and Research : Midterm: C | Final: B+, PY3310 Abnormal Human Behavior : Midterm: A | Final: A, PY3311 Theories of Personality : Midterm: A | Final: A, PY3410 Cognitive Psychology: Midterm: A | Final: A,606b5915962b7170e065a4bd,Full Time,700563105,Marlena Stadding,PgKN6ydI,1/28/1996,50373 Melby Drive,spring 2021, PH 3610 Intro.-U.S.Health Care System : Midterm: A | Final: A, PH 3600  Social Determinants of Health : Midterm: A | Final: A, PY3710 Psychology & Social Justice : Midterm: A | Final: B, PH 5900 Research Methods : Midterm: B | Final: B+,,0
mleafoj@shutterfly.com,Criminology,,,,,,,,,,,,,,,,,,,,,,,,,,,,,,,,,,,,,,,,,,,,,Graduate,fall 2017,VA2010 Intro. to Creative Thinking : Midterm: A | Final: A, SY 1500  Intro Sociology : Midterm: A | Final: B+,EL 1000 English Comp I : Exposition : Midterm: A | Final: A,MA 1020 College Algebra : Midterm: A- | Final: A,spring 2018, CR 1500 Intro to Criminology : Midterm: A | Final: A, CR 2090  Juvenile Delinquency : Midterm: A | Final: A, VA2020 Basic Design : Midterm : A | Final: A, EL 2239 Horror Literature : Midterm : B | Final: A,fall 2018,HI 3640  African History : Midterm: A | Final: A,HI 3835 Islamic Cultures : Midterm: A | Final: A,EL 3010  Structure & Grammar of English : Miderm: A | Final: A, HI 3091 African Cultures : Midterm: B | Final: B-,spring 2019, PY2010 Introduction to Psychology : Midterm: B | Final: A, SY 2600  Social Deviance : Midterm: A | Final: B, CR 3092 Victimology : Midterm: A | Final: A, VA3100 Visual Culture : Midterm: B | Final: C+,fall 2019, CR 3093  Criminal Justice Admin : Midterm: B | Final: A, CR 3094 Drugs and Society : Midterm: A | Final: A,VA3200 Art Tutorials I : Midterm: A | Final: A,VA3400 Digital Imaging : Midterm: A | Final: B,spring 2020,VA4200 Art Tutorials II : Midterm: A | Final: A, CR 3117  Policing Bodies : Midterm: A | Final: A-, CR 3200  Crime : Midterm: B | Final: A, PY3620 Drugs & Behavior : Midterm: A | Final: A,fall 2020, CR 4000 Gender : Midterm: C | Final: B+, CR 4091 Punishment & Corrections : Midterm: A | Final: A, CR 4099 Sociology of Violence : Midterm: A | Final: A, SY 4520 Research Methods I : Midterm: A | Final: A,606b5915962b7170e065a4be,Full Time,700694054,Mattheus Leaf,Lqif5hsi,11/14/1997,6427 Twin Pines Center,spring 2021, CR 4999 Issues in Criminology : Midterm: A | Final: A, SY 4570 Research Methods II : Midterm: A | Final: A, CR 4550 Theories of Crime : Midterm: A | Final: B, SY 4810 Law & Justice : Midterm: B | Final: B+,,0
chemphallok@infoseek.co.jp,Business Administration,,,,,,,,,,,,,,,,,,,,,,,,,,,,,,,,,,,,,,,,,,,,,Graduate,fall 2017,VA2010 Intro. to Creative Thinking : Midterm: A | Final: A, AS 2112 American People I : Midterm: A | Final: B+,EL 1000 English Comp I : Exposition : Midterm: A | Final: A,MA 1020 College Algebra : Midterm: A- | Final: A,spring 2018, AS 2122 American People II : Midterm: A | Final: A, MA 2300 Calc/Business & Economics : Midterm: A | Final: A, VA2020 Basic Design : Midterm : A | Final: A, EL 2239 Horror Literature : Midterm : B | Final: A,fall 2018,HI 3640  African History : Midterm: A | Final: A,HI 3835 Islamic Cultures : Midterm : A | Final: A,EL 3010  Structure & Grammar of English : Miderm: A | Final: A, HI 3091 African Cultures : Midterm: B | Final: B-,spring 2019, BU 3010 Information Systems for Managers : Midterm: B | Final: A, BU 3502 Principles of Accounting I : Midterm: A | Final: B, BU3600 Principles Business Law : Midterm: A | Final: A, VA3100 Visual Culture : Midterm: B | Final: C+,fall 2019, BU 3511 Principles of Accounting II : Midterm: B | Final: A, BU3905 Business Communication : Midterm: A | Final: A,VA3200 Art Tutorials I : Midterm: A | Final: A,VA3400 Digital Imaging : Midterm: A | Final: B,spring 2020,VA4200 Art Tutorials II : Midterm: A | Final: A, BU 4110 Organizational Behavior & Mgmt : Midterm: A | Final: A-, BU 4120  Global Business : Midterm: B | Final: A, BU 4035 Web Sys & Electronic Commerce : Midterm: A | Final: A,fall 2020, BU 4130 Entrepreneurship : Midterm: C | Final: B+, BU4820 International Marketing : Midterm: A | Final: A, BU4851 Consumer Behavior : Midterm: A | Final: A, BU3800 Marketing: Principles & Concepts : Midterm: A | Final: A,606b5915962b7170e065a4bf,Full Time,700983608,Cilka Hemphall,6nLXZjpAo,8/10/1997,40274 Old Gate Lane,spring 2021, BU 5196 Leadership : Midterm: A | Final: A, BU 5171 Human Resource Management : Midterm: A | Final: A, BU5841 Strategic Marketing : Midterm: A | Final: B, BU 5195 Management Seminar : Midterm: B | Final: B+,,0
mgergleroo@google.co.uk,Mathematics,,,,,,,,,,,,,,,,,,,,,,,,,,,,,,,,,,,,,,,,,,,,,Undergraduate - Freshman,,,,,,,,,,,,,,,,,,,,,,,,,,,,,,,,,,,,606b5915962b7170e065a4c0,Full Time,700179950,Marjie Gergler,Hoj4Vj,12/30/1998,19329 Summit Center,,,,,,,0
gdeol@freewebs.com,Adolescence Education: Biology (7-12),,,,,,,,,,,,,,,,,,,,,,,,,,,,,,,,,,,,,,,,,,,,,Undergraduate - Senior,fall 2017,VA2010 Intro. to Creative Thinking : Midterm: A | Final: A, BS2490 Environmental Science : Midterm: A | Final: B+,,,spring 2018, BS3450 Plant Biology : Midterm: A | Final: A, BS3520 Comparative Anatomy : Midterm: A | Final: A,,,fall 2018,HI 3640  African History : Midterm: A | Final: A,HI 3835 Islamic Cultures : Midterm: A | Final: A,,,spring 2019, PY3110 Research Methods I: (Orientation) : Midterm: B | Final: A, PY2340 Community Psychology : Midterm: A | Final: B,,,fall 2019, BS4400  Cell Biology : Midterm: B | Final: A, BS4420  Microbiology : Midterm: A | Final: A,,,spring 2020,VA4200 Art Tutorials II : Midterm: A | Final: A, BS4430  Developmental Biology : Midterm: A | Final: A-,,,fall 2020, ED 6001 Human Growth&Dvlpmnt MAT : Midterm: C | Final: B+, ED 6002 Foundations of Literacy MAT : Midterm: A | Final: A,,,606b5915962b7170e065a4c1,Part Time,700093533,Gibby de Chastelain,jUxDEkUfpac,12/14/1995,1 4th Crossing,,,,,,,0
tbertolacciniom@digg.com,Adolescence Education: Mathematics (7-12),,,,,,,,,,,,,,,,,,,,,,,,,,,,,,,,,,,,,,,,,,,,,Undergraduate - Sophomore,fall 2019,VA2010 Intro. to Creative Thinking : Midterm: A | Final: A, MA2000 Applied Statistics : Midterm: A | Final: B+,,,spring 2020, MA2320 Calculus and Analytic Geometry II : Midterm: A | Final: A, MA3030 Discrete Mathematics : Midterm: A | Final: A,,,fall 2020,HI 3640  African History : Midterm: A | Final: A,HI 3835 Islamic Cultures : Midterm : A | Final: A,,,,,,,,,,,,,,,,,,,,,,,606b5915962b7170e065a4c2,Part Time,700672131,Terry Bertolaccini,bkpIYTxH,6/2/1997,48 Dapin Center,,,,,,,0
jhalbardon@networkadvertising.org,Visual Arts: Electronic Media,,,,,,,,,,,,,,,,,,,,,,,,,,,,,,,,,,,,,,,,,,,,,Undergraduate - Junior,fall 2018,VA2010 Intro. to Creative Thinking : Midterm: A | Final: A, CS 2510 Computer Programming I : Midterm: A | Final: B+,EL 1000 English Comp I : Exposition : Midterm: A | Final: A,MA 1020 College Algebra : Midterm: A- | Final: A,spring 2019, CS 2511 Computer Programming II : Midterm: A | Final: A, VA2030 Drawing : Midterm: A | Final: A, MA2310 Calculus and Analytic Geometry I : Midterm : A | Final: A, EL 2239 Horror Literature : Midterm : B | Final: A,fall 2019,HI 3640  African History : Midterm: A | Final: A,HI 3835 Islamic Cultures : Midterm: A | Final: A,EL 3010  Structure & Grammar of English : Miderm: A | Final: A, HI 3091 African Cultures : Midterm: B | Final: B-,spring 2020, VA2020 Basic Design : Midterm: B | Final: A, VA2500 Art History I: 19th Century Art : Midterm: A | Final: B, VA2045 Introduction to Color : Midterm: A | Final: A, AS2020 New Media CE : Midterm: B | Final: C+,fall 2020, VA3100 Visual Culture : Midterm: B | Final: A, VA3380 Digital Video 4 : Midterm: A | Final: A,VA3200 Art Tutorials I : Midterm: A | Final: A, VA2320 Graphic Design I : Midterm: A | Final: B,,,,,,,,,,,606b5915962b7170e065a4c3,Full Time,700795789,Janek Halbard,dWzVf37Q,10/9/1998,8989 Veith Hill,,,,,,,0
dizakofoq@github.io,English,,,,,,,,,,,,,,,,,,,,,,,,,,,,,,,,,,,,,,,,,,,,,Undergraduate - Junior,fall 2018,VA2010 Intro. to Creative Thinking : Midterm: A | Final: A, HI1010 World Religions: West : Midterm: A | Final: B+,EL 1000 English Comp I : Exposition : Midterm: A | Final: A,MA 1020 College Algebra : Midterm: A- | Final: A,spring 2019, EL 2239 Horror Literature : Midterm: A | Final: A, 2410  Basic Bio Sciences II : Midterm: A | Final: A, VA2020 Basic Design : Midterm : A | Final: A, EL 3010  Structure & Grammar of English : Midterm : B | Final: A,fall 2019,HI 3640  African History : Midterm: A | Final: A,HI 3835 Islamic Cultures : Midterm: A | Final: A, EL 3500  Lit Across Cultures I:Analysis : Miderm: A | Final: A, HI 3091 African Cultures : Midterm: B | Final: B-,spring 2020, EL 3510  Lit Across Cultures II:Theory : Midterm: B | Final: A, EL 3600 US Literature I : Midterm: A | Final: B, EL 3800 Eng Lit I:Beowulf-18th Century : Midterm: A | Final: A, VA3100 Visual Culture : Midterm: B | Final: C+,fall 2020, EL 3610  US Literature II : Midterm: B | Final: A, EL 3810  Eng Lit II:Romantics - Present : Midterm: A | Final: A,VA3200 Art Tutorials I : Midterm: A | Final: A,VA3400 Digital Imaging : Midterm: A | Final: B,,,,,,,,,,,606b5915962b7170e065a4c4,Full Time,700422677,Dorothea Izakof,EosXPE,5/3/1995,1 Emmet Lane,,,,,,,0
mraiseop@posterous.com,Biochemistry,,,,,,,,,,,,,,,,,,,,,,,,,,,,,,,,,,,,,,,,,,,,,Graduate,fall 2017,VA2010 Intro. to Creative Thinking : Midterm: A | Final: A, BS 2400 Basic Bio Sciences I : Midterm: A | Final: B+,EL 1000 English Comp I : Exposition : Midterm: A | Final: A,MA 1020 College Algebra : Midterm: A- | Final: A,spring 2018, CP 2120 Principles of Chemistry I : Midterm: A | Final: A, CP 2121 Principles of Chemistry Lab I : Midterm: A | Final: A, VA2020 Basic Design : Midterm : A | Final: A, EL 2239 Horror Literature : Midterm : B | Final: A,fall 2018,HI 3640  African History : Midterm: A | Final: A,HI 3835 Islamic Cultures : Midterm : A | Final: A,EL 3010  Structure & Grammar of English : Miderm: A | Final: A, HI 3091 African Cultures : Midterm: B | Final: B-,spring 2019, BS 2410 Basic Bio Sciences II : Midterm: B | Final: A, CP 2130 Principles of Chemistry II : Midterm: A | Final: B, CP 2131 Principles Chemistry Lab II : Midterm: A | Final: A, VA3100 Visual Culture : Midterm: B | Final: C+,fall 2019, CP 2220 Structure of Physics I : Midterm: B | Final: A, CP 2221 Structure of Physics I Lab : Midterm: A | Final: A,VA3200 Art Tutorials I : Midterm: A | Final: A,VA3400 Digital Imaging : Midterm: A | Final: B,spring 2020,VA4200 Art Tutorials II : Midterm: A | Final: A, CP 3300 Organic Chemistry I : Midterm: A | Final: A-, CP 3302 Organic Chemistry Lab I : Midterm: B | Final: A, CP 3400 Analytical Chemistry-Lect/Lab : Midterm: A | Final: A,fall 2020, CP 3310 Organic Chemistry II : Midterm: C | Final: B+, CP 3312 Organic Chemistry Lab II : Midterm: A | Final: A, CP 4510 Biochemistry I : Midterm: A | Final: A, CP 4520 Biochemistry Lab : Midterm: A | Final: A,606b5915962b7170e065a4c5,Full Time,700046688,Maurizia Raise,S0wBjh,3/8/1998,18 West Circle,spring 2021, CP 4515 Biochemistry II : Midterm: A | Final: A, CP 4700 Physical Chemistry I : Midterm: A | Final: A, BS 4560 Molecular Biology : Midterm: A | Final: B, BS 4460 Genetics : Midterm: B | Final: B+,,0
gwaterdrinkeror@phpbb.com,Psychology,,,,,,,,,,,,,,,,,,,,,,,,,,,,,,,,,,,,,,,,,,,,,Undergraduate - Sophomore,fall 2019,VA2010 Intro. to Creative Thinking: Midterm: A | Final: A, PY2010 Introduction to Psychology : Midterm: A | Final: B+,EL 1000 English Comp I: Exposition: Midterm: A | Final: A,MA 1020 College Algebra: Midterm: A- | Final: A,spring 2020, PY2530 Psychology of Prejudice : Midterm: A | Final: A, PY2720 Psychology of Gender: Midterm: A | Final: A, VA2020 Basic Design : Midterm: A | Final: A, EL 2239 Horror Literature : Midterm: B | Final: A,fall 2020,HI 3640  African History : Midterm: A | Final: A,HI 3835 Islamic Cultures : Midterm: A | Final: A,EL 3010  Structure & Grammar of English : Miderm: A | Final: A, HI 3091 African Cultures: Midterm: B | Final: B-,,,,,,,,,,,,,,,,,,,,,606b5915962b7170e065a4c6,Full Time,700621244,Godwin Waterdrinker,aiHJwGdOL6TV,7/21/1997,2 Main Trail,,,,,,,0
bjudsonos@google.it,Adolescence Education: Chemistry (7-12),,,,,,,,,,,,,,,,,,,,,,,,,,,,,,,,,,,,,,,,,,,,,Undergraduate - Senior,fall 2017,VA2010 Intro. to Creative Thinking : Midterm: A | Final: A, BS 2400 Basic Bio Sciences I : Midterm: A | Final: B+,,,spring 2018, CP 2120 Principles of Chemistry I : Midterm: A | Final: A, CP 2121 Principles of Chemistry Lab I : Midterm: A | Final: A,,,fall 2018,HI 3640  African History : Midterm: A | Final: A,HI 3835 Islamic Cultures : Midterm: A | Final: A,,,spring 2019, CP 2130 Principles of Chemistry II : Midterm: B | Final: A, CP 2131 Principles Chemistry Lab II : Midterm: A | Final: B,,,fall 2019, CP 3300 Organic Chemistry I : Midterm: B | Final: A, CP 3302 Organic Chemistry Lab I : Midterm: A | Final: A,,,spring 2020,VA4200 Art Tutorials II : Midterm: A | Final: A, CP 3310 Organic Chemistry II : Midterm: A | Final: A-,,,fall 2020, CP 4700 Physical Chemistry I : Midterm: C | Final: B+, CP 4515 Biochemistry II : Midterm: A | Final: A,,,606b5915962b7170e065a4c7,Part Time,700355449,Bernhard Judson,kDcFp7zW,2/4/1998,06 Ridgeway Street,,,,,,,0
ashawow@odnoklassniki.ru,Psychology,,,,,,,,,,,,,,,,,,,,,,,,,,,,,,,,,,,,,,,,,,,,,Undergraduate - Junior,fall 2018,VA2010 Intro. to Creative Thinking: Midterm: A | Final: A, PY2010 Introduction to Psychology : Midterm: A | Final: B+,,,spring 2019, PY2530 Psychology of Prejudice : Midterm: A | Final: A, PY2720 Psychology of Gender: Midterm: A | Final: A,,,fall 2019,HI 3640  African History : Midterm: A | Final: A,HI 3835 Islamic Cultures : Midterm: A | Final: A,,,spring 2020, PY3110 Research Methods I: (Orientation): Midterm: B | Final: A, PY2340 Community Psychology : Midterm: A | Final: B,,,fall 2020, PY3120 Research Methods II: (Statistics) : Midterm: B | Final: A, PY3610 Brain & Behavior: A | Final: A,,,,,,,,,,,,,606b5915962b7170e065a4c8,Part Time,700333238,Axe Shaw,P5FrOyt,4/17/1998,2894 Packers Trail,,,,,,,0
bsallanov@utexas.edu,Adolescence Education: Social Studies (7-12),,,,,,,,,,,,,,,,,,,,,,,,,,,,,,,,,,,,,,,,,,,,,Undergraduate - Junior,fall 2018,VA2010 Intro. to Creative Thinking : Midterm: A | Final: A, HI 2681 Intro to Europe Hist:1350-Present : Midterm: A | Final: B+,EL 1000 English Comp I : Exposition : Midterm: A | Final: A,MA 1020 College Algebra : Midterm: A- | Final: A,spring 2019, AS 2112 American People I : Midterm: A | Final: A, HI 3080   Asian Cultures : Midterm: A | Final: A, VA2020 Basic Design : Midterm : A | Final: A, EL 2239 Horror Literature : Midterm : B | Final: A,fall 2019,HI 3640  African History : Midterm: A | Final: A,HI 3835 Islamic Cultures : Midterm: A | Final: A,EL 3010  Structure & Grammar of English : Miderm: A | Final: A, HI 3091 African Cultures : Midterm: B | Final: B-,spring 2020, AS 2122 American People II : Midterm: B | Final: A, HI 3110 Latin American Culture : Midterm: A | Final: B, HI3703 Modern Philosophy : Midterm: A | Final: A, VA3100 Visual Culture : Midterm: B | Final: C+,fall 2020, HI 4308 History Modern Middle East : Midterm: B | Final: A, HI 4001 19th Century : Midterm: A | Final: A,VA3200 Art Tutorials I : Midterm: A | Final: A,VA3400 Digital Imaging : Midterm: A | Final: B,,,,,,,,,,,606b5915962b7170e065a4c9,Full Time,700642913,Bernardina Sallan,S6Jn6MePEms,10/27/1997,5085 Mcbride Way,,,,,,,0
dtremayneox@quantcast.com,Special Education and Childhood Education (1-6),,,,,,,,,,,,,,,,,,,,,,,,,,,,,,,,,,,,,,,,,,,,,Undergraduate - Senior,fall 2017,VA2010 Intro. to Creative Thinking : Midterm: A | Final: A, SY2400 Sociology Through the Arts : Midterm: A | Final: B+,EL 1000 English Comp I : Exposition : Midterm: A | Final: A,MA 1020 College Algebra : Midterm: A- | Final: A,spring 2018, SY2550 Social Problems : Midterm: A | Final: A, SY2600 Social Deviance : Midterm: A | Final: A, VA2020 Basic Design : Midterm : A | Final: A, EL 2239 Horror Literature : Midterm : B | Final: A,fall 2018,HI 3640  African History : Midterm: A | Final: A,HI 3835 Islamic Cultures : Midterm: A | Final: A,EL 3010  Structure & Grammar of English : Miderm: A | Final: A, HI 3091 African Cultures : Midterm: B | Final: B-,spring 2019, PY3110 Research Methods I: (Orientation) : Midterm: B | Final: A, PY2010 Introduction to Psychology : Midterm: A | Final: B, PY3215 Foundations of Child Development : Midterm: A | Final: A, VA3100 Visual Culture : Midterm: B | Final: C+,fall 2019, PY3120 Research Methods II: (Statistics) : Midterm: B | Final: A, PY3410 Cognitive Psychology : Midterm: A | Final: A,VA3200 Art Tutorials I : Midterm: A | Final: A,VA3400 Digital Imaging : Midterm: A | Final: B,spring 2020,VA4200 Art Tutorials II : Midterm: A | Final: A, PY3610 Brain & Behavior : Midterm: A | Final: A-, ED3700 Child Development : Midterm: B | Final: A, PY3420 Learning & Motivation : Midterm: A | Final: A,fall 2020, ED4122 Methods and Materials for Teaching Elementary Math Methods : Midterm: C | Final: B+, ED4121 Methods and Materials for Teaching Elementary Science Majors : Midterm: A | Final: A, ED4300 Assessment and Evidence-based Decision Making in Special Education : Midterm: A | Final: A, ED4810 Positive Behavior Supports and Interventions for Students with Disabilities : Midterm: A | Final: A,606b5915962b7170e065a4ca,Full Time,700330684,Dewie Tremayne,D7zXT39,11/13/1995,80 Mallard Alley,,,,,,,0
vwarrioroy@buzzfeed.com,Industrial and Labor Relations,,,,,,,,,,,,,,,,,,,,,,,,,,,,,,,,,,,,,,,,,,,,,Undergraduate - Junior,fall 2018,VA2010 Intro. to Creative Thinking : Midterm: A | Final: A, PE 2650 Intro to U.S. Politics : Midterm: A | Final: B+,EL 1000 English Comp I : Exposition : Midterm: A | Final: A,MA 1020 College Algebra : Midterm: A- | Final: A,spring 2019, MA2300 Calculus for Business & Economics : Midterm: A | Final: A, IR 2210 Unions & Management: An Intro : Midterm: A | Final: A, VA2020 Basic Design : Midterm : A | Final: A, EL 2239 Horror Literature : Midterm : B | Final: A,fall 2019,HI 3640  African History : Midterm: A | Final: A,HI 3835 Islamic Cultures : Midterm: A | Final: A,EL 3010  Structure & Grammar of English : Miderm: A | Final: A, HI 3091 African Cultures : Midterm: B | Final: B-,spring 2020, PE 2300 Introduction to Law : Midterm: B | Final: A, IR 3140 Unions & Public Policy : Midterm: A | Final: B, IR 3300 CollectiveBarg & GrievanceProc : Midterm: A | Final: A, VA3100 Visual Culture : Midterm: B | Final: C+,fall 2020, IR 3330 Women : Midterm: B | Final: A, IR 3415 Labor Economics : Midterm: A | Final: A,VA3200 Art Tutorials I : Midterm: A | Final: A,VA3400 Digital Imaging : Midterm: A | Final: B,,,,,,,,,,,606b5915962b7170e065a4cb,Full Time,700887705,Victor Warrior,HC23nW1xD,3/19/1998,7079 Corben Parkway,,,,,,,0
kpountainot@sogou.com,English,,,,,,,,,,,,,,,,,,,,,,,,,,,,,,,,,,,,,,,,,,,,,Undergraduate - Junior,fall 2018,VA2010 Intro. to Creative Thinking : Midterm: A | Final: A, HI1010 World Religions: West : Midterm: A | Final: B+,EL 1000 English Comp I : Exposition : Midterm: A | Final: A,MA 1020 College Algebra : Midterm: A- | Final: A,spring 2019, EL 2239 Horror Literature : Midterm: A | Final: A, 2410  Basic Bio Sciences II : Midterm: A | Final: A, VA2020 Basic Design : Midterm : A | Final: A, EL 3010  Structure & Grammar of English : Midterm : B | Final: A,fall 2019,HI 3640  African History : Midterm: A | Final: A,HI 3835 Islamic Cultures : Midterm: A | Final: A, EL 3500  Lit Across Cultures I:Analysis : Miderm: A | Final: A, HI 3091 African Cultures : Midterm: B | Final: B-,spring 2020, EL 3510  Lit Across Cultures II:Theory : Midterm: B | Final: A, EL 3600 US Literature I : Midterm: A | Final: B, EL 3800 Eng Lit I:Beowulf-18th Century : Midterm: A | Final: A, VA3100 Visual Culture : Midterm: B | Final: C+,fall 2020, EL 3610  US Literature II : Midterm: B | Final: A, EL 3810  Eng Lit II:Romantics - Present : Midterm: A | Final: A,VA3200 Art Tutorials I : Midterm: A | Final: A,VA3400 Digital Imaging : Midterm: A | Final: B,,,,,,,,,,,606b5915962b7170e065a4cc,Full Time,700776973,Karlotta Pountain,jILW49,11/12/1995,8428 Division Drive,,,,,,,0
sdanitoz@va.gov,Finance,,,,,,,,,,,,,,,,,,,,,,,,,,,,,,,,,,,,,,,,,,,,,Undergraduate - Senior,fall 2017,VA2010 Intro. to Creative Thinking : Midterm: A | Final: A, BU 3502 Principles of Accounting I : Midterm: A | Final: B+,EL 1000 English Comp I : Exposition : Midterm: A | Final: A, MA2310 Calculus and Analytic Geometry I : Midterm: A- | Final: A,spring 2018, MA2000 Applied Statistics : Midterm: A | Final: A, BU 3511Principles of Accounting II : Midterm: A | Final: A, VA2020 Basic Design : Midterm : A | Final: A, EL 2239 Horror Literature : Midterm : B | Final: A,fall 2018,HI 3640  African History : Midterm: A | Final: A,HI 3835 Islamic Cultures : Midterm : A | Final: A,EL 3010  Structure & Grammar of English : Miderm: A | Final: A, HI 3091 African Cultures : Midterm: B | Final: B-,spring 2019, BU 3010 Info Systems For Mgrs : Midterm: B | Final: A, BU 4500 Intermediate Accounting I : Midterm: A | Final: B, BU 4720   Global Financial Markets : Midterm: A | Final: A, VA3100 Visual Culture : Midterm: B | Final: C+,fall 2019, BU 4510 Intermediate Accounting II : Midterm: B | Final: A, BU 4774   Financial Markets & Inst : Midterm: A | Final: A,VA3200 Art Tutorials I : Midterm: A | Final: A,VA3400 Digital Imaging : Midterm: A | Final: B,spring 2020,VA4200 Art Tutorials II : Midterm: A | Final: A, BU 4570 Federal Income Tax I: Midterm: A | Final: A-, BU 4590 Cost Accounting : Midterm: B | Final: A, BU 5115  Operations Management : Midterm: A | Final: A,fall 2020, BU 5190  Business Strategy & Policy : Midterm: C | Final: B+, BU 5710   Fin. Modeling & Forecasting : Midterm: A | Final: A, BU 5505 Essentials-Gov't&Non-ProfAcctg : Midterm: A | Final: A, BU 5525 International Accounting : Midterm: A | Final: A,606b5915962b7170e065a4cd,Full Time,700462748,Sholom Danit,ISK1cpJa6Fw,4/4/1997,8 Prairieview Road,,,,,,,0
joldakerp0@abc.net.au,Politics & Economics & Law,,,,,,,,,,,,,,,,,,,,,,,,,,,,,,,,,,,,,,,,,,,,,Undergraduate - Senior,fall 2017,VA2010 Intro. to Creative Thinking : Midterm: A | Final: A, PE2300 Introduction to Law : Midterm: A | Final: B+,,,spring 2018, PE2650 Introduction to U.S. Politics : Midterm: A | Final: A, IR2210 Unions and Management: An Introduction : Midterm: A | Final: A,,,fall 2018,HI 3640  African History : Midterm: A | Final: A,HI 3835 Islamic Cultures : Midterm: A | Final: A,,,spring 2019, PE2220 Introduction to Urban Issues : Midterm: B | Final: A, PE2400 Introduction to Political Economy : Midterm: A | Final: B,,,fall 2019, IR 3300 CollectiveBarg & GrievanceProc : Midterm: B | Final: A, PE3100 International Relations : Midterm: A | Final: A,,,spring 2020,VA4200 Art Tutorials II : Midterm: A | Final: A, BU3600 Principles Business Law : Midterm: A | Final: A-,,,fall 2020, PE4320 Jurisprudence: Legal Thought : Midterm: C | Final: B+, PE4470 History of Economic Thought : Midterm: A | Final: A,,,606b5915962b7170e065a4ce,Part Time,700163763,Jaquelyn Oldaker,bjuZfvlJnX,7/10/1998,1 4th Road,,,,,,,0
lmckernonp1@java.com,Biochemistry,,,,,,,,,,,,,,,,,,,,,,,,,,,,,,,,,,,,,,,,,,,,,Graduate,fall 2017,VA2010 Intro. to Creative Thinking : Midterm: A | Final: A, BS 2400 Basic Bio Sciences I : Midterm: A | Final: B+,EL 1000 English Comp I : Exposition : Midterm: A | Final: A,MA 1020 College Algebra : Midterm: A- | Final: A,spring 2018, CP 2120 Principles of Chemistry I : Midterm: A | Final: A, CP 2121 Principles of Chemistry Lab I : Midterm: A | Final: A, VA2020 Basic Design : Midterm : A | Final: A, EL 2239 Horror Literature : Midterm : B | Final: A,fall 2018,HI 3640  African History : Midterm: A | Final: A,HI 3835 Islamic Cultures : Midterm : A | Final: A,EL 3010  Structure & Grammar of English : Miderm: A | Final: A, HI 3091 African Cultures : Midterm: B | Final: B-,spring 2019, BS 2410 Basic Bio Sciences II : Midterm: B | Final: A, CP 2130 Principles of Chemistry II : Midterm: A | Final: B, CP 2131 Principles Chemistry Lab II : Midterm: A | Final: A, VA3100 Visual Culture : Midterm: B | Final: C+,fall 2019, CP 2220 Structure of Physics I : Midterm: B | Final: A, CP 2221 Structure of Physics I Lab : Midterm: A | Final: A,VA3200 Art Tutorials I : Midterm: A | Final: A,VA3400 Digital Imaging : Midterm: A | Final: B,spring 2020,VA4200 Art Tutorials II : Midterm: A | Final: A, CP 3300 Organic Chemistry I : Midterm: A | Final: A-, CP 3302 Organic Chemistry Lab I : Midterm: B | Final: A, CP 3400 Analytical Chemistry-Lect/Lab : Midterm: A | Final: A,fall 2020, CP 3310 Organic Chemistry II : Midterm: C | Final: B+, CP 3312 Organic Chemistry Lab II : Midterm: A | Final: A, CP 4510 Biochemistry I : Midterm: A | Final: A, CP 4520 Biochemistry Lab : Midterm: A | Final: A,606b5915962b7170e065a4cf,Full Time,700936531,Lilas McKernon,3Bpv2Q46e,4/23/1995,0659 Fallview Hill,spring 2021, CP 4515 Biochemistry II : Midterm: A | Final: A, CP 4700 Physical Chemistry I : Midterm: A | Final: A, BS 4560 Molecular Biology : Midterm: A | Final: B, BS 4460 Genetics : Midterm: B | Final: B+,,0
cluggarou@vimeo.com,Adolescence Education: Social Studies (7-12),,,,,,,,,,,,,,,,,,,,,,,,,,,,,,,,,,,,,,,,,,,,,Undergraduate - Senior,fall 2017,VA2010 Intro. to Creative Thinking : Midterm: A | Final: A, HI 2681 Intro to Europe Hist:1350-Present : Midterm: A | Final: B+,EL 1000 English Comp I : Exposition : Midterm: A | Final: A,MA 1020 College Algebra : Midterm: A- | Final: A,spring 2018, AS 2112 American People I : Midterm: A | Final: A, HI 3080   Asian Cultures : Midterm: A | Final: A, VA2020 Basic Design : Midterm : A | Final: A, EL 2239 Horror Literature : Midterm : B | Final: A,fall 2018,HI 3640  African History : Midterm: A | Final: A,HI 3835 Islamic Cultures : Midterm: A | Final: A,EL 3010  Structure & Grammar of English : Miderm: A | Final: A, HI 3091 African Cultures : Midterm: B | Final: B-,spring 2019, AS 2122 American People II : Midterm: B | Final: A, HI 3110 Latin American Culture : Midterm: A | Final: B, HI3703 Modern Philosophy : Midterm: A | Final: A, VA3100 Visual Culture : Midterm: B | Final: C+,fall 2019, HI 4308 History Modern Middle East : Midterm: B | Final: A, HI 4001 19th Century : Midterm: A | Final: A,VA3200 Art Tutorials I : Midterm: A | Final: A,VA3400 Digital Imaging : Midterm: A | Final: B,spring 2020,VA4200 Art Tutorials II : Midterm: A | Final: A, HI 4011  20th Century : Midterm: A | Final: A-, PE 4690 Politics of Lat Amer/Caribbean : Midterm: B | Final: A, ED 6095 Literacy : Midterm: A | Final: A,fall 2020, ED 6903 Student Teaching:Social Stds : Midterm: C | Final: B+, HI 6510 Topics in US History : Midterm: A | Final: A, HI 6520 US Constitutional&Polticl Hist : Midterm: A | Final: A, HI 6530 Econ:Theories : Midterm: A | Final: A,606b5915962b7170e065a4d0,Full Time,700356407,Ciro Luggar,N8mnP6V,7/18/1995,561 Holmberg Alley,,,,,,,0
droundtreep4@google.pl,Biochemistry,,,,,,,,,,,,,,,,,,,,,,,,,,,,,,,,,,,,,,,,,,,,,Undergraduate - Senior,fall 2017,VA2010 Intro. to Creative Thinking : Midterm: A | Final: A, BS 2400 Basic Bio Sciences I : Midterm: A | Final: B+,,,spring 2018, CP 2120 Principles of Chemistry I : Midterm: A | Final: A, CP 2121 Principles of Chemistry Lab I : Midterm: A | Final: A,,,fall 2018,HI 3640  African History : Midterm: A | Final: A,HI 3835 Islamic Cultures : Midterm : A | Final: A,,,spring 2019, BS 2410 Basic Bio Sciences II : Midterm: B | Final: A, CP 2130 Principles of Chemistry II : Midterm: A | Final: B,,,fall 2019, CP 2220 Structure of Physics I : Midterm: B | Final: A, CP 2221 Structure of Physics I Lab : Midterm: A | Final: A,,,spring 2020,VA4200 Art Tutorials II : Midterm: A | Final: A, CP 3300 Organic Chemistry I : Midterm: A | Final: A-,,,fall 2020, CP 3310 Organic Chemistry II : Midterm: C | Final: B+, CP 3312 Organic Chemistry Lab II : Midterm: A | Final: A,,,606b5915962b7170e065a4d1,Part Time,700996886,Don Roundtree,6h0Fbrf,2/27/1995,74992 Cambridge Hill,,,,,,,0
adevonp5@sina.com.cn,History,,,,,,,,,,,,,,,,,,,,,,,,,,,,,,,,,,,,,,,,,,,,,Undergraduate - Junior,fall 2018,VA2010 Intro. to Creative Thinking: Midterm: A | Final: A,AS 2112 American People I : Midterm: A | Final: B+,EL 1000 English Comp I: Exposition: Midterm: A | Final: A,MA 1020 College Algebra: Midterm: A- | Final: A,spring 2019,AS 2122 American People II : Midterm: A | Final: A, HI 2681 Intro to Europe Hist:1350-Present: Midterm: A | Final: A, VA2020 Basic Design : Midterm: A | Final: A,HI 3110 Latin American Culture : Midterm: B | Final: A,fall 2019,HI 3640  African History : Midterm: A | Final: A,HI 3835 Islamic Cultures : Midterm: A | Final: A,EL 3010  Structure & Grammar of English : Midterm: A | Final: A, HI 3091 African Cultures: Midterm: B | Final: B-,spring 2020,HI 4308 History Modern Middle East: Midterm: B | Final: A,HI 4632 Japanese History Through Literature : Midterm: A | Final: B,HI 4800  History of India : Midterm: A | Final: A,HI 4900 Modern China-Study Abroad: Midterm: B | Final: C+,fall 2020,PE 4690 Politics of Lat Amer/Caribbean : Midterm: B | Final: A,HI 4001 19th Century : Midterm: A | Final: A,VA3200 Art Tutorials I: Midterm: A | Final: A,VA3400 Digital Imaging : Midterm: A | Final: B,,,,,,,,,,,606b5915962b7170e065a4d2,Full Time,700660195,Antonina Devon,ziav5fk,1/7/1998,731 Ludington Plaza,,,,,,,0
nmcneillp3@cocolog-nifty.com,Business Administration,,,,,,,,,,,,,,,,,,,,,,,,,,,,,,,,,,,,,,,,,,,,,Undergraduate - Sophomore,fall 2019,VA2010 Intro. to Creative Thinking : Midterm: A | Final: A, AS 2112 American People I : Midterm: A | Final: B+,EL 1000 English Comp I : Exposition : Midterm: A | Final: A,MA 1020 College Algebra : Midterm: A- | Final: A,spring 2020, AS 2122 American People II : Midterm: A | Final: A, MA 2300 Calc/Business & Economics : Midterm: A | Final: A, VA2020 Basic Design : Midterm : A | Final: A, EL 2239 Horror Literature : Midterm : B | Final: A,fall 2020,HI 3640  African History : Midterm: A | Final: A,HI 3835 Islamic Cultures : Midterm : A | Final: A,EL 3010  Structure & Grammar of English : Miderm: A | Final: A, HI 3091 African Cultures : Midterm: B | Final: B-,,,,,,,,,,,,,,,,,,,,,606b5915962b7170e065a4d3,Full Time,700668224,Nikkie McNeill,RCd3B4tVQfS,9/7/1996,2171 Dunning Place,,,,,,,0
rpontonp6@exblog.jp,Criminology,,,,,,,,,,,,,,,,,,,,,,,,,,,,,,,,,,,,,,,,,,,,,Graduate,fall 2017,VA2010 Intro. to Creative Thinking : Midterm: A | Final: A, SY 1500  Intro Sociology : Midterm: A | Final: B+,EL 1000 English Comp I : Exposition : Midterm: A | Final: A,MA 1020 College Algebra : Midterm: A- | Final: A,spring 2018, CR 1500 Intro to Criminology : Midterm: A | Final: A, CR 2090  Juvenile Delinquency : Midterm: A | Final: A, VA2020 Basic Design : Midterm : A | Final: A, EL 2239 Horror Literature : Midterm : B | Final: A,fall 2018,HI 3640  African History : Midterm: A | Final: A,HI 3835 Islamic Cultures : Midterm: A | Final: A,EL 3010  Structure & Grammar of English : Miderm: A | Final: A, HI 3091 African Cultures : Midterm: B | Final: B-,spring 2019, PY2010 Introduction to Psychology : Midterm: B | Final: A, SY 2600  Social Deviance : Midterm: A | Final: B, CR 3092 Victimology : Midterm: A | Final: A, VA3100 Visual Culture : Midterm: B | Final: C+,fall 2019, CR 3093  Criminal Justice Admin : Midterm: B | Final: A, CR 3094 Drugs and Society : Midterm: A | Final: A,VA3200 Art Tutorials I : Midterm: A | Final: A,VA3400 Digital Imaging : Midterm: A | Final: B,spring 2020,VA4200 Art Tutorials II : Midterm: A | Final: A, CR 3117  Policing Bodies : Midterm: A | Final: A-, CR 3200  Crime : Midterm: B | Final: A, PY3620 Drugs & Behavior : Midterm: A | Final: A,fall 2020, CR 4000 Gender : Midterm: C | Final: B+, CR 4091 Punishment & Corrections : Midterm: A | Final: A, CR 4099 Sociology of Violence : Midterm: A | Final: A, SY 4520 Research Methods I : Midterm: A | Final: A,606b5915962b7170e065a4d4,Full Time,700975977,Roxi Ponton,IfxocA5xSx2q,10/6/1995,6 Talisman Lane,spring 2021, CR 4999 Issues in Criminology : Midterm: A | Final: A, SY 4570 Research Methods II : Midterm: A | Final: A, CR 4550 Theories of Crime : Midterm: A | Final: B, SY 4810 Law & Justice : Midterm: B | Final: B+,,0
lmeiklamp7@bravesites.com,Biological Sciences,,,,,,,,,,,,,,,,,,,,,,,,,,,,,,,,,,,,,,,,,,,,,Undergraduate - Junior,fall 2018,VA2010 Intro. to Creative Thinking : Midterm: A | Final: A, BS2490 Environmental Science : Midterm: A | Final: B+,,,spring 2019, BS3400 Vertebrate Physiology : Midterm: A | Final: A, BS3450 Plant Biology : Midterm: A | Final: A,,,fall 2019,HI 3640  African History : Midterm: A | Final: A,HI 3835 Islamic Cultures : Midterm: A | Final: A,,,spring 2020, BS3510 Parasitology : Midterm: B | Final: A, BS3531 Comparative Genomics Lab : Midterm: A | Final: B,,,fall 2020, BS3520 Comparative Anatomy : Midterm: B | Final: A, BS3710 Environmental Physiology : Midterm: A | Final: A,,,,,,,,,,,,,606b5915962b7170e065a4d5,Part Time,700463920,Lynett Meiklam,6enA3CZ53r5F,7/8/1998,352 Mockingbird Road,,,,,,,0
bdavallp8@ucla.edu,Biological Sciences,,,,,,,,,,,,,,,,,,,,,,,,,,,,,,,,,,,,,,,,,,,,,Graduate,fall 2017,VA2010 Intro. to Creative Thinking : Midterm: A | Final: A, BS2490 Environmental Science : Midterm: A | Final: B+,EL 1000 English Comp I : Exposition : Midterm: A | Final: A,MA 1020 College Algebra : Midterm: A- | Final: A,spring 2018, BS3400 Vertebrate Physiology : Midterm: A | Final: A, BS3450 Plant Biology : Midterm: A | Final: A, VA2020 Basic Design : Midterm : A | Final: A, EL 2239 Horror Literature : Midterm : B | Final: A,fall 2018,HI 3640  African History : Midterm: A | Final: A,HI 3835 Islamic Cultures : Midterm: A | Final: A,EL 3010  Structure & Grammar of English : Miderm: A | Final: A, HI 3091 African Cultures : Midterm: B | Final: B-,spring 2019, BS3510 Parasitology : Midterm: B | Final: A, BS3531 Comparative Genomics Lab : Midterm: A | Final: B, BS3530 Comparative Genomics : Midterm: A | Final: A, VA3100 Visual Culture : Midterm: B | Final: C+,fall 2019, BS3520 Comparative Anatomy : Midterm: B | Final: A, BS3710 Environmental Physiology : Midterm: A | Final: A,VA3200 Art Tutorials I : Midterm: A | Final: A,VA3400 Digital Imaging : Midterm: A | Final: B,spring 2020,VA4200 Art Tutorials II : Midterm: A | Final: A, BS3810  Biological Aspects of Aging : Midterm: A | Final: A-, BS4400 Cell Biology : Midterm: B | Final: A, BS4460 Genetics : Midterm: A | Final: A,fall 2020, BS4440 Evolution : Midterm: C | Final: B+, BS4410  Histology : Midterm: A | Final: A, BS4420  Microbiology : Midterm: A | Final: A, BS4430  Developmental Biology : Midterm: A | Final: A,606b5915962b7170e065a4d6,Full Time,700042283,Bartram Davall,YMyUrB46,12/26/1995,39 Messerschmidt Alley,spring 2021, BS4461  Immunology : Midterm: A | Final: A, BS4470  Ecology : Midterm: A | Final: A, MA5230 Mathematical Statistics : Midterm: A | Final: B, MA5380 Complex Analysis : Midterm: B | Final: B+,,0
dsinesp9@over-blog.com,Visual Arts: Electronic Media,,,,,,,,,,,,,,,,,,,,,,,,,,,,,,,,,,,,,,,,,,,,,Graduate,fall 2017,VA2010 Intro. to Creative Thinking : Midterm: A | Final: A, CS 2510 Computer Programming I : Midterm: A | Final: B+,EL 1000 English Comp I : Exposition : Midterm: A | Final: A,MA 1020 College Algebra : Midterm: A- | Final: A,spring 2018, CS 2511 Computer Programming II : Midterm: A | Final: A, VA2030 Drawing : Midterm: A | Final: A, MA2310 Calculus and Analytic Geometry I : Midterm : A | Final: A, EL 2239 Horror Literature : Midterm : B | Final: A,fall 2018,HI 3640  African History : Midterm: A | Final: A,HI 3835 Islamic Cultures : Midterm: A | Final: A,EL 3010  Structure & Grammar of English : Miderm: A | Final: A, HI 3091 African Cultures : Midterm: B | Final: B-,spring 2019, VA2020 Basic Design : Midterm: B | Final: A, VA2500 Art History I: 19th Century Art : Midterm: A | Final: B, VA2045 Introduction to Color : Midterm: A | Final: A, AS2020 New Media CE : Midterm: B | Final: C+,fall 2019, VA3100 Visual Culture : Midterm: B | Final: A, VA3380 Digital Video 4 : Midterm: A | Final: A,VA3200 Art Tutorials I : Midterm: A | Final: A, VA2320 Graphic Design I : Midterm: A | Final: B,spring 2020,VA4200 Art Tutorials II : Midterm: A | Final: A, VA4260 Interactive Web Design : Midterm: A | Final: A-, VA4320 Graphic Design II : Midterm: B | Final: A, VA3400 Digital Imaging : Midterm: A | Final: A,fall 2020, VA4265 3D Digital Design : Midterm: C | Final: B+, VA4900 Internship : Midterm: A | Final: A, VA4360 Advanced Electronic and Animation : Midterm: A | Final: A, VA4460 Digital Animation : Midterm: A | Final: A,606b5915962b7170e065a4d7,Full Time,700340583,Deborah Sines,kmKD5TCi,3/14/1998,85 Warrior Trail,spring 2021, VA5200 Art Tutorials III : Midterm: A | Final: A, AS4722 Film: Ideas and Aesthetics : Midterm: A | Final: A, AS4725 The Photograph and American Culture : Midterm: A | Final: B, AS4280 Global Media : Midterm: B | Final: B+,,0
rducrowpa@google.co.uk,Biological Sciences,,,,,,,,,,,,,,,,,,,,,,,,,,,,,,,,,,,,,,,,,,,,,Graduate,fall 2017,VA2010 Intro. to Creative Thinking : Midterm: A | Final: A, BS2490 Environmental Science : Midterm: A | Final: B+,EL 1000 English Comp I : Exposition : Midterm: A | Final: A,MA 1020 College Algebra : Midterm: A- | Final: A,spring 2018, BS3400 Vertebrate Physiology : Midterm: A | Final: A, BS3450 Plant Biology : Midterm: A | Final: A, VA2020 Basic Design : Midterm : A | Final: A, EL 2239 Horror Literature : Midterm : B | Final: A,fall 2018,HI 3640  African History : Midterm: A | Final: A,HI 3835 Islamic Cultures : Midterm: A | Final: A,EL 3010  Structure & Grammar of English : Miderm: A | Final: A, HI 3091 African Cultures : Midterm: B | Final: B-,spring 2019, BS3510 Parasitology : Midterm: B | Final: A, BS3531 Comparative Genomics Lab : Midterm: A | Final: B, BS3530 Comparative Genomics : Midterm: A | Final: A, VA3100 Visual Culture : Midterm: B | Final: C+,fall 2019, BS3520 Comparative Anatomy : Midterm: B | Final: A, BS3710 Environmental Physiology : Midterm: A | Final: A,VA3200 Art Tutorials I : Midterm: A | Final: A,VA3400 Digital Imaging : Midterm: A | Final: B,spring 2020,VA4200 Art Tutorials II : Midterm: A | Final: A, BS3810  Biological Aspects of Aging : Midterm: A | Final: A-, BS4400 Cell Biology : Midterm: B | Final: A, BS4460 Genetics : Midterm: A | Final: A,fall 2020, BS4440 Evolution : Midterm: C | Final: B+, BS4410  Histology : Midterm: A | Final: A, BS4420  Microbiology : Midterm: A | Final: A, BS4430  Developmental Biology : Midterm: A | Final: A,606b5915962b7170e065a4d8,Full Time,700095333,Ruttger Ducrow,vca2tZKT,8/10/1995,55596 Monterey Hill,spring 2021, BS4461  Immunology : Midterm: A | Final: A, BS4470  Ecology : Midterm: A | Final: A, MA5230 Mathematical Statistics : Midterm: A | Final: B, MA5380 Complex Analysis : Midterm: B | Final: B+,,0
bdrakerspc@webnode.com,Adolescence Education: Mathematics (7-12),,,,,,,,,,,,,,,,,,,,,,,,,,,,,,,,,,,,,,,,,,,,,Undergraduate - Freshman,,,,,,,,,,,,,,,,,,,,,,,,,,,,,,,,,,,,606b5915962b7170e065a4d9,Part Time,700000745,Briana Drakers,JQ23R36j,11/29/1998,75515 Marquette Drive,,,,,,,0
gmacshiriepb@trellian.com,Media and Communications,,,,,,,,,,,,,,,,,,,,,,,,,,,,,,,,,,,,,,,,,,,,,Graduate,fall 2017,VA2010 Intro. to Creative Thinking : Midterm: A | Final: A, AS2020 New Media CE : Midterm: A | Final: B+,EL 1000 English Comp I : Exposition : Midterm: A | Final: A, MA2310 Calculus and Analytic Geometry I : Midterm: A- | Final: A,spring 2018, AS2652 Media Studies : Midterm: A | Final: A, AS2700 The Engaged Eye : Midterm: A | Final: A, VA2020 Basic Design : Midterm : A | Final: A, EL 2239 Horror Literature : Midterm : B | Final: A,fall 2018,HI 3640  African History : Midterm: A | Final: A,HI 3835 Islamic Cultures : Midterm : A | Final: A,EL 3010  Structure & Grammar of English : Miderm: A | Final: A, HI 3091 African Cultures : Midterm: B | Final: B-,spring 2019, AS3310 From Citizen to Consumer : Midterm: B | Final: A, AS3632 History of U.S. Film : Midterm: A | Final: B, AS3712 American Film Genres : Midterm: A | Final: A, VA3100 Visual Culture : Midterm: B | Final: C+,fall 2019, AS3722 History of Mass Media : Midterm: B | Final: A, AS3732 Politics of Media & Inst : Midterm: A | Final: A,VA3200 Art Tutorials I : Midterm: A | Final: A,VA3400 Digital Imaging : Midterm: A | Final: B,spring 2020,VA4200 Art Tutorials II : Midterm: A | Final: A, AS3735 Documentary Media Studies : Midterm: A | Final: A-, AS3742 Myths and Images in Film : Midterm: B | Final: A, AS3745 Feminine and Masculine in Film : Midterm: A | Final: A,fall 2020, AS3810 Music and Media : Midterm: C | Final: B+, AS3830 Public Relations and Society : Midterm: A | Final: A, AS3842 African-Americans and the Mass Media : Midterm: A | Final: A, AS3852 Women and the Media : Midterm: A | Final: A,606b5915962b7170e065a4da,Full Time,700886592,Glennis MacShirie,93BabBjvn,8/4/1996,511 Magdeline Trail,spring 2021, AS4160 Special Topics in Media Studies : Midterm: A | Final: A, AS4280 Global Media : Midterm: A | Final: A, AS4722 Film: Ideas and Aesthetics : Midterm: A | Final: B, AS4725 The Photograph and American Culture : Midterm: B | Final: B+,,0
askipponpe@shinystat.com,Adolescence Education: Chemistry (7-12),,,,,,,,,,,,,,,,,,,,,,,,,,,,,,,,,,,,,,,,,,,,,Undergraduate - Freshman,,,,,,,,,,,,,,,,,,,,,,,,,,,,,,,,,,,,606b5915962b7170e065a4db,Part Time,700002230,Alethea Skippon,0XmtEjjmoC,10/20/1997,439 Reindahl Junction,,,,,,,0
acoultonpf@amazonaws.com,Marketing,,,,,,,,,,,,,,,,,,,,,,,,,,,,,,,,,,,,,,,,,,,,,Undergraduate - Sophomore,fall 2019,VA2010 Intro. to Creative Thinking : Midterm: A | Final: A, IR 2210 Unions & Management: An Intro : Midterm: A | Final: B+,EL 1000 English Comp I : Exposition : Midterm: A | Final: A, MA2310 Calculus and Analytic Geometry I : Midterm: A- | Final: A,spring 2020, MA2300 Calculus for Business & Economics : Midterm: A | Final: A, PE 2650 Intro to U.S. Politics : Midterm: A | Final: A, VA2020 Basic Design : Midterm : A | Final: A, EL 2239 Horror Literature : Midterm : B | Final: A,fall 2020,HI 3640  African History : Midterm: A | Final: A,HI 3835 Islamic Cultures : Midterm : A | Final: A,EL 3010  Structure & Grammar of English : Miderm: A | Final: A, HI 3091 African Cultures : Midterm: B | Final: B-,,,,,,,,,,,,,,,,,,,,,606b5915962b7170e065a4dc,Full Time,700005746,Almire Coulton,2leo2SmF0XE,12/24/1998,80024 Monument Center,,,,,,,0
aselwinpd@furl.net,Management Information Systems,,,,,,,,,,,,,,,,,,,,,,,,,,,,,,,,,,,,,,,,,,,,,Graduate,fall 2017,VA2010 Intro. to Creative Thinking : Midterm: A | Final: A, CS 2510 Computer Programming I : Midterm: A | Final: B+,EL 1000 English Comp I : Exposition : Midterm: A | Final: A,MA 1020 College Algebra : Midterm: A- | Final: A,spring 2018, CS 2511 Computer Programming II : Midterm: A | Final: A, MA2000 Applied Statistics : Midterm: A | Final: A, VA2020 Basic Design : Midterm : A | Final: A, EL 2239 Horror Literature : Midterm : B | Final: A,fall 2018,HI 3640  African History : Midterm: A | Final: A,HI 3835 Islamic Cultures : Midterm : A | Final: A,EL 3010  Structure & Grammar of English : Miderm: A | Final: A, HI 3091 African Cultures : Midterm: B | Final: B-,spring 2019, CS 3611 Advanced C# : Midterm: B | Final: A, BU 3800 Marketing: Principles&Concepts : Midterm: A | Final: B, BU3010 Information Systems for Managers : Midterm: A | Final: A, VA3100 Visual Culture : Midterm: B | Final: C+,fall 2019, CS 3620 Computer Architecture I : Midterm: B | Final: A, CS 4501 Software Engineering : Midterm: A | Final: A,VA3200 Art Tutorials I : Midterm: A | Final: A,VA3400 Digital Imaging : Midterm: A | Final: B,spring 2020,VA4200 Art Tutorials II : Midterm: A | Final: A, CS 3911 C++in Object Oriented Design : Midterm: A | Final: A-, CS 4550 Database Management Systems : Midterm: B | Final: A, CS 3810  Data Structures & Algorithms : Midterm: A | Final: A,fall 2020, CS 4720 Internet & Web Tech : Midterm: C | Final: B+, CS 4400  Artificial Intelligence : Midterm: A | Final: A, CS 5710 Computer Networks : Midterm: A | Final: A, CS 4705 Intro to Computer Security : Midterm: A | Final: A,606b5915962b7170e065a4dd,Full Time,700850651,Alaine Selwin,6xw0nQxe4,10/29/1995,25680 Bayside Crossing,spring 2021, CS 5910 Systems Design & Implement : Midterm: A | Final: A, CS 5610  Operating Systems : Midterm: A | Final: A, CS 5810  Data Mining : Midterm: A | Final: B, CS 4100 Technical Communications : Midterm: B | Final: B+,,0
asherlockph@histats.com,Sociology,,,,,,,,,,,,,,,,,,,,,,,,,,,,,,,,,,,,,,,,,,,,,Undergraduate - Freshman,,,,,,,,,,,,,,,,,,,,,,,,,,,,,,,,,,,,606b5915962b7170e065a4de,Part Time,700196009,Angus Sherlock,bxjUARrmu,1/16/1998,6 Warner Center,,,,,,,0
ypaddockpg@google.com.hk,Sociology,,,,,,,,,,,,,,,,,,,,,,,,,,,,,,,,,,,,,,,,,,,,,Undergraduate - Junior,fall 2018,VA2010 Intro. to Creative Thinking: Midterm: A | Final: A, SY2400 Sociology Through the Arts : Midterm: A | Final: B+,EL 1000 English Comp I: Exposition: Midterm: A | Final: A,MA 1020 College Algebra: Midterm: A- | Final: A,spring 2019, SY2550 Social Problems: Midterm: A | Final: A, SY2600 Social Deviance: Midterm: A | Final: A, VA2020 Basic Design : Midterm: A | Final: A, EL 2239 Horror Literature : Midterm: B | Final: A,fall 2019,HI 3640  African History : Midterm: A | Final: A,HI 3835 Islamic Cultures : Midterm: A | Final: A,EL 3010  Structure & Grammar of English : Miderm: A | Final: A, HI 3091 African Cultures: Midterm: B | Final: B-,spring 2020, SY2800 Race: Midterm: B | Final: A, SY3160 Sociology of Culture : Midterm: A | Final: B, SY3280 Social Inequality : Midterm: A | Final: A, VA3100 Visual Culture: Midterm: B | Final: C+,fall 2020, SY3630 Political Sociology : Midterm: B | Final: A, SY3700 Family and Society : Midterm: A | Final: A,VA3200 Art Tutorials I: Midterm: A | Final: A,VA3400 Digital Imaging : Midterm: A | Final: B,,,,,,,,,,,606b5915962b7170e065a4df,Full Time,700201881,Yolanthe Paddock,10AbwcTo,11/17/1998,5 Donald Pass,,,,,,,0
cscrubypk@umich.edu,Adolescence Education: Chemistry (7-12),,,,,,,,,,,,,,,,,,,,,,,,,,,,,,,,,,,,,,,,,,,,,Undergraduate - Freshman,,,,,,,,,,,,,,,,,,,,,,,,,,,,,,,,,,,,606b5915962b7170e065a4e0,Part Time,700784986,Cristina Scruby,QqtKdgX,1/25/1996,30468 Porter Hill,,,,,,,0
shastinpi@ucla.edu,Computer & Information Science,,,,,,,,,,,,,,,,,,,,,,,,,,,,,,,,,,,,,,,,,,,,,Undergraduate - Sophomore,fall 2019,VA2010 Intro. to Creative Thinking: Midterm: A | Final: A,CS 2510 Computer Programming I : Midterm: A | Final: B+,,,spring 2020, CS 2511 Computer Programming II: Midterm: A | Final: A, MA2310 Calculus and Analytic Geometry I: Midterm: A | Final: A,,,fall 2020,HI 3640  African History : Midterm: A | Final: A,HI 3835 Islamic Cultures : Midterm: A | Final: A,,,,,,,,,,,,,,,,,,,,,,,606b5915962b7170e065a4e1,Part Time,700503381,Stavro Hastin,k84q8iJ2wY5l,1/9/1998,88928 Meadow Valley Crossing,,,,,,,0
kandrysiakpl@youtube.com,Visual Arts: Electronic Media,,,,,,,,,,,,,,,,,,,,,,,,,,,,,,,,,,,,,,,,,,,,,Undergraduate - Sophomore,fall 2019,VA2010 Intro. to Creative Thinking : Midterm: A | Final: A, CS 2510 Computer Programming I : Midterm: A | Final: B+,,,spring 2020, CS 2511 Computer Programming II : Midterm: A | Final: A, VA2030 Drawing : Midterm: A | Final: A,,,fall 2020,HI 3640  African History : Midterm: A | Final: A,HI 3835 Islamic Cultures : Midterm: A | Final: A,,,,,,,,,,,,,,,,,,,,,,,606b5915962b7170e065a4e2,Part Time,700111309,Konstance Andrysiak,Hw1XIDrMNDR,9/24/1996,89750 Reindahl Terrace,,,,,,,0
cmcgrottyp2@ameblo.jp,Media and Communications,,,,,,,,,,,,,,,,,,,,,,,,,,,,,,,,,,,,,,,,,,,,,Graduate,fall 2017,VA2010 Intro. to Creative Thinking : Midterm: A | Final: A, AS2020 New Media CE : Midterm: A | Final: B+,EL 1000 English Comp I : Exposition : Midterm: A | Final: A, MA2310 Calculus and Analytic Geometry I : Midterm: A- | Final: A,spring 2018, AS2652 Media Studies : Midterm: A | Final: A, AS2700 The Engaged Eye : Midterm: A | Final: A, VA2020 Basic Design : Midterm : A | Final: A, EL 2239 Horror Literature : Midterm : B | Final: A,fall 2018,HI 3640  African History : Midterm: A | Final: A,HI 3835 Islamic Cultures : Midterm : A | Final: A,EL 3010  Structure & Grammar of English : Miderm: A | Final: A, HI 3091 African Cultures : Midterm: B | Final: B-,spring 2019, AS3310 From Citizen to Consumer : Midterm: B | Final: A, AS3632 History of U.S. Film : Midterm: A | Final: B, AS3712 American Film Genres : Midterm: A | Final: A, VA3100 Visual Culture : Midterm: B | Final: C+,fall 2019, AS3722 History of Mass Media : Midterm: B | Final: A, AS3732 Politics of Media & Inst : Midterm: A | Final: A,VA3200 Art Tutorials I : Midterm: A | Final: A,VA3400 Digital Imaging : Midterm: A | Final: B,spring 2020,VA4200 Art Tutorials II : Midterm: A | Final: A, AS3735 Documentary Media Studies : Midterm: A | Final: A-, AS3742 Myths and Images in Film : Midterm: B | Final: A, AS3745 Feminine and Masculine in Film : Midterm: A | Final: A,fall 2020, AS3810 Music and Media : Midterm: C | Final: B+, AS3830 Public Relations and Society : Midterm: A | Final: A, AS3842 African-Americans and the Mass Media : Midterm: A | Final: A, AS3852 Women and the Media : Midterm: A | Final: A,606b5915962b7170e065a4e3,Full Time,700054561,Curt McGrotty,hDz0nYNI,6/1/1998,96573 Northland Parkway,spring 2021, AS4160 Special Topics in Media Studies : Midterm: A | Final: A, AS4280 Global Media : Midterm: A | Final: A, AS4722 Film: Ideas and Aesthetics : Midterm: A | Final: B, AS4725 The Photograph and American Culture : Midterm: B | Final: B+,,0
lcollidgepj@statcounter.com,English,,,,,,,,,,,,,,,,,,,,,,,,,,,,,,,,,,,,,,,,,,,,,Undergraduate - Junior,fall 2018,VA2010 Intro. to Creative Thinking : Midterm: A | Final: A, HI1010 World Religions: West : Midterm: A | Final: B+,,,spring 2019, EL 2239 Horror Literature : Midterm: A | Final: A, 2410  Basic Bio Sciences II : Midterm: A | Final: A,,,fall 2019,HI 3640  African History : Midterm: A | Final: A,HI 3835 Islamic Cultures : Midterm: A | Final: A,,,spring 2020, EL 3510  Lit Across Cultures II:Theory : Midterm: B | Final: A, EL 3600 US Literature I : Midterm: A | Final: B,,,fall 2020, EL 3610  US Literature II : Midterm: B | Final: A, EL 3810  Eng Lit II:Romantics - Present : Midterm: A | Final: A,,,,,,,,,,,,,606b5915962b7170e065a4e4,Part Time,700923867,Lalo Collidge,UwTSS0QnFHb,10/23/1998,2914 Scoville Junction,,,,,,,0
gferripn@1und1.de,Sociology,,,,,,,,,,,,,,,,,,,,,,,,,,,,,,,,,,,,,,,,,,,,,Undergraduate - Junior,fall 2018,VA2010 Intro. to Creative Thinking: Midterm: A | Final: A, SY2400 Sociology Through the Arts : Midterm: A | Final: B+,,,spring 2019, SY2550 Social Problems: Midterm: A | Final: A, SY2600 Social Deviance: Midterm: A | Final: A,,,fall 2019,HI 3640  African History : Midterm: A | Final: A,HI 3835 Islamic Cultures : Midterm: A | Final: A,,,spring 2020, SY2800 Race: Midterm: B | Final: A, SY3160 Sociology of Culture : Midterm: A | Final: B,,,fall 2020, SY3630 Political Sociology : Midterm: B | Final: A, SY3700 Family and Society : Midterm: A | Final: A,,,,,,,,,,,,,606b5915962b7170e065a4e5,Part Time,700840899,Guillemette Ferri,y07XcUaFbks,11/7/1995,614 Nova Parkway,,,,,,,0
mhaxleypo@posterous.com,Childhood Education (1-6),,,,,,,,,,,,,,,,,,,,,,,,,,,,,,,,,,,,,,,,,,,,,Undergraduate - Sophomore,fall 2019,VA2010 Intro. to Creative Thinking : Midterm: A | Final: A, PY2010 Introduction to Psychology : Midterm: A | Final: B+,EL 1000 English Comp I : Exposition : Midterm: A | Final: A,MA 1020 College Algebra : Midterm: A- | Final: A,spring 2020, PY2340 Community Psychology : Midterm: A | Final: A, PY2530 Psychology of Prejudice : Midterm: A | Final: A, VA2020 Basic Design : Midterm : A | Final: A, EL 2239 Horror Literature : Midterm : B | Final: A,fall 2020,HI 3640  African History : Midterm: A | Final: A,HI 3835 Islamic Cultures : Midterm: A | Final: A,EL 3010  Structure & Grammar of English : Miderm: A | Final: A, HI 3091 African Cultures : Midterm: B | Final: B-,,,,,,,,,,,,,,,,,,,,,606b5915962b7170e065a4e6,Full Time,700335769,Marjy Haxley,n74rdLFx,6/23/1995,5397 Jana Park,,,,,,,0
achildspm@shinystat.com,Finance,,,,,,,,,,,,,,,,,,,,,,,,,,,,,,,,,,,,,,,,,,,,,Graduate,fall 2017,VA2010 Intro. to Creative Thinking : Midterm: A | Final: A, BU 3502 Principles of Accounting I : Midterm: A | Final: B+,EL 1000 English Comp I : Exposition : Midterm: A | Final: A, MA2310 Calculus and Analytic Geometry I : Midterm: A- | Final: A,spring 2018, MA2000 Applied Statistics : Midterm: A | Final: A, BU 3511Principles of Accounting II : Midterm: A | Final: A, VA2020 Basic Design : Midterm : A | Final: A, EL 2239 Horror Literature : Midterm : B | Final: A,fall 2018,HI 3640  African History : Midterm: A | Final: A,HI 3835 Islamic Cultures : Midterm : A | Final: A,EL 3010  Structure & Grammar of English : Miderm: A | Final: A, HI 3091 African Cultures : Midterm: B | Final: B-,spring 2019, BU 3010 Info Systems For Mgrs : Midterm: B | Final: A, BU 4500 Intermediate Accounting I : Midterm: A | Final: B, BU 4720   Global Financial Markets : Midterm: A | Final: A, VA3100 Visual Culture : Midterm: B | Final: C+,fall 2019, BU 4510 Intermediate Accounting II : Midterm: B | Final: A, BU 4774   Financial Markets & Inst : Midterm: A | Final: A,VA3200 Art Tutorials I : Midterm: A | Final: A,VA3400 Digital Imaging : Midterm: A | Final: B,spring 2020,VA4200 Art Tutorials II : Midterm: A | Final: A, BU 4570 Federal Income Tax I: Midterm: A | Final: A-, BU 4590 Cost Accounting : Midterm: B | Final: A, BU 5115  Operations Management : Midterm: A | Final: A,fall 2020, BU 5190  Business Strategy & Policy : Midterm: C | Final: B+, BU 5710   Fin. Modeling & Forecasting : Midterm: A | Final: A, BU 5505 Essentials-Gov't&Non-ProfAcctg : Midterm: A | Final: A, BU 5525 International Accounting : Midterm: A | Final: A,606b5915962b7170e065a4e7,Full Time,700218190,Alfred Childs,SiRwjyftH,4/8/1996,891 Columbus Pass,spring 2021, BU 5771 Global Financial Markets : Midterm: A | Final: A, BU 5740  Invest Mgmt & Securities Anal : Midterm: A | Final: A, BU 5760  Corporate Finance : Midterm: A | Final: B, BU 5789 Futures & Options Markets : Midterm: B | Final: B+,,0
nfrancesconipr@squidoo.com,Psychology,,,,,,,,,,,,,,,,,,,,,,,,,,,,,,,,,,,,,,,,,,,,,Undergraduate - Sophomore,fall 2019,VA2010 Intro. to Creative Thinking: Midterm: A | Final: A, PY2010 Introduction to Psychology : Midterm: A | Final: B+,EL 1000 English Comp I: Exposition: Midterm: A | Final: A,MA 1020 College Algebra: Midterm: A- | Final: A,spring 2020, PY2530 Psychology of Prejudice : Midterm: A | Final: A, PY2720 Psychology of Gender: Midterm: A | Final: A, VA2020 Basic Design : Midterm: A | Final: A, EL 2239 Horror Literature : Midterm: B | Final: A,fall 2020,HI 3640  African History : Midterm: A | Final: A,HI 3835 Islamic Cultures : Midterm: A | Final: A,EL 3010  Structure & Grammar of English : Miderm: A | Final: A, HI 3091 African Cultures: Midterm: B | Final: B-,,,,,,,,,,,,,,,,,,,,,606b5915962b7170e065a4e8,Full Time,700085934,Nolan Francesconi,nksVH16,12/1/1997,68024 Sommers Hill,,,,,,,0
lcandwellpp@squarespace.com,Adolescence Education: Chemistry (7-12),,,,,,,,,,,,,,,,,,,,,,,,,,,,,,,,,,,,,,,,,,,,,Undergraduate - Junior,fall 2018,VA2010 Intro. to Creative Thinking : Midterm: A | Final: A, BS 2400 Basic Bio Sciences I : Midterm: A | Final: B+,EL 1000 English Comp I : Exposition : Midterm: A | Final: A,MA 1020 College Algebra : Midterm: A- | Final: A,spring 2019, CP 2120 Principles of Chemistry I : Midterm: A | Final: A, CP 2121 Principles of Chemistry Lab I : Midterm: A | Final: A, VA2020 Basic Design : Midterm : A | Final: A, EL 2239 Horror Literature : Midterm : B | Final: A,fall 2019,HI 3640  African History : Midterm: A | Final: A,HI 3835 Islamic Cultures : Midterm: A | Final: A,EL 3010  Structure & Grammar of English : Miderm: A | Final: A, HI 3091 African Cultures : Midterm: B | Final: B-,spring 2020, CP 2130 Principles of Chemistry II : Midterm: B | Final: A, CP 2131 Principles Chemistry Lab II : Midterm: A | Final: B, CP 4510 Biochemistry I : Midterm: A | Final: A, VA3100 Visual Culture : Midterm: B | Final: C+,fall 2020, CP 3300 Organic Chemistry I : Midterm: B | Final: A, CP 3302 Organic Chemistry Lab I : Midterm: A | Final: A,VA3200 Art Tutorials I : Midterm: A | Final: A,VA3400 Digital Imaging : Midterm: A | Final: B,,,,,,,,,,,606b5915962b7170e065a4e9,Full Time,700563488,Leela Candwell,fTwDAboYv9Op,3/15/1997,1901 Forest Way,,,,,,,0
tcopaspq@booking.com,History,,,,,,,,,,,,,,,,,,,,,,,,,,,,,,,,,,,,,,,,,,,,,Undergraduate - Junior,fall 2018,VA2010 Intro. to Creative Thinking: Midterm: A | Final: A,AS 2112 American People I : Midterm: A | Final: B+,EL 1000 English Comp I: Exposition: Midterm: A | Final: A,MA 1020 College Algebra: Midterm: A- | Final: A,spring 2019,AS 2122 American People II : Midterm: A | Final: A, HI 2681 Intro to Europe Hist:1350-Present: Midterm: A | Final: A, VA2020 Basic Design : Midterm: A | Final: A,HI 3110 Latin American Culture : Midterm: B | Final: A,fall 2019,HI 3640  African History : Midterm: A | Final: A,HI 3835 Islamic Cultures : Midterm: A | Final: A,EL 3010  Structure & Grammar of English : Midterm: A | Final: A, HI 3091 African Cultures: Midterm: B | Final: B-,spring 2020,HI 4308 History Modern Middle East: Midterm: B | Final: A,HI 4632 Japanese History Through Literature : Midterm: A | Final: B,HI 4800  History of India : Midterm: A | Final: A,HI 4900 Modern China-Study Abroad: Midterm: B | Final: C+,fall 2020,PE 4690 Politics of Lat Amer/Caribbean : Midterm: B | Final: A,HI 4001 19th Century : Midterm: A | Final: A,VA3200 Art Tutorials I: Midterm: A | Final: A,VA3400 Digital Imaging : Midterm: A | Final: B,,,,,,,,,,,606b5915962b7170e065a4ea,Full Time,700193395,Twila Copas,rkylEyES,8/11/1995,8 John Wall Plaza,,,,,,,0
cattockps@huffingtonpost.com,Adolescence Education: Biology (7-12),,,,,,,,,,,,,,,,,,,,,,,,,,,,,,,,,,,,,,,,,,,,,Undergraduate - Sophomore,fall 2019,VA2010 Intro. to Creative Thinking : Midterm: A | Final: A, BS2490 Environmental Science : Midterm: A | Final: B+,,,spring 2020, BS3450 Plant Biology : Midterm: A | Final: A, BS3520 Comparative Anatomy : Midterm: A | Final: A,,,fall 2020,HI 3640  African History : Midterm: A | Final: A,HI 3835 Islamic Cultures : Midterm: A | Final: A,,,,,,,,,,,,,,,,,,,,,,,606b5915962b7170e065a4eb,Part Time,700949858,Cathryn Attock,4QRknm,1/21/1996,1129 Duke Point,,,,,,,0
dmathelypu@webs.com,History,,,,,,,,,,,,,,,,,,,,,,,,,,,,,,,,,,,,,,,,,,,,,Undergraduate - Freshman,,,,,,,,,,,,,,,,,,,,,,,,,,,,,,,,,,,,606b5915962b7170e065a4ec,Part Time,700571615,Deny Mathely,KVTZsJk2Jt,8/25/1997,74233 Mallory Lane,,,,,,,0
cthirlawaypt@guardian.co.uk,Adolescence Education: Chemistry (7-12),,,,,,,,,,,,,,,,,,,,,,,,,,,,,,,,,,,,,,,,,,,,,Undergraduate - Sophomore,fall 2019,VA2010 Intro. to Creative Thinking : Midterm: A | Final: A, BS 2400 Basic Bio Sciences I : Midterm: A | Final: B+,,,spring 2020, CP 2120 Principles of Chemistry I : Midterm: A | Final: A, CP 2121 Principles of Chemistry Lab I : Midterm: A | Final: A,,,fall 2020,HI 3640  African History : Midterm: A | Final: A,HI 3835 Islamic Cultures : Midterm: A | Final: A,,,,,,,,,,,,,,,,,,,,,,,606b5915962b7170e065a4ed,Part Time,700386841,Cyrillus Thirlaway,T9S49OVc,12/1/1995,23229 Miller Junction,,,,,,,0
rsilvertonpv@vimeo.com,Adolescence Education: Social Studies (7-12),,,,,,,,,,,,,,,,,,,,,,,,,,,,,,,,,,,,,,,,,,,,,Undergraduate - Freshman,,,,,,,,,,,,,,,,,,,,,,,,,,,,,,,,,,,,606b5915962b7170e065a4ee,Part Time,700126338,Rem Silverton,4DECQc,6/14/1995,8 Warrior Alley,,,,,,,0
shallworthpx@oakley.com,Criminology,,,,,,,,,,,,,,,,,,,,,,,,,,,,,,,,,,,,,,,,,,,,,Undergraduate - Senior,fall 2017,VA2010 Intro. to Creative Thinking : Midterm: A | Final: A, SY 1500  Intro Sociology : Midterm: A | Final: B+,,,spring 2018, CR 1500 Intro to Criminology : Midterm: A | Final: A, CR 2090  Juvenile Delinquency : Midterm: A | Final: A,,,fall 2018,HI 3640  African History : Midterm: A | Final: A,HI 3835 Islamic Cultures : Midterm: A | Final: A,,,spring 2019, PY2010 Introduction to Psychology : Midterm: B | Final: A, SY 2600  Social Deviance : Midterm: A | Final: B,,,fall 2019, CR 3093  Criminal Justice Admin : Midterm: B | Final: A, CR 3094 Drugs and Society : Midterm: A | Final: A,,,spring 2020,VA4200 Art Tutorials II : Midterm: A | Final: A, CR 3117  Policing Bodies : Midterm: A | Final: A-,,,fall 2020, CR 4000 Gender : Midterm: C | Final: B+, CR 4091 Punishment & Corrections : Midterm: A | Final: A,,,606b5915962b7170e065a4ef,Part Time,700442988,Sloane Hallworth,NeajqVvhY6a2,4/28/1995,46 Russell Terrace,,,,,,,0
mmenurepw@vimeo.com,Sociology,,,,,,,,,,,,,,,,,,,,,,,,,,,,,,,,,,,,,,,,,,,,,Graduate,fall 2017,VA2010 Intro. to Creative Thinking: Midterm: A | Final: A, SY2400 Sociology Through the Arts : Midterm: A | Final: B+,EL 1000 English Comp I: Exposition: Midterm: A | Final: A,MA 1020 College Algebra: Midterm: A- | Final: A,spring 2018, SY2550 Social Problems: Midterm: A | Final: A, SY2600 Social Deviance: Midterm: A | Final: A, VA2020 Basic Design : Midterm: A | Final: A, EL 2239 Horror Literature : Midterm: B | Final: A,fall 2018,HI 3640  African History : Midterm: A | Final: A,HI 3835 Islamic Cultures : Midterm: A | Final: A,EL 3010  Structure & Grammar of English : Miderm: A | Final: A, HI 3091 African Cultures: Midterm: B | Final: B-,spring 2019, SY2800 Race: Midterm: B | Final: A, SY3160 Sociology of Culture : Midterm: A | Final: B, SY3280 Social Inequality : Midterm: A | Final: A, VA3100 Visual Culture: Midterm: B | Final: C+,fall 2019, SY3630 Political Sociology : Midterm: B | Final: A, SY3700 Family and Society : Midterm: A | Final: A,VA3200 Art Tutorials I: Midterm: A | Final: A,VA3400 Digital Imaging : Midterm: A | Final: B,spring 2020,VA4200 Art Tutorials II: Midterm: A | Final: A, SY3750 Medical Sociology : Midterm: A | Final: A-, SY3800 Race and Ethnicity : Midterm: B | Final: A, SY3900 Social Movements : Midterm: A | Final: A,fall 2020, SY3910 Sociology of Work : Midterm: C | Final: B+, SY4260 Social Work: Theory and Practice : Midterm: A | Final: A, SY4270 Internship in Social Work : Midterm: A | Final: A, SY4400 Social Psychology: A | Final: A,606b5915962b7170e065a4f0,Full Time,700705756,Mateo Menure,KPtBAg,7/4/1996,694 Upham Plaza,spring 2021, Sociology and Criminology : Midterm: A | Final: A, SY4500 Global Sociology : Midterm: A | Final: A, SY4600 Social Programs : Midterm: A | Final: B, SY4810 Law and Justice : Midterm: B | Final: B+,,0
lreallypz@unicef.org,Adolescence Education: Chemistry (7-12),,,,,,,,,,,,,,,,,,,,,,,,,,,,,,,,,,,,,,,,,,,,,Undergraduate - Junior,fall 2018,VA2010 Intro. to Creative Thinking : Midterm: A | Final: A, BS 2400 Basic Bio Sciences I : Midterm: A | Final: B+,EL 1000 English Comp I : Exposition : Midterm: A | Final: A,MA 1020 College Algebra : Midterm: A- | Final: A,spring 2019, CP 2120 Principles of Chemistry I : Midterm: A | Final: A, CP 2121 Principles of Chemistry Lab I : Midterm: A | Final: A, VA2020 Basic Design : Midterm : A | Final: A, EL 2239 Horror Literature : Midterm : B | Final: A,fall 2019,HI 3640  African History : Midterm: A | Final: A,HI 3835 Islamic Cultures : Midterm: A | Final: A,EL 3010  Structure & Grammar of English : Miderm: A | Final: A, HI 3091 African Cultures : Midterm: B | Final: B-,spring 2020, CP 2130 Principles of Chemistry II : Midterm: B | Final: A, CP 2131 Principles Chemistry Lab II : Midterm: A | Final: B, CP 4510 Biochemistry I : Midterm: A | Final: A, VA3100 Visual Culture : Midterm: B | Final: C+,fall 2020, CP 3300 Organic Chemistry I : Midterm: B | Final: A, CP 3302 Organic Chemistry Lab I : Midterm: A | Final: A,VA3200 Art Tutorials I : Midterm: A | Final: A,VA3400 Digital Imaging : Midterm: A | Final: B,,,,,,,,,,,606b5915962b7170e065a4f1,Full Time,700779600,Larisa Really,eRb7579NP,12/19/1995,73 Luster Point,,,,,,,0
rpickerinq1@flavors.me,Industrial and Labor Relations,,,,,,,,,,,,,,,,,,,,,,,,,,,,,,,,,,,,,,,,,,,,,Undergraduate - Freshman,,,,,,,,,,,,,,,,,,,,,,,,,,,,,,,,,,,,606b5915962b7170e065a4f2,Part Time,700226169,Rafferty Pickerin,oCGC8hE3k,7/18/1997,20 Briar Crest Lane,,,,,,,0
acastagnoq0@hud.gov,Politics & Economics & Law,,,,,,,,,,,,,,,,,,,,,,,,,,,,,,,,,,,,,,,,,,,,,Undergraduate - Junior,fall 2018,VA2010 Intro. to Creative Thinking : Midterm: A | Final: A, PE2300 Introduction to Law : Midterm: A | Final: B+,EL 1000 English Comp I : Exposition : Midterm: A | Final: A,MA 1020 College Algebra : Midterm: A- | Final: A,spring 2019, PE2650 Introduction to U.S. Politics : Midterm: A | Final: A, IR2210 Unions and Management: An Introduction : Midterm: A | Final: A, VA2020 Basic Design : Midterm : A | Final: A, EL 2239 Horror Literature : Midterm : B | Final: A,fall 2019,HI 3640  African History : Midterm: A | Final: A,HI 3835 Islamic Cultures : Midterm: A | Final: A,EL 3010  Structure & Grammar of English : Miderm: A | Final: A, HI 3091 African Cultures : Midterm: B | Final: B-,spring 2020, PE2220 Introduction to Urban Issues : Midterm: B | Final: A, PE2400 Introduction to Political Economy : Midterm: A | Final: B, IR 3140 Unions & Public Policy: Midterm: A | Final: A, VA3100 Visual Culture : Midterm: B | Final: C+,fall 2020, IR 3300 CollectiveBarg & GrievanceProc : Midterm: B | Final: A, PE3100 International Relations : Midterm: A | Final: A,VA3200 Art Tutorials I : Midterm: A | Final: A,VA3400 Digital Imaging : Midterm: A | Final: B,,,,,,,,,,,606b5915962b7170e065a4f3,Full Time,700958655,Averil Castagno,seqRPwB,12/22/1995,9 Erie Trail,,,,,,,0
pmidnerq2@epa.gov,Psychology,,,,,,,,,,,,,,,,,,,,,,,,,,,,,,,,,,,,,,,,,,,,,Undergraduate - Senior,fall 2017,VA2010 Intro. to Creative Thinking: Midterm: A | Final: A, PY2010 Introduction to Psychology : Midterm: A | Final: B+,,,spring 2018, PY2530 Psychology of Prejudice : Midterm: A | Final: A, PY2720 Psychology of Gender: Midterm: A | Final: A,,,fall 2018,HI 3640  African History : Midterm: A | Final: A,HI 3835 Islamic Cultures : Midterm: A | Final: A,,,spring 2019, PY3110 Research Methods I: (Orientation): Midterm: B | Final: A, PY2340 Community Psychology : Midterm: A | Final: B,,,fall 2019, PY3120 Research Methods II: (Statistics) : Midterm: B | Final: A, PY3610 Brain & Behavior: A | Final: A,,,spring 2020,VA4200 Art Tutorials II: Midterm: A | Final: A, PY4100 Research Methods III (Advanced Research Skills) : Midterm: A | Final: A-,,,fall 2020, PY4130 Field Experience and Research : Midterm: C | Final: B+, PY3310 Abnormal Human Behavior : Midterm: A | Final: A,,,606b5915962b7170e065a4f4,Part Time,700210006,Penny Midner,KiOHHwWm,3/28/1998,67 Sheridan Street,,,,,,,0
akilgannonpy@biblegateway.com,Psychology,,,,,,,,,,,,,,,,,,,,,,,,,,,,,,,,,,,,,,,,,,,,,Graduate,fall 2017,VA2010 Intro. to Creative Thinking: Midterm: A | Final: A, PY2010 Introduction to Psychology : Midterm: A | Final: B+,EL 1000 English Comp I: Exposition: Midterm: A | Final: A,MA 1020 College Algebra: Midterm: A- | Final: A,spring 2018, PY2530 Psychology of Prejudice : Midterm: A | Final: A, PY2720 Psychology of Gender: Midterm: A | Final: A, VA2020 Basic Design : Midterm: A | Final: A, EL 2239 Horror Literature : Midterm: B | Final: A,fall 2018,HI 3640  African History : Midterm: A | Final: A,HI 3835 Islamic Cultures : Midterm: A | Final: A,EL 3010  Structure & Grammar of English : Miderm: A | Final: A, HI 3091 African Cultures: Midterm: B | Final: B-,spring 2019, PY3110 Research Methods I: (Orientation): Midterm: B | Final: A, PY2340 Community Psychology : Midterm: A | Final: B, PY3420 Learning & Motivation : Midterm: A | Final: A, VA3100 Visual Culture: Midterm: B | Final: C+,fall 2019, PY3120 Research Methods II: (Statistics) : Midterm: B | Final: A, PY3610 Brain & Behavior: A | Final: A,VA3200 Art Tutorials I: Midterm: A | Final: A,VA3400 Digital Imaging : Midterm: A | Final: B,spring 2020,VA4200 Art Tutorials II: Midterm: A | Final: A, PY4100 Research Methods III (Advanced Research Skills) : Midterm: A | Final: A-, PY3620 Drugs & Behavior : Midterm: B | Final: A, PY3215 Foundations of Child Development : Midterm: A | Final: A,fall 2020, PY4130 Field Experience and Research : Midterm: C | Final: B+, PY3310 Abnormal Human Behavior : Midterm: A | Final: A, PY3311 Theories of Personality : Midterm: A | Final: A, PY3410 Cognitive Psychology: Midterm: A | Final: A,606b5915962b7170e065a4f5,Full Time,700784742,Adoree Kilgannon,Ixu852AQDhgh,12/18/1995,55 Duke Terrace,spring 2021, PH 3610 Intro.-U.S.Health Care System : Midterm: A | Final: A, PH 3600  Social Determinants of Health : Midterm: A | Final: A, PY3710 Psychology & Social Justice : Midterm: A | Final: B, PH 5900 Research Methods : Midterm: B | Final: B+,,0
scrennanq3@t.co,Mathematics,,,,,,,,,,,,,,,,,,,,,,,,,,,,,,,,,,,,,,,,,,,,,Undergraduate - Senior,fall 2017,VA2010 Intro. to Creative Thinking : Midterm: A | Final: A, MA2310 Calculus and Analytic Geometry I : Midterm: A | Final: B+,EL 1000 English Comp I : Exposition : Midterm: A | Final: A, CS2510 Computer Programming I : Midterm: A- | Final: A,spring 2018, MA2320 Calculus and Analytic Geometry II : Midterm: A | Final: A, CS2511 Computer Programming II : Midterm: A | Final: A, VA2020 Basic Design : Midterm : A | Final: A, EL 2239 Horror Literature : Midterm : B | Final: A,fall 2018,HI 3640  African History : Midterm: A | Final: A,HI 3835 Islamic Cultures : Midterm: A | Final: A,EL 3010  Structure & Grammar of English : Miderm: A | Final: A, HI 3091 African Cultures : Midterm: B | Final: B-,spring 2019, MA3030 Discrete Mathematics : Midterm: B | Final: A, MA3160 Linear Algebra : Midterm : A | Final: B, MA3210 Intro. To Probability & Statistics : Midterm: A | Final: A, VA3100 Visual Culture : Midterm: B | Final: C+,fall 2019, MA3330 Calculus and Analytic Geometry III : Midterm: B | Final: A, MA3520 Transition to Advanced Mathematics : Midterm: A | Final: A,VA3200 Art Tutorials I : Midterm: A | Final: A,VA3400 Digital Imaging : Midterm: A | Final: B,spring 2020,VA4200 Art Tutorials II : Midterm: A | Final: A, MA4360 Differential Equations : Midterm: A | Final: A-, MA4100 Number Theory : Midterm: B | Final: A, MA4200 Probability : Midterm: A | Final: A,fall 2020, MA4510 Geometry : Midterm: C | Final: B+, MA4910 Operations Research I : Midterm: A | Final: A, MA5120 Abstract Algebra I : Midterm: A | Final: A, MA5320 Advanced Calculus I : Midterm: A | Final: A,606b5915962b7170e065a4f6,Full Time,700826903,Simone Crennan,3RCNFXyiPZ,4/10/1995,90532 Dixon Crossing,,,,,,,0
prenackownaq4@wordpress.org,Media and Communications,,,,,,,,,,,,,,,,,,,,,,,,,,,,,,,,,,,,,,,,,,,,,Graduate,fall 2017,VA2010 Intro. to Creative Thinking : Midterm: A | Final: A, AS2020 New Media CE : Midterm: A | Final: B+,EL 1000 English Comp I : Exposition : Midterm: A | Final: A, MA2310 Calculus and Analytic Geometry I : Midterm: A- | Final: A,spring 2018, AS2652 Media Studies : Midterm: A | Final: A, AS2700 The Engaged Eye : Midterm: A | Final: A, VA2020 Basic Design : Midterm : A | Final: A, EL 2239 Horror Literature : Midterm : B | Final: A,fall 2018,HI 3640  African History : Midterm: A | Final: A,HI 3835 Islamic Cultures : Midterm : A | Final: A,EL 3010  Structure & Grammar of English : Miderm: A | Final: A, HI 3091 African Cultures : Midterm: B | Final: B-,spring 2019, AS3310 From Citizen to Consumer : Midterm: B | Final: A, AS3632 History of U.S. Film : Midterm: A | Final: B, AS3712 American Film Genres : Midterm: A | Final: A, VA3100 Visual Culture : Midterm: B | Final: C+,fall 2019, AS3722 History of Mass Media : Midterm: B | Final: A, AS3732 Politics of Media & Inst : Midterm: A | Final: A,VA3200 Art Tutorials I : Midterm: A | Final: A,VA3400 Digital Imaging : Midterm: A | Final: B,spring 2020,VA4200 Art Tutorials II : Midterm: A | Final: A, AS3735 Documentary Media Studies : Midterm: A | Final: A-, AS3742 Myths and Images in Film : Midterm: B | Final: A, AS3745 Feminine and Masculine in Film : Midterm: A | Final: A,fall 2020, AS3810 Music and Media : Midterm: C | Final: B+, AS3830 Public Relations and Society : Midterm: A | Final: A, AS3842 African-Americans and the Mass Media : Midterm: A | Final: A, AS3852 Women and the Media : Midterm: A | Final: A,606b5915962b7170e065a4f7,Full Time,700141043,Peadar Renackowna,MuxAWg6,1/28/1997,250 Menomonie Avenue,spring 2021, AS4160 Special Topics in Media Studies : Midterm: A | Final: A, AS4280 Global Media : Midterm: A | Final: A, AS4722 Film: Ideas and Aesthetics : Midterm: A | Final: B, AS4725 The Photograph and American Culture : Midterm: B | Final: B+,,0
ejertzq5@howstuffworks.com,Philosophy and Religion,,,,,,,,,,,,,,,,,,,,,,,,,,,,,,,,,,,,,,,,,,,,,Undergraduate - Senior,fall 2017,VA2010 Intro. to Creative Thinking : Midterm: A | Final: A, HI1010 World Religions: West : Midterm: A | Final: B+,,,spring 2018, HI1020 World Religions: East : Midterm: A | Final: A, HI2155 Introduction to Comparative Religion : Midterm: A | Final: A,,,fall 2018,HI 3640  African History : Midterm: A | Final: A,HI 3835 Islamic Cultures : Midterm : A | Final: A,,,spring 2019, HI2700 Introduction to Logic : Midterm: B | Final: A, HI2720 Introduction to Philosophy : Midterm: A | Final: B,,,fall 2019, HI3080 Asian Cultures : Midterm: B | Final: A, HI3840 Crescent and Cross : Midterm: A | Final: A,,,spring 2020,VA4200 Art Tutorials II : Midterm: A | Final: A, HI3011 Foundations of Judeo-Christian Tradition : Midterm: A | Final: A-,,,fall 2020, HI3703 Modern Philosophy : Midterm: C | Final: B+, HI3704 African Religions and Philosophy : Midterm: A | Final: A,,,606b5915962b7170e065a4f8,Part Time,700316267,Edithe Jertz,YGoMaNKcYP,12/10/1996,1765 Acker Crossing,,,,,,,0
gpridenq6@slashdot.org,Biological Sciences,,,,,,,,,,,,,,,,,,,,,,,,,,,,,,,,,,,,,,,,,,,,,Undergraduate - Freshman,,,,,,,,,,,,,,,,,,,,,,,,,,,,,,,,,,,,606b5915962b7170e065a4f9,Part Time,700687359,Gerome Priden,LYpDO0K,12/12/1998,2570 Mayfield Terrace,,,,,,,0
csharramq8@usatoday.com,Childhood Education (1-6),,,,,,,,,,,,,,,,,,,,,,,,,,,,,,,,,,,,,,,,,,,,,Undergraduate - Junior,fall 2018,VA2010 Intro. to Creative Thinking : Midterm: A | Final: A, PY2010 Introduction to Psychology : Midterm: A | Final: B+,,,spring 2019, PY2340 Community Psychology : Midterm: A | Final: A, PY2530 Psychology of Prejudice : Midterm: A | Final: A,,,fall 2019,HI 3640  African History : Midterm: A | Final: A,HI 3835 Islamic Cultures : Midterm: A | Final: A,,,spring 2020, PY2720 Psychology of Gender : Midterm: B | Final: A, ED3700 Child Development for Teachers : Midterm: A | Final: B,,,fall 2020, ED3950 Creating Schools for a Just Society : Midterm: B | Final: A, PY3110 Research Methods I: (Orientation) : Midterm: A | Final: A,,,,,,,,,,,,,606b5915962b7170e065a4fa,Part Time,700548471,Cristabel Sharram,GQmPARc5eLnB,11/7/1998,30113 Paget Place,,,,,,,0
smarquissqa@digg.com,Philosophy and Religion,,,,,,,,,,,,,,,,,,,,,,,,,,,,,,,,,,,,,,,,,,,,,Undergraduate - Senior,fall 2017,VA2010 Intro. to Creative Thinking : Midterm: A | Final: A, HI1010 World Religions: West : Midterm: A | Final: B+,,,spring 2018, HI1020 World Religions: East : Midterm: A | Final: A, HI2155 Introduction to Comparative Religion : Midterm: A | Final: A,,,fall 2018,HI 3640  African History : Midterm: A | Final: A,HI 3835 Islamic Cultures : Midterm : A | Final: A,,,spring 2019, HI2700 Introduction to Logic : Midterm: B | Final: A, HI2720 Introduction to Philosophy : Midterm: A | Final: B,,,fall 2019, HI3080 Asian Cultures : Midterm: B | Final: A, HI3840 Crescent and Cross : Midterm: A | Final: A,,,spring 2020,VA4200 Art Tutorials II : Midterm: A | Final: A, HI3011 Foundations of Judeo-Christian Tradition : Midterm: A | Final: A-,,,fall 2020, HI3703 Modern Philosophy : Midterm: C | Final: B+, HI3704 African Religions and Philosophy : Midterm: A | Final: A,,,606b5915962b7170e065a4fb,Part Time,700601352,Sauveur Marquiss,ieulSMjLEq,3/12/1996,49 American Ash Road,,,,,,,0
efrodshamq7@blogs.com,Sociology,,,,,,,,,,,,,,,,,,,,,,,,,,,,,,,,,,,,,,,,,,,,,Undergraduate - Junior,fall 2018,VA2010 Intro. to Creative Thinking: Midterm: A | Final: A, SY2400 Sociology Through the Arts : Midterm: A | Final: B+,EL 1000 English Comp I: Exposition: Midterm: A | Final: A,MA 1020 College Algebra: Midterm: A- | Final: A,spring 2019, SY2550 Social Problems: Midterm: A | Final: A, SY2600 Social Deviance: Midterm: A | Final: A, VA2020 Basic Design : Midterm: A | Final: A, EL 2239 Horror Literature : Midterm: B | Final: A,fall 2019,HI 3640  African History : Midterm: A | Final: A,HI 3835 Islamic Cultures : Midterm: A | Final: A,EL 3010  Structure & Grammar of English : Miderm: A | Final: A, HI 3091 African Cultures: Midterm: B | Final: B-,spring 2020, SY2800 Race: Midterm: B | Final: A, SY3160 Sociology of Culture : Midterm: A | Final: B, SY3280 Social Inequality : Midterm: A | Final: A, VA3100 Visual Culture: Midterm: B | Final: C+,fall 2020, SY3630 Political Sociology : Midterm: B | Final: A, SY3700 Family and Society : Midterm: A | Final: A,VA3200 Art Tutorials I: Midterm: A | Final: A,VA3400 Digital Imaging : Midterm: A | Final: B,,,,,,,,,,,606b5915962b7170e065a4fc,Full Time,700444610,Emelyne Frodsham,4ZW363vhOd,12/22/1996,16619 Reinke Drive,,,,,,,0
loneillqb@t.co,Adolescence Education: Mathematics (7-12),,,,,,,,,,,,,,,,,,,,,,,,,,,,,,,,,,,,,,,,,,,,,Undergraduate - Senior,fall 2017,VA2010 Intro. to Creative Thinking : Midterm: A | Final: A, MA2000 Applied Statistics : Midterm: A | Final: B+,EL 1000 English Comp I : Exposition : Midterm: A | Final: A, MA2310 Calculus and Analytic Geometry I : Midterm: A- | Final: A,spring 2018, MA2320 Calculus and Analytic Geometry II : Midterm: A | Final: A, MA3030 Discrete Mathematics : Midterm: A | Final: A, VA2020 Basic Design : Midterm : A | Final: A, EL 2239 Horror Literature : Midterm : B | Final: A,fall 2018,HI 3640  African History : Midterm: A | Final: A,HI 3835 Islamic Cultures : Midterm : A | Final: A,EL 3010  Structure & Grammar of English : Miderm: A | Final: A, HI 3091 African Cultures : Midterm: B | Final: B-,spring 2019, MA3330 Calculus and Analytic Geometry III : Midterm: B | Final: A, MA3160 Linear Algebra : Midterm: A | Final: B, MA3210 Intro. To Probability & Statistics : Midterm: A | Final: A, VA3100 Visual Culture : Midterm: B | Final: C+,fall 2019, MA4910 Operations Research I : Midterm: B | Final: A, MA4100 Number Theory : Midterm: A | Final: A,VA3200 Art Tutorials I : Midterm: A | Final: A,VA3400 Digital Imaging : Midterm: A | Final: B,spring 2020,VA4200 Art Tutorials II : Midterm: A | Final: A, MA4920 Operations Research II : Midterm: A | Final: A-, MA5230 Mathematical Statistics : Midterm: B | Final: A, MA5320 Advanced Calculus I : Midterm: A | Final: A,fall 2020, MA 6150 Geometry : Midterm: C | Final: B+, ED 6084 Method/Mtrls Teaching Math MAT : Midterm: A | Final: A, ED 6094 Literacy : Midterm: A | Final: A, ED 6902 Student Teaching Mathematics : Midterm: A | Final: A,606b5915962b7170e065a4fd,Full Time,700337505,Liana O'Neill,b3Ofnj,6/11/1996,029 Buell Center,,,,,,,0
swinnisterqd@twitter.com,Media and Communications,,,,,,,,,,,,,,,,,,,,,,,,,,,,,,,,,,,,,,,,,,,,,Undergraduate - Senior,fall 2017,VA2010 Intro. to Creative Thinking : Midterm: A | Final: A, AS2020 New Media CE : Midterm: A | Final: B+,,,spring 2018, AS2652 Media Studies : Midterm: A | Final: A, AS2700 The Engaged Eye : Midterm: A | Final: A,,,fall 2018,HI 3640  African History : Midterm: A | Final: A,HI 3835 Islamic Cultures : Midterm : A | Final: A,,,spring 2019, AS3310 From Citizen to Consumer : Midterm: B | Final: A, AS3632 History of U.S. Film : Midterm: A | Final: B,,,fall 2019, AS3722 History of Mass Media : Midterm: B | Final: A, AS3732 Politics of Media & Inst : Midterm: A | Final: A,,,spring 2020,VA4200 Art Tutorials II : Midterm: A | Final: A, AS3735 Documentary Media Studies : Midterm: A | Final: A-,,,fall 2020, AS3810 Music and Media : Midterm: C | Final: B+, AS3830 Public Relations and Society : Midterm: A | Final: A,,,606b5915962b7170e065a4fe,Part Time,700972587,Shirl Winnister,WKDet0z9wm,7/27/1997,27809 Charing Cross Drive,,,,,,,0
mraintonqe@state.tx.us,Biological Sciences,,,,,,,,,,,,,,,,,,,,,,,,,,,,,,,,,,,,,,,,,,,,,Undergraduate - Sophomore,fall 2019,VA2010 Intro. to Creative Thinking : Midterm: A | Final: A, BS2490 Environmental Science : Midterm: A | Final: B+,,,spring 2020, BS3400 Vertebrate Physiology : Midterm: A | Final: A, BS3450 Plant Biology : Midterm: A | Final: A,,,fall 2020,HI 3640  African History : Midterm: A | Final: A,HI 3835 Islamic Cultures : Midterm: A | Final: A,,,,,,,,,,,,,,,,,,,,,,,606b5915962b7170e065a4ff,Part Time,700823201,Mallory Rainton,DZMTGhkOs4N,11/6/1998,313 Kinsman Drive,,,,,,,0
spotapczukqc@hao123.com,Marketing,,,,,,,,,,,,,,,,,,,,,,,,,,,,,,,,,,,,,,,,,,,,,Graduate,fall 2017,VA2010 Intro. to Creative Thinking : Midterm: A | Final: A, IR 2210 Unions & Management: An Intro : Midterm: A | Final: B+,EL 1000 English Comp I : Exposition : Midterm: A | Final: A, MA2310 Calculus and Analytic Geometry I : Midterm: A- | Final: A,spring 2018, MA2300 Calculus for Business & Economics : Midterm: A | Final: A, PE 2650 Intro to U.S. Politics : Midterm: A | Final: A, VA2020 Basic Design : Midterm : A | Final: A, EL 2239 Horror Literature : Midterm : B | Final: A,fall 2018,HI 3640  African History : Midterm: A | Final: A,HI 3835 Islamic Cultures : Midterm : A | Final: A,EL 3010  Structure & Grammar of English : Miderm: A | Final: A, HI 3091 African Cultures : Midterm: B | Final: B-,spring 2019, BU3600 Principles Business Law : Midterm: B | Final: A, BU3800 Marketing: Principles & Concepts : Midterm: A | Final: B, MA2320 Calculus and Analytic Geometry II : Midterm: A | Final: A, VA3100 Visual Culture : Midterm: B | Final: C+,fall 2019, BU3905 Business Communication : Midterm: B | Final: A, IR 3140 Unions & Public Policy : Midterm: A | Final: A,VA3200 Art Tutorials I : Midterm: A | Final: A,VA3400 Digital Imaging : Midterm: A | Final: B,spring 2020,VA4200 Art Tutorials II : Midterm: A | Final: A, IR 3300 CollectiveBarg & GrievanceProc : Midterm: A | Final: A-, BU4110 Organizational Behavior & Management : Midterm: B | Final: A, IR 4320 Labor & Employment Law : Midterm: A | Final: A,fall 2020, BU4762 Financial Management : Midterm: C | Final: B+, BU4800 Marketing Research : Midterm: A | Final: A, BU4820 International Marketing : Midterm: A | Final: A, BU4851 Consumer Behavior : Midterm: A | Final: A,606b5915962b7170e065a500,Full Time,700750059,Saudra Potapczuk,Yr8oE9R6G,3/8/1998,42641 Heffernan Circle,spring 2021, BU5115 Operations Management : Midterm: A | Final: A, BU5190 Business Strategy & Policy : Midterm: A | Final: A, BU5880 Brand Theory & Strategy : Midterm: A | Final: B, MA5230 Mathematical Statistics : Midterm: B | Final: B+,,0
nojedaq9@howstuffworks.com,Media and Communications,,,,,,,,,,,,,,,,,,,,,,,,,,,,,,,,,,,,,,,,,,,,,Graduate,fall 2017,VA2010 Intro. to Creative Thinking : Midterm: A | Final: A, AS2020 New Media CE : Midterm: A | Final: B+,EL 1000 English Comp I : Exposition : Midterm: A | Final: A, MA2310 Calculus and Analytic Geometry I : Midterm: A- | Final: A,spring 2018, AS2652 Media Studies : Midterm: A | Final: A, AS2700 The Engaged Eye : Midterm: A | Final: A, VA2020 Basic Design : Midterm : A | Final: A, EL 2239 Horror Literature : Midterm : B | Final: A,fall 2018,HI 3640  African History : Midterm: A | Final: A,HI 3835 Islamic Cultures : Midterm : A | Final: A,EL 3010  Structure & Grammar of English : Miderm: A | Final: A, HI 3091 African Cultures : Midterm: B | Final: B-,spring 2019, AS3310 From Citizen to Consumer : Midterm: B | Final: A, AS3632 History of U.S. Film : Midterm: A | Final: B, AS3712 American Film Genres : Midterm: A | Final: A, VA3100 Visual Culture : Midterm: B | Final: C+,fall 2019, AS3722 History of Mass Media : Midterm: B | Final: A, AS3732 Politics of Media & Inst : Midterm: A | Final: A,VA3200 Art Tutorials I : Midterm: A | Final: A,VA3400 Digital Imaging : Midterm: A | Final: B,spring 2020,VA4200 Art Tutorials II : Midterm: A | Final: A, AS3735 Documentary Media Studies : Midterm: A | Final: A-, AS3742 Myths and Images in Film : Midterm: B | Final: A, AS3745 Feminine and Masculine in Film : Midterm: A | Final: A,fall 2020, AS3810 Music and Media : Midterm: C | Final: B+, AS3830 Public Relations and Society : Midterm: A | Final: A, AS3842 African-Americans and the Mass Media : Midterm: A | Final: A, AS3852 Women and the Media : Midterm: A | Final: A,606b5915962b7170e065a501,Full Time,700541617,Nancey Ojeda,CTKxJv,2/14/1996,36493 Calypso Hill,spring 2021, AS4160 Special Topics in Media Studies : Midterm: A | Final: A, AS4280 Global Media : Midterm: A | Final: A, AS4722 Film: Ideas and Aesthetics : Midterm: A | Final: B, AS4725 The Photograph and American Culture : Midterm: B | Final: B+,,0
nclearieqh@uol.com.br,History,,,,,,,,,,,,,,,,,,,,,,,,,,,,,,,,,,,,,,,,,,,,,Undergraduate - Sophomore,fall 2019,VA2010 Intro. to Creative Thinking: Midterm: A | Final: A,AS 2112 American People I : Midterm: A | Final: B+,,,spring 2020,AS 2122 American People II : Midterm: A | Final: A, HI 2681 Intro to Europe Hist:1350-Present: Midterm: A | Final: A,,,fall 2020,HI 3640  African History : Midterm: A | Final: A,HI 3835 Islamic Cultures : Midterm: A | Final: A,,,,,,,,,,,,,,,,,,,,,,,606b5915962b7170e065a502,Part Time,700120544,Noah Clearie,htTXqrgi,4/20/1996,2 Magdeline Court,,,,,,,0
nsummersbyqf@rakuten.co.jp,Adolescence Education: Chemistry (7-12),,,,,,,,,,,,,,,,,,,,,,,,,,,,,,,,,,,,,,,,,,,,,Undergraduate - Senior,fall 2017,VA2010 Intro. to Creative Thinking : Midterm: A | Final: A, BS 2400 Basic Bio Sciences I : Midterm: A | Final: B+,EL 1000 English Comp I : Exposition : Midterm: A | Final: A,MA 1020 College Algebra : Midterm: A- | Final: A,spring 2018, CP 2120 Principles of Chemistry I : Midterm: A | Final: A, CP 2121 Principles of Chemistry Lab I : Midterm: A | Final: A, VA2020 Basic Design : Midterm : A | Final: A, EL 2239 Horror Literature : Midterm : B | Final: A,fall 2018,HI 3640  African History : Midterm: A | Final: A,HI 3835 Islamic Cultures : Midterm: A | Final: A,EL 3010  Structure & Grammar of English : Miderm: A | Final: A, HI 3091 African Cultures : Midterm: B | Final: B-,spring 2019, CP 2130 Principles of Chemistry II : Midterm: B | Final: A, CP 2131 Principles Chemistry Lab II : Midterm: A | Final: B, CP 4510 Biochemistry I : Midterm: A | Final: A, VA3100 Visual Culture : Midterm: B | Final: C+,fall 2019, CP 3300 Organic Chemistry I : Midterm: B | Final: A, CP 3302 Organic Chemistry Lab I : Midterm: A | Final: A,VA3200 Art Tutorials I : Midterm: A | Final: A,VA3400 Digital Imaging : Midterm: A | Final: B,spring 2020,VA4200 Art Tutorials II : Midterm: A | Final: A, CP 3310 Organic Chemistry II : Midterm: A | Final: A-, CP 3312 Organic Chemistry Lab II : Midterm: B | Final: A, CP 3400 Analytical Chemistry-Lect/Lab : Midterm: A | Final: A,fall 2020, CP 4700 Physical Chemistry I : Midterm: C | Final: B+, CP 4515 Biochemistry II : Midterm: A | Final: A, CP 4520 Biochemistry Lab : Midterm: A | Final: A, CP 5920 Seminar I : Midterm: A | Final: A,606b5915962b7170e065a503,Full Time,700398433,Nowell Summersby,SoAcjf51oAbk,11/25/1996,05 Westerfield Drive,,,,,,,0
ngwinnellqk@prnewswire.com,Adolescence Education: Social Studies (7-12),,,,,,,,,,,,,,,,,,,,,,,,,,,,,,,,,,,,,,,,,,,,,Undergraduate - Freshman,,,,,,,,,,,,,,,,,,,,,,,,,,,,,,,,,,,,606b5915962b7170e065a504,Full Time,700920577,Norri Gwinnell,C9Bx3A,8/1/1996,433 Arizona Center,,,,,,,0
mmcalessqg@nsw.gov.au,Biological Sciences,,,,,,,,,,,,,,,,,,,,,,,,,,,,,,,,,,,,,,,,,,,,,Graduate,fall 2017,VA2010 Intro. to Creative Thinking : Midterm: A | Final: A, BS2490 Environmental Science : Midterm: A | Final: B+,EL 1000 English Comp I : Exposition : Midterm: A | Final: A,MA 1020 College Algebra : Midterm: A- | Final: A,spring 2018, BS3400 Vertebrate Physiology : Midterm: A | Final: A, BS3450 Plant Biology : Midterm: A | Final: A, VA2020 Basic Design : Midterm : A | Final: A, EL 2239 Horror Literature : Midterm : B | Final: A,fall 2018,HI 3640  African History : Midterm: A | Final: A,HI 3835 Islamic Cultures : Midterm: A | Final: A,EL 3010  Structure & Grammar of English : Miderm: A | Final: A, HI 3091 African Cultures : Midterm: B | Final: B-,spring 2019, BS3510 Parasitology : Midterm: B | Final: A, BS3531 Comparative Genomics Lab : Midterm: A | Final: B, BS3530 Comparative Genomics : Midterm: A | Final: A, VA3100 Visual Culture : Midterm: B | Final: C+,fall 2019, BS3520 Comparative Anatomy : Midterm: B | Final: A, BS3710 Environmental Physiology : Midterm: A | Final: A,VA3200 Art Tutorials I : Midterm: A | Final: A,VA3400 Digital Imaging : Midterm: A | Final: B,spring 2020,VA4200 Art Tutorials II : Midterm: A | Final: A, BS3810  Biological Aspects of Aging : Midterm: A | Final: A-, BS4400 Cell Biology : Midterm: B | Final: A, BS4460 Genetics : Midterm: A | Final: A,fall 2020, BS4440 Evolution : Midterm: C | Final: B+, BS4410  Histology : Midterm: A | Final: A, BS4420  Microbiology : Midterm: A | Final: A, BS4430  Developmental Biology : Midterm: A | Final: A,606b5915962b7170e065a505,Full Time,700310869,Melisenda McAless,0kYO9N,7/2/1998,4 Springview Park,spring 2021, BS4461  Immunology : Midterm: A | Final: A, BS4470  Ecology : Midterm: A | Final: A, MA5230 Mathematical Statistics : Midterm: A | Final: B, MA5380 Complex Analysis : Midterm: B | Final: B+,,0
cvarahqm@cdc.gov,Biological Sciences,,,,,,,,,,,,,,,,,,,,,,,,,,,,,,,,,,,,,,,,,,,,,Undergraduate - Freshman,,,,,,,,,,,,,,,,,,,,,,,,,,,,,,,,,,,,606b5915962b7170e065a506,Part Time,700586842,Chloe Varah,IjD45xUh64,7/2/1997,84589 Lien Junction,,,,,,,0
eyesichevql@dyndns.org,Biological Sciences,,,,,,,,,,,,,,,,,,,,,,,,,,,,,,,,,,,,,,,,,,,,,Undergraduate - Senior,fall 2017,VA2010 Intro. to Creative Thinking : Midterm: A | Final: A, BS2490 Environmental Science : Midterm: A | Final: B+,,,spring 2018, BS3400 Vertebrate Physiology : Midterm: A | Final: A, BS3450 Plant Biology : Midterm: A | Final: A,,,fall 2018,HI 3640  African History : Midterm: A | Final: A,HI 3835 Islamic Cultures : Midterm: A | Final: A,,,spring 2019, BS3510 Parasitology : Midterm: B | Final: A, BS3531 Comparative Genomics Lab : Midterm: A | Final: B,,,fall 2019, BS3520 Comparative Anatomy : Midterm: B | Final: A, BS3710 Environmental Physiology : Midterm: A | Final: A,,,spring 2020,VA4200 Art Tutorials II : Midterm: A | Final: A, BS3810  Biological Aspects of Aging : Midterm: A | Final: A-,,,fall 2020, BS4440 Evolution : Midterm: C | Final: B+, BS4410  Histology : Midterm: A | Final: A,,,606b5915962b7170e065a507,Part Time,700049359,Elbertina Yesichev,Oto4UivzNz,7/10/1996,1 Mariners Cove Trail,,,,,,,0
ebrookesbieqn@123-reg.co.uk,Biological Sciences,,,,,,,,,,,,,,,,,,,,,,,,,,,,,,,,,,,,,,,,,,,,,Undergraduate - Sophomore,fall 2019,VA2010 Intro. to Creative Thinking : Midterm: A | Final: A, BS2490 Environmental Science : Midterm: A | Final: B+,,,spring 2020, BS3400 Vertebrate Physiology : Midterm: A | Final: A, BS3450 Plant Biology : Midterm: A | Final: A,,,fall 2020,HI 3640  African History : Midterm: A | Final: A,HI 3835 Islamic Cultures : Midterm: A | Final: A,,,,,,,,,,,,,,,,,,,,,,,606b5915962b7170e065a508,Part Time,700093008,Eustacia Brookesbie,5LLtBphE,9/28/1998,3854 Ohio Plaza,,,,,,,0
fabramovicqi@furl.net,Philosophy and Religion,,,,,,,,,,,,,,,,,,,,,,,,,,,,,,,,,,,,,,,,,,,,,Graduate,fall 2017,VA2010 Intro. to Creative Thinking : Midterm: A | Final: A, HI1010 World Religions: West : Midterm: A | Final: B+,EL 1000 English Comp I : Exposition : Midterm: A | Final: A, MA2310 Calculus and Analytic Geometry I : Midterm: A- | Final: A,spring 2018, HI1020 World Religions: East : Midterm: A | Final: A, HI2155 Introduction to Comparative Religion : Midterm: A | Final: A, VA2020 Basic Design : Midterm : A | Final: A, EL 2239 Horror Literature : Midterm : B | Final: A,fall 2018,HI 3640  African History : Midterm: A | Final: A,HI 3835 Islamic Cultures : Midterm : A | Final: A,EL 3010  Structure & Grammar of English : Miderm: A | Final: A, HI 3091 African Cultures : Midterm: B | Final: B-,spring 2019, HI2700 Introduction to Logic : Midterm: B | Final: A, HI2720 Introduction to Philosophy : Midterm: A | Final: B, AS 2112 American People I : Midterm: A | Final: A, VA3100 Visual Culture : Midterm: B | Final: C+,fall 2019, HI3080 Asian Cultures : Midterm: B | Final: A, HI3840 Crescent and Cross : Midterm: A | Final: A,VA3200 Art Tutorials I : Midterm: A | Final: A,VA3400 Digital Imaging : Midterm: A | Final: B,spring 2020,VA4200 Art Tutorials II : Midterm: A | Final: A, HI3011 Foundations of Judeo-Christian Tradition : Midterm: A | Final: A-, HI3323 Buddhism : Midterm: B | Final: A, HI3525 Ancient Greek Philosophy : Midterm: A | Final: A,fall 2020, HI3703 Modern Philosophy : Midterm: C | Final: B+, HI3704 African Religions and Philosophy : Midterm: A | Final: A, HI3710 Contemporary Philosophical Issues : Midterm: A | Final: A, HI3950 Philosophy of Religion : Midterm: A | Final: A,606b5915962b7170e065a509,Full Time,700454653,Fraser Abramovic,AoPa2ZFQLZgl,12/19/1996,051 Laurel Plaza,spring 2021, HI4051 Logic and Scientific Reasoning : Midterm: A | Final: A, HI4318 Islamic Philosophy and Mysticism : Midterm: A | Final: A, HI4395 20th & 21st Century Philosophy : Midterm: A | Final: B, HI4905 Chinese Civilization : Midterm: B | Final: B+,,0
ukybbyeqj@1und1.de,Adolescence Education: Chemistry (7-12),,,,,,,,,,,,,,,,,,,,,,,,,,,,,,,,,,,,,,,,,,,,,Undergraduate - Senior,fall 2017,VA2010 Intro. to Creative Thinking : Midterm: A | Final: A, BS 2400 Basic Bio Sciences I : Midterm: A | Final: B+,,,spring 2018, CP 2120 Principles of Chemistry I : Midterm: A | Final: A, CP 2121 Principles of Chemistry Lab I : Midterm: A | Final: A,,,fall 2018,HI 3640  African History : Midterm: A | Final: A,HI 3835 Islamic Cultures : Midterm: A | Final: A,,,spring 2019, CP 2130 Principles of Chemistry II : Midterm: B | Final: A, CP 2131 Principles Chemistry Lab II : Midterm: A | Final: B,,,fall 2019, CP 3300 Organic Chemistry I : Midterm: B | Final: A, CP 3302 Organic Chemistry Lab I : Midterm: A | Final: A,,,spring 2020,VA4200 Art Tutorials II : Midterm: A | Final: A, CP 3310 Organic Chemistry II : Midterm: A | Final: A-,,,fall 2020, CP 4700 Physical Chemistry I : Midterm: C | Final: B+, CP 4515 Biochemistry II : Midterm: A | Final: A,,,606b5915962b7170e065a50a,Part Time,700653984,Ursulina Kybbye,cu3Mf7,2/28/1997,4 Coolidge Drive,,,,,,,0
abusainqq@mashable.com,Childhood Education (1-6),,,,,,,,,,,,,,,,,,,,,,,,,,,,,,,,,,,,,,,,,,,,,Undergraduate - Freshman,,,,,,,,,,,,,,,,,,,,,,,,,,,,,,,,,,,,606b5915962b7170e065a50b,Part Time,700244710,Anestassia Busain,JXzeDDeK,2/27/1997,1331 Waxwing Hill,,,,,,,0
speterkinqp@illinois.edu,Politics & Economics & Law,,,,,,,,,,,,,,,,,,,,,,,,,,,,,,,,,,,,,,,,,,,,,Undergraduate - Junior,fall 2018,VA2010 Intro. to Creative Thinking : Midterm: A | Final: A, PE2300 Introduction to Law : Midterm: A | Final: B+,EL 1000 English Comp I : Exposition : Midterm: A | Final: A,MA 1020 College Algebra : Midterm: A- | Final: A,spring 2019, PE2650 Introduction to U.S. Politics : Midterm: A | Final: A, IR2210 Unions and Management: An Introduction : Midterm: A | Final: A, VA2020 Basic Design : Midterm : A | Final: A, EL 2239 Horror Literature : Midterm : B | Final: A,fall 2019,HI 3640  African History : Midterm: A | Final: A,HI 3835 Islamic Cultures : Midterm: A | Final: A,EL 3010  Structure & Grammar of English : Miderm: A | Final: A, HI 3091 African Cultures : Midterm: B | Final: B-,spring 2020, PE2220 Introduction to Urban Issues : Midterm: B | Final: A, PE2400 Introduction to Political Economy : Midterm: A | Final: B, IR 3140 Unions & Public Policy: Midterm: A | Final: A, VA3100 Visual Culture : Midterm: B | Final: C+,fall 2020, IR 3300 CollectiveBarg & GrievanceProc : Midterm: B | Final: A, PE3100 International Relations : Midterm: A | Final: A,VA3200 Art Tutorials I : Midterm: A | Final: A,VA3400 Digital Imaging : Midterm: A | Final: B,,,,,,,,,,,606b5915962b7170e065a50c,Full Time,700687102,Sandye Peterkin,BB8QGZRF9,8/1/1998,7 Grasskamp Crossing,,,,,,,0
fguysqs@digg.com,Psychology,,,,,,,,,,,,,,,,,,,,,,,,,,,,,,,,,,,,,,,,,,,,,Undergraduate - Freshman,,,,,,,,,,,,,,,,,,,,,,,,,,,,,,,,,,,,606b5915962b7170e065a50d,Part Time,700566541,Fairlie Guys,NvVO3iNh,1/5/1997,2 Johnson Park,,,,,,,0
omckeatingqo@theguardian.com,Sociology,,,,,,,,,,,,,,,,,,,,,,,,,,,,,,,,,,,,,,,,,,,,,Graduate,fall 2017,VA2010 Intro. to Creative Thinking: Midterm: A | Final: A, SY2400 Sociology Through the Arts : Midterm: A | Final: B+,EL 1000 English Comp I: Exposition: Midterm: A | Final: A,MA 1020 College Algebra: Midterm: A- | Final: A,spring 2018, SY2550 Social Problems: Midterm: A | Final: A, SY2600 Social Deviance: Midterm: A | Final: A, VA2020 Basic Design : Midterm: A | Final: A, EL 2239 Horror Literature : Midterm: B | Final: A,fall 2018,HI 3640  African History : Midterm: A | Final: A,HI 3835 Islamic Cultures : Midterm: A | Final: A,EL 3010  Structure & Grammar of English : Miderm: A | Final: A, HI 3091 African Cultures: Midterm: B | Final: B-,spring 2019, SY2800 Race: Midterm: B | Final: A, SY3160 Sociology of Culture : Midterm: A | Final: B, SY3280 Social Inequality : Midterm: A | Final: A, VA3100 Visual Culture: Midterm: B | Final: C+,fall 2019, SY3630 Political Sociology : Midterm: B | Final: A, SY3700 Family and Society : Midterm: A | Final: A,VA3200 Art Tutorials I: Midterm: A | Final: A,VA3400 Digital Imaging : Midterm: A | Final: B,spring 2020,VA4200 Art Tutorials II: Midterm: A | Final: A, SY3750 Medical Sociology : Midterm: A | Final: A-, SY3800 Race and Ethnicity : Midterm: B | Final: A, SY3900 Social Movements : Midterm: A | Final: A,fall 2020, SY3910 Sociology of Work : Midterm: C | Final: B+, SY4260 Social Work: Theory and Practice : Midterm: A | Final: A, SY4270 Internship in Social Work : Midterm: A | Final: A, SY4400 Social Psychology: A | Final: A,606b5915962b7170e065a50e,Full Time,700560791,Olivie McKeating,YOreFkC,11/26/1998,581 Corben Parkway,spring 2021, Sociology and Criminology : Midterm: A | Final: A, SY4500 Global Sociology : Midterm: A | Final: A, SY4600 Social Programs : Midterm: A | Final: B, SY4810 Law and Justice : Midterm: B | Final: B+,,0
edeqr@mediafire.com,Biological Sciences,,,,,,,,,,,,,,,,,,,,,,,,,,,,,,,,,,,,,,,,,,,,,Graduate,fall 2017,VA2010 Intro. to Creative Thinking : Midterm: A | Final: A, BS2490 Environmental Science : Midterm: A | Final: B+,EL 1000 English Comp I : Exposition : Midterm: A | Final: A,MA 1020 College Algebra : Midterm: A- | Final: A,spring 2018, BS3400 Vertebrate Physiology : Midterm: A | Final: A, BS3450 Plant Biology : Midterm: A | Final: A, VA2020 Basic Design : Midterm : A | Final: A, EL 2239 Horror Literature : Midterm : B | Final: A,fall 2018,HI 3640  African History : Midterm: A | Final: A,HI 3835 Islamic Cultures : Midterm: A | Final: A,EL 3010  Structure & Grammar of English : Miderm: A | Final: A, HI 3091 African Cultures : Midterm: B | Final: B-,spring 2019, BS3510 Parasitology : Midterm: B | Final: A, BS3531 Comparative Genomics Lab : Midterm: A | Final: B, BS3530 Comparative Genomics : Midterm: A | Final: A, VA3100 Visual Culture : Midterm: B | Final: C+,fall 2019, BS3520 Comparative Anatomy : Midterm: B | Final: A, BS3710 Environmental Physiology : Midterm: A | Final: A,VA3200 Art Tutorials I : Midterm: A | Final: A,VA3400 Digital Imaging : Midterm: A | Final: B,spring 2020,VA4200 Art Tutorials II : Midterm: A | Final: A, BS3810  Biological Aspects of Aging : Midterm: A | Final: A-, BS4400 Cell Biology : Midterm: B | Final: A, BS4460 Genetics : Midterm: A | Final: A,fall 2020, BS4440 Evolution : Midterm: C | Final: B+, BS4410  Histology : Midterm: A | Final: A, BS4420  Microbiology : Midterm: A | Final: A, BS4430  Developmental Biology : Midterm: A | Final: A,606b5915962b7170e065a50f,Full Time,700044733,Eddy de Mendoza,V90H01ASA5,10/24/1997,773 Truax Lane,spring 2021, BS4461  Immunology : Midterm: A | Final: A, BS4470  Ecology : Midterm: A | Final: A, MA5230 Mathematical Statistics : Midterm: A | Final: B, MA5380 Complex Analysis : Midterm: B | Final: B+,,0
elacasaqt@shutterfly.com,Finance,,,,,,,,,,,,,,,,,,,,,,,,,,,,,,,,,,,,,,,,,,,,,Undergraduate - Freshman,,,,,,,,,,,,,,,,,,,,,,,,,,,,,,,,,,,,606b5915962b7170e065a510,Full Time,700902733,Elmer Lacasa,OttSP7,1/9/1998,5083 Sunfield Crossing,,,,,,,0
bbarnsonqx@addthis.com,Biochemistry,,,,,,,,,,,,,,,,,,,,,,,,,,,,,,,,,,,,,,,,,,,,,Undergraduate - Freshman,,,,,,,,,,,,,,,,,,,,,,,,,,,,,,,,,,,,606b5915962b7170e065a511,Full Time,700410257,Barby Barnson,xCdzqWpnUG,1/25/1995,5 Dwight Court,,,,,,,0
ecubleyqy@blogtalkradio.com,Adolescence Education: Biology (7-12),,,,,,,,,,,,,,,,,,,,,,,,,,,,,,,,,,,,,,,,,,,,,Undergraduate - Freshman,,,,,,,,,,,,,,,,,,,,,,,,,,,,,,,,,,,,606b5915962b7170e065a512,Part Time,700265912,Else Cubley,BarbMC4Yk,11/13/1997,778 Prairie Rose Avenue,,,,,,,0
mhaskellqw@ted.com,Business Administration,,,,,,,,,,,,,,,,,,,,,,,,,,,,,,,,,,,,,,,,,,,,,Undergraduate - Sophomore,fall 2019,VA2010 Intro. to Creative Thinking : Midterm: A | Final: A, AS 2112 American People I : Midterm: A | Final: B+,EL 1000 English Comp I : Exposition : Midterm: A | Final: A,MA 1020 College Algebra : Midterm: A- | Final: A,spring 2020, AS 2122 American People II : Midterm: A | Final: A, MA 2300 Calc/Business & Economics : Midterm: A | Final: A, VA2020 Basic Design : Midterm : A | Final: A, EL 2239 Horror Literature : Midterm : B | Final: A,fall 2020,HI 3640  African History : Midterm: A | Final: A,HI 3835 Islamic Cultures : Midterm : A | Final: A,EL 3010  Structure & Grammar of English : Miderm: A | Final: A, HI 3091 African Cultures : Midterm: B | Final: B-,,,,,,,,,,,,,,,,,,,,,606b5915962b7170e065a513,Full Time,700320129,Moyna Haskell,7wX7Gjq,9/7/1995,710 Bunting Way,,,,,,,0
msquelchqu@dedecms.com,Business Administration,,,,,,,,,,,,,,,,,,,,,,,,,,,,,,,,,,,,,,,,,,,,,Undergraduate - Sophomore,fall 2019,VA2010 Intro. to Creative Thinking : Midterm: A | Final: A, AS 2112 American People I : Midterm: A | Final: B+,EL 1000 English Comp I : Exposition : Midterm: A | Final: A,MA 1020 College Algebra : Midterm: A- | Final: A,spring 2020, AS 2122 American People II : Midterm: A | Final: A, MA 2300 Calc/Business & Economics : Midterm: A | Final: A, VA2020 Basic Design : Midterm : A | Final: A, EL 2239 Horror Literature : Midterm : B | Final: A,fall 2020,HI 3640  African History : Midterm: A | Final: A,HI 3835 Islamic Cultures : Midterm : A | Final: A,EL 3010  Structure & Grammar of English : Miderm: A | Final: A, HI 3091 African Cultures : Midterm: B | Final: B-,,,,,,,,,,,,,,,,,,,,,606b5915962b7170e065a514,Full Time,700844024,Maryjo Squelch,7b4XfQOFD,4/4/1995,2588 Evergreen Lane,,,,,,,0
nfahrenbachr1@wikipedia.org,History,,,,,,,,,,,,,,,,,,,,,,,,,,,,,,,,,,,,,,,,,,,,,Undergraduate - Freshman,,,,,,,,,,,,,,,,,,,,,,,,,,,,,,,,,,,,606b5915962b7170e065a515,Full Time,700108283,Nance Fahrenbach,J8ddKs9w,2/22/1998,57252 Independence Terrace,,,,,,,0
lbarringerqz@domainmarket.com,Adolescence Education: Biology (7-12),,,,,,,,,,,,,,,,,,,,,,,,,,,,,,,,,,,,,,,,,,,,,Undergraduate - Sophomore,fall 2019,VA2010 Intro. to Creative Thinking : Midterm: A | Final: A, BS2490 Environmental Science : Midterm: A | Final: B+,EL 1000 English Comp I : Exposition : Midterm: A | Final: A,MA 1020 College Algebra : Midterm: A- | Final: A,spring 2020, BS3450 Plant Biology : Midterm: A | Final: A, BS3520 Comparative Anatomy : Midterm: A | Final: A, VA2020 Basic Design : Midterm : A | Final: A, EL 2239 Horror Literature : Midterm : B | Final: A,fall 2020,HI 3640  African History : Midterm: A | Final: A,HI 3835 Islamic Cultures : Midterm: A | Final: A,EL 3010  Structure & Grammar of English : Miderm: A | Final: A, HI 3091 African Cultures : Midterm: B | Final: B-,,,,,,,,,,,,,,,,,,,,,606b5915962b7170e065a516,Full Time,700455354,Lane Barringer,eoNBs2NDNP,1/3/1998,81 Riverside Alley,,,,,,,0
ccoucheqv@ucla.edu,Visual Arts: Electronic Media,,,,,,,,,,,,,,,,,,,,,,,,,,,,,,,,,,,,,,,,,,,,,Graduate,fall 2017,VA2010 Intro. to Creative Thinking : Midterm: A | Final: A, CS 2510 Computer Programming I : Midterm: A | Final: B+,EL 1000 English Comp I : Exposition : Midterm: A | Final: A,MA 1020 College Algebra : Midterm: A- | Final: A,spring 2018, CS 2511 Computer Programming II : Midterm: A | Final: A, VA2030 Drawing : Midterm: A | Final: A, MA2310 Calculus and Analytic Geometry I : Midterm : A | Final: A, EL 2239 Horror Literature : Midterm : B | Final: A,fall 2018,HI 3640  African History : Midterm: A | Final: A,HI 3835 Islamic Cultures : Midterm: A | Final: A,EL 3010  Structure & Grammar of English : Miderm: A | Final: A, HI 3091 African Cultures : Midterm: B | Final: B-,spring 2019, VA2020 Basic Design : Midterm: B | Final: A, VA2500 Art History I: 19th Century Art : Midterm: A | Final: B, VA2045 Introduction to Color : Midterm: A | Final: A, AS2020 New Media CE : Midterm: B | Final: C+,fall 2019, VA3100 Visual Culture : Midterm: B | Final: A, VA3380 Digital Video 4 : Midterm: A | Final: A,VA3200 Art Tutorials I : Midterm: A | Final: A, VA2320 Graphic Design I : Midterm: A | Final: B,spring 2020,VA4200 Art Tutorials II : Midterm: A | Final: A, VA4260 Interactive Web Design : Midterm: A | Final: A-, VA4320 Graphic Design II : Midterm: B | Final: A, VA3400 Digital Imaging : Midterm: A | Final: A,fall 2020, VA4265 3D Digital Design : Midterm: C | Final: B+, VA4900 Internship : Midterm: A | Final: A, VA4360 Advanced Electronic and Animation : Midterm: A | Final: A, VA4460 Digital Animation : Midterm: A | Final: A,606b5915962b7170e065a517,Full Time,700293583,Cyndy Couche,dQpz9QF,12/27/1998,49109 Erie Road,spring 2021, VA5200 Art Tutorials III : Midterm: A | Final: A, AS4722 Film: Ideas and Aesthetics : Midterm: A | Final: A, AS4725 The Photograph and American Culture : Midterm: A | Final: B, AS4280 Global Media : Midterm: B | Final: B+,,0
fsorsbier0@walmart.com,Business Administration,,,,,,,,,,,,,,,,,,,,,,,,,,,,,,,,,,,,,,,,,,,,,Undergraduate - Senior,fall 2017,VA2010 Intro. to Creative Thinking : Midterm: A | Final: A, AS 2112 American People I : Midterm: A | Final: B+,EL 1000 English Comp I : Exposition : Midterm: A | Final: A,MA 1020 College Algebra : Midterm: A- | Final: A,spring 2018, AS 2122 American People II : Midterm: A | Final: A, MA 2300 Calc/Business & Economics : Midterm: A | Final: A, VA2020 Basic Design : Midterm : A | Final: A, EL 2239 Horror Literature : Midterm : B | Final: A,fall 2018,HI 3640  African History : Midterm: A | Final: A,HI 3835 Islamic Cultures : Midterm : A | Final: A,EL 3010  Structure & Grammar of English : Miderm: A | Final: A, HI 3091 African Cultures : Midterm: B | Final: B-,spring 2019, BU 3010 Information Systems for Managers : Midterm: B | Final: A, BU 3502 Principles of Accounting I : Midterm: A | Final: B, BU3600 Principles Business Law : Midterm: A | Final: A, VA3100 Visual Culture : Midterm: B | Final: C+,fall 2019, BU 3511 Principles of Accounting II : Midterm: B | Final: A, BU3905 Business Communication : Midterm: A | Final: A,VA3200 Art Tutorials I : Midterm: A | Final: A,VA3400 Digital Imaging : Midterm: A | Final: B,spring 2020,VA4200 Art Tutorials II : Midterm: A | Final: A, BU 4110 Organizational Behavior & Mgmt : Midterm: A | Final: A-, BU 4120  Global Business : Midterm: B | Final: A, BU 4035 Web Sys & Electronic Commerce : Midterm: A | Final: A,fall 2020, BU 4130 Entrepreneurship : Midterm: C | Final: B+, BU4820 International Marketing : Midterm: A | Final: A, BU4851 Consumer Behavior : Midterm: A | Final: A, BU3800 Marketing: Principles & Concepts : Midterm: A | Final: A,606b5915962b7170e065a518,Full Time,700119745,Fredelia Sorsbie,HAAyFwK2WnFE,4/21/1996,0 Ridgeway Point,,,,,,,0
cescheller2@tuttocitta.it,Mathematics,,,,,,,,,,,,,,,,,,,,,,,,,,,,,,,,,,,,,,,,,,,,,Undergraduate - Senior,fall 2017,VA2010 Intro. to Creative Thinking : Midterm: A | Final: A, MA2310 Calculus and Analytic Geometry I : Midterm: A | Final: B+,,,spring 2018, MA2320 Calculus and Analytic Geometry II : Midterm: A | Final: A, CS2511 Computer Programming II : Midterm: A | Final: A,,,fall 2018,HI 3640  African History : Midterm: A | Final: A,HI 3835 Islamic Cultures : Midterm: A | Final: A,,,spring 2019, MA3030 Discrete Mathematics : Midterm: B | Final: A, MA3160 Linear Algebra : Midterm : A | Final: B,,,fall 2019, MA3330 Calculus and Analytic Geometry III : Midterm: B | Final: A, MA3520 Transition to Advanced Mathematics : Midterm: A | Final: A,,,spring 2020,VA4200 Art Tutorials II : Midterm: A | Final: A, MA4360 Differential Equations : Midterm: A | Final: A-,,,fall 2020, MA4510 Geometry : Midterm: C | Final: B+, MA4910 Operations Research I : Midterm: A | Final: A,,,606b5915962b7170e065a519,Part Time,700890856,Constantin Eschelle,7ye2cVyuvl,8/17/1998,24 Mesta Point,,,,,,,0
mkruszelnickir4@odnoklassniki.ru,Biochemistry,,,,,,,,,,,,,,,,,,,,,,,,,,,,,,,,,,,,,,,,,,,,,Undergraduate - Sophomore,fall 2019,VA2010 Intro. to Creative Thinking : Midterm: A | Final: A, BS 2400 Basic Bio Sciences I : Midterm: A | Final: B+,EL 1000 English Comp I : Exposition : Midterm: A | Final: A,MA 1020 College Algebra : Midterm: A- | Final: A,spring 2020, CP 2120 Principles of Chemistry I : Midterm: A | Final: A, CP 2121 Principles of Chemistry Lab I : Midterm: A | Final: A, VA2020 Basic Design : Midterm : A | Final: A, EL 2239 Horror Literature : Midterm : B | Final: A,fall 2020,HI 3640  African History : Midterm: A | Final: A,HI 3835 Islamic Cultures : Midterm : A | Final: A,EL 3010  Structure & Grammar of English : Miderm: A | Final: A, HI 3091 African Cultures : Midterm: B | Final: B-,,,,,,,,,,,,,,,,,,,,,606b5915962b7170e065a51a,Full Time,700168567,Marlo Kruszelnicki,i3mTK7dr9,4/24/1995,0 Bultman Terrace,,,,,,,0
aithellr5@engadget.com,Biochemistry,,,,,,,,,,,,,,,,,,,,,,,,,,,,,,,,,,,,,,,,,,,,,Graduate,fall 2017,VA2010 Intro. to Creative Thinking : Midterm: A | Final: A, BS 2400 Basic Bio Sciences I : Midterm: A | Final: B+,EL 1000 English Comp I : Exposition : Midterm: A | Final: A,MA 1020 College Algebra : Midterm: A- | Final: A,spring 2018, CP 2120 Principles of Chemistry I : Midterm: A | Final: A, CP 2121 Principles of Chemistry Lab I : Midterm: A | Final: A, VA2020 Basic Design : Midterm : A | Final: A, EL 2239 Horror Literature : Midterm : B | Final: A,fall 2018,HI 3640  African History : Midterm: A | Final: A,HI 3835 Islamic Cultures : Midterm : A | Final: A,EL 3010  Structure & Grammar of English : Miderm: A | Final: A, HI 3091 African Cultures : Midterm: B | Final: B-,spring 2019, BS 2410 Basic Bio Sciences II : Midterm: B | Final: A, CP 2130 Principles of Chemistry II : Midterm: A | Final: B, CP 2131 Principles Chemistry Lab II : Midterm: A | Final: A, VA3100 Visual Culture : Midterm: B | Final: C+,fall 2019, CP 2220 Structure of Physics I : Midterm: B | Final: A, CP 2221 Structure of Physics I Lab : Midterm: A | Final: A,VA3200 Art Tutorials I : Midterm: A | Final: A,VA3400 Digital Imaging : Midterm: A | Final: B,spring 2020,VA4200 Art Tutorials II : Midterm: A | Final: A, CP 3300 Organic Chemistry I : Midterm: A | Final: A-, CP 3302 Organic Chemistry Lab I : Midterm: B | Final: A, CP 3400 Analytical Chemistry-Lect/Lab : Midterm: A | Final: A,fall 2020, CP 3310 Organic Chemistry II : Midterm: C | Final: B+, CP 3312 Organic Chemistry Lab II : Midterm: A | Final: A, CP 4510 Biochemistry I : Midterm: A | Final: A, CP 4520 Biochemistry Lab : Midterm: A | Final: A,606b5915962b7170e065a51b,Full Time,700630223,Arni Ithell,gVKdBcruXe,4/26/1997,37404 Ronald Regan Trail,spring 2021, CP 4515 Biochemistry II : Midterm: A | Final: A, CP 4700 Physical Chemistry I : Midterm: A | Final: A, BS 4560 Molecular Biology : Midterm: A | Final: B, BS 4460 Genetics : Midterm: B | Final: B+,,0
rdownhamr6@alexa.com,Finance,,,,,,,,,,,,,,,,,,,,,,,,,,,,,,,,,,,,,,,,,,,,,Undergraduate - Senior,fall 2017,VA2010 Intro. to Creative Thinking : Midterm: A | Final: A, BU 3502 Principles of Accounting I : Midterm: A | Final: B+,EL 1000 English Comp I : Exposition : Midterm: A | Final: A, MA2310 Calculus and Analytic Geometry I : Midterm: A- | Final: A,spring 2018, MA2000 Applied Statistics : Midterm: A | Final: A, BU 3511Principles of Accounting II : Midterm: A | Final: A, VA2020 Basic Design : Midterm : A | Final: A, EL 2239 Horror Literature : Midterm : B | Final: A,fall 2018,HI 3640  African History : Midterm: A | Final: A,HI 3835 Islamic Cultures : Midterm : A | Final: A,EL 3010  Structure & Grammar of English : Miderm: A | Final: A, HI 3091 African Cultures : Midterm: B | Final: B-,spring 2019, BU 3010 Info Systems For Mgrs : Midterm: B | Final: A, BU 4500 Intermediate Accounting I : Midterm: A | Final: B, BU 4720   Global Financial Markets : Midterm: A | Final: A, VA3100 Visual Culture : Midterm: B | Final: C+,fall 2019, BU 4510 Intermediate Accounting II : Midterm: B | Final: A, BU 4774   Financial Markets & Inst : Midterm: A | Final: A,VA3200 Art Tutorials I : Midterm: A | Final: A,VA3400 Digital Imaging : Midterm: A | Final: B,spring 2020,VA4200 Art Tutorials II : Midterm: A | Final: A, BU 4570 Federal Income Tax I: Midterm: A | Final: A-, BU 4590 Cost Accounting : Midterm: B | Final: A, BU 5115  Operations Management : Midterm: A | Final: A,fall 2020, BU 5190  Business Strategy & Policy : Midterm: C | Final: B+, BU 5710   Fin. Modeling & Forecasting : Midterm: A | Final: A, BU 5505 Essentials-Gov't&Non-ProfAcctg : Midterm: A | Final: A, BU 5525 International Accounting : Midterm: A | Final: A,606b5915962b7170e065a51c,Full Time,700162154,Redd Downham,83d7xFDdWq2,10/30/1995,2 Waubesa Pass,,,,,,,0
gormer8@hatena.ne.jp,Politics & Economics & Law,,,,,,,,,,,,,,,,,,,,,,,,,,,,,,,,,,,,,,,,,,,,,Undergraduate - Freshman,,,,,,,,,,,,,,,,,,,,,,,,,,,,,,,,,,,,606b5915962b7170e065a51d,Part Time,700636286,Gracie Orme,W39njEWn,9/24/1995,8598 Aberg Terrace,,,,,,,0
tpersicker3@cbsnews.com,Business Administration,,,,,,,,,,,,,,,,,,,,,,,,,,,,,,,,,,,,,,,,,,,,,Undergraduate - Sophomore,fall 2019,VA2010 Intro. to Creative Thinking : Midterm: A | Final: A, AS 2112 American People I : Midterm: A | Final: B+,,,spring 2020, AS 2122 American People II : Midterm: A | Final: A, MA 2300 Calc/Business & Economics : Midterm: A | Final: A,,,fall 2018,HI 3640  African History : Midterm: A | Final: A,HI 3835 Islamic Cultures : Midterm : A | Final: A,,,spring 2020, BU 3010 Information Systems for Managers : Midterm: B | Final: A, BU 3502 Principles of Accounting I : Midterm: A | Final: B,,,,,,,,,,,,,,,,,,606b5915962b7170e065a51e,Part Time,700234221,Tori Persicke,R7YIGZyz3sEO,11/26/1996,27 Springs Park,,,,,,,0
kkemwallr7@csmonitor.com,Sociology,,,,,,,,,,,,,,,,,,,,,,,,,,,,,,,,,,,,,,,,,,,,,Graduate,fall 2017,VA2010 Intro. to Creative Thinking: Midterm: A | Final: A, SY2400 Sociology Through the Arts : Midterm: A | Final: B+,EL 1000 English Comp I: Exposition: Midterm: A | Final: A,MA 1020 College Algebra: Midterm: A- | Final: A,spring 2018, SY2550 Social Problems: Midterm: A | Final: A, SY2600 Social Deviance: Midterm: A | Final: A, VA2020 Basic Design : Midterm: A | Final: A, EL 2239 Horror Literature : Midterm: B | Final: A,fall 2018,HI 3640  African History : Midterm: A | Final: A,HI 3835 Islamic Cultures : Midterm: A | Final: A,EL 3010  Structure & Grammar of English : Miderm: A | Final: A, HI 3091 African Cultures: Midterm: B | Final: B-,spring 2019, SY2800 Race: Midterm: B | Final: A, SY3160 Sociology of Culture : Midterm: A | Final: B, SY3280 Social Inequality : Midterm: A | Final: A, VA3100 Visual Culture: Midterm: B | Final: C+,fall 2019, SY3630 Political Sociology : Midterm: B | Final: A, SY3700 Family and Society : Midterm: A | Final: A,VA3200 Art Tutorials I: Midterm: A | Final: A,VA3400 Digital Imaging : Midterm: A | Final: B,spring 2020,VA4200 Art Tutorials II: Midterm: A | Final: A, SY3750 Medical Sociology : Midterm: A | Final: A-, SY3800 Race and Ethnicity : Midterm: B | Final: A, SY3900 Social Movements : Midterm: A | Final: A,fall 2020, SY3910 Sociology of Work : Midterm: C | Final: B+, SY4260 Social Work: Theory and Practice : Midterm: A | Final: A, SY4270 Internship in Social Work : Midterm: A | Final: A, SY4400 Social Psychology: A | Final: A,606b5915962b7170e065a51f,Full Time,700750304,Kippar Kemwall,aJCM3jrgA,5/17/1995,4276 Delaware Park,spring 2021, Sociology and Criminology : Midterm: A | Final: A, SY4500 Global Sociology : Midterm: A | Final: A, SY4600 Social Programs : Midterm: A | Final: B, SY4810 Law and Justice : Midterm: B | Final: B+,,0
mswinnra@yolasite.com,Sociology,,,,,,,,,,,,,,,,,,,,,,,,,,,,,,,,,,,,,,,,,,,,,Undergraduate - Junior,fall 2018,VA2010 Intro. to Creative Thinking: Midterm: A | Final: A, SY2400 Sociology Through the Arts : Midterm: A | Final: B+,EL 1000 English Comp I: Exposition: Midterm: A | Final: A,MA 1020 College Algebra: Midterm: A- | Final: A,spring 2019, SY2550 Social Problems: Midterm: A | Final: A, SY2600 Social Deviance: Midterm: A | Final: A, VA2020 Basic Design : Midterm: A | Final: A, EL 2239 Horror Literature : Midterm: B | Final: A,fall 2019,HI 3640  African History : Midterm: A | Final: A,HI 3835 Islamic Cultures : Midterm: A | Final: A,EL 3010  Structure & Grammar of English : Miderm: A | Final: A, HI 3091 African Cultures: Midterm: B | Final: B-,spring 2020, SY2800 Race: Midterm: B | Final: A, SY3160 Sociology of Culture : Midterm: A | Final: B, SY3280 Social Inequality : Midterm: A | Final: A, VA3100 Visual Culture: Midterm: B | Final: C+,fall 2020, SY3630 Political Sociology : Midterm: B | Final: A, SY3700 Family and Society : Midterm: A | Final: A,VA3200 Art Tutorials I: Midterm: A | Final: A,VA3400 Digital Imaging : Midterm: A | Final: B,,,,,,,,,,,606b5915962b7170e065a520,Full Time,700675355,Magdalena Swinn,MZiq5hkm,9/10/1996,3219 Southridge Circle,,,,,,,0
crispinerc@g.co,Sociology,,,,,,,,,,,,,,,,,,,,,,,,,,,,,,,,,,,,,,,,,,,,,Undergraduate - Sophomore,fall 2019,VA2010 Intro. to Creative Thinking: Midterm: A | Final: A, SY2400 Sociology Through the Arts : Midterm: A | Final: B+,EL 1000 English Comp I: Exposition: Midterm: A | Final: A,MA 1020 College Algebra: Midterm: A- | Final: A,spring 2020, SY2550 Social Problems: Midterm: A | Final: A, SY2600 Social Deviance: Midterm: A | Final: A, VA2020 Basic Design : Midterm: A | Final: A, EL 2239 Horror Literature : Midterm: B | Final: A,fall 2020,HI 3640  African History : Midterm: A | Final: A,HI 3835 Islamic Cultures : Midterm: A | Final: A,EL 3010  Structure & Grammar of English : Miderm: A | Final: A, HI 3091 African Cultures: Midterm: B | Final: B-,,,,,,,,,,,,,,,,,,,,,606b5915962b7170e065a521,Full Time,700159200,Caritta Rispine,ngSMi7S2er,11/10/1997,7 Hovde Plaza,,,,,,,0
dalywinrb@nps.gov,Childhood Education (1-6),,,,,,,,,,,,,,,,,,,,,,,,,,,,,,,,,,,,,,,,,,,,,Undergraduate - Junior,fall 2018,VA2010 Intro. to Creative Thinking : Midterm: A | Final: A, PY2010 Introduction to Psychology : Midterm: A | Final: B+,EL 1000 English Comp I : Exposition : Midterm: A | Final: A,MA 1020 College Algebra : Midterm: A- | Final: A,spring 2019, PY2340 Community Psychology : Midterm: A | Final: A, PY2530 Psychology of Prejudice : Midterm: A | Final: A, VA2020 Basic Design : Midterm : A | Final: A, EL 2239 Horror Literature : Midterm : B | Final: A,fall 2019,HI 3640  African History : Midterm: A | Final: A,HI 3835 Islamic Cultures : Midterm: A | Final: A,EL 3010  Structure & Grammar of English : Miderm: A | Final: A, HI 3091 African Cultures : Midterm: B | Final: B-,spring 2020, PY2720 Psychology of Gender : Midterm: B | Final: A, ED3700 Child Development for Teachers : Midterm: A | Final: B, ED3820 Foundations of Special Education : Midterm: A | Final: A, VA3100 Visual Culture : Midterm: B | Final: C+,fall 2020, ED3950 Creating Schools for a Just Society : Midterm: B | Final: A, PY3110 Research Methods I: (Orientation) : Midterm: A | Final: A,VA3200 Art Tutorials I : Midterm: A | Final: A,VA3400 Digital Imaging : Midterm: A | Final: B,,,,,,,,,,,606b5915962b7170e065a522,Full Time,700341933,Duane Alywin,hvVGET,6/22/1997,484 Debs Plaza,,,,,,,0
rrigbyer9@people.com.cn,Adolescence Education: Social Studies (7-12),,,,,,,,,,,,,,,,,,,,,,,,,,,,,,,,,,,,,,,,,,,,,Undergraduate - Senior,fall 2017,VA2010 Intro. to Creative Thinking : Midterm: A | Final: A, HI 2681 Intro to Europe Hist:1350-Present : Midterm: A | Final: B+,EL 1000 English Comp I : Exposition : Midterm: A | Final: A,MA 1020 College Algebra : Midterm: A- | Final: A,spring 2018, AS 2112 American People I : Midterm: A | Final: A, HI 3080   Asian Cultures : Midterm: A | Final: A, VA2020 Basic Design : Midterm : A | Final: A, EL 2239 Horror Literature : Midterm : B | Final: A,fall 2018,HI 3640  African History : Midterm: A | Final: A,HI 3835 Islamic Cultures : Midterm: A | Final: A,EL 3010  Structure & Grammar of English : Miderm: A | Final: A, HI 3091 African Cultures : Midterm: B | Final: B-,spring 2019, AS 2122 American People II : Midterm: B | Final: A, HI 3110 Latin American Culture : Midterm: A | Final: B, HI3703 Modern Philosophy : Midterm: A | Final: A, VA3100 Visual Culture : Midterm: B | Final: C+,fall 2019, HI 4308 History Modern Middle East : Midterm: B | Final: A, HI 4001 19th Century : Midterm: A | Final: A,VA3200 Art Tutorials I : Midterm: A | Final: A,VA3400 Digital Imaging : Midterm: A | Final: B,spring 2020,VA4200 Art Tutorials II : Midterm: A | Final: A, HI 4011  20th Century : Midterm: A | Final: A-, PE 4690 Politics of Lat Amer/Caribbean : Midterm: B | Final: A, ED 6095 Literacy : Midterm: A | Final: A,fall 2020, ED 6903 Student Teaching:Social Stds : Midterm: C | Final: B+, HI 6510 Topics in US History : Midterm: A | Final: A, HI 6520 US Constitutional&Polticl Hist : Midterm: A | Final: A, HI 6530 Econ:Theories : Midterm: A | Final: A,606b5915962b7170e065a523,Full Time,700946721,Ros Rigbye,LNEgk2,12/10/1995,3 Village Court,,,,,,,0
dabrehartrf@tinypic.com,Health and Society,,,,,,,,,,,,,,,,,,,,,,,,,,,,,,,,,,,,,,,,,,,,,Undergraduate - Freshman,,,,,,,,,,,,,,,,,,,,,,,,,,,,,,,,,,,,606b5915962b7170e065a524,Part Time,700692177,Damita Abrehart,Sv4Rq9i,7/3/1995,8 Rusk Terrace,,,,,,,0
nhapgoodrd@slideshare.net,Psychology,,,,,,,,,,,,,,,,,,,,,,,,,,,,,,,,,,,,,,,,,,,,,Undergraduate - Junior,fall 2018,VA2010 Intro. to Creative Thinking: Midterm: A | Final: A, PY2010 Introduction to Psychology : Midterm: A | Final: B+,EL 1000 English Comp I: Exposition: Midterm: A | Final: A,MA 1020 College Algebra: Midterm: A- | Final: A,spring 2019, PY2530 Psychology of Prejudice : Midterm: A | Final: A, PY2720 Psychology of Gender: Midterm: A | Final: A, VA2020 Basic Design : Midterm: A | Final: A, EL 2239 Horror Literature : Midterm: B | Final: A,fall 2019,HI 3640  African History : Midterm: A | Final: A,HI 3835 Islamic Cultures : Midterm: A | Final: A,EL 3010  Structure & Grammar of English : Miderm: A | Final: A, HI 3091 African Cultures: Midterm: B | Final: B-,spring 2020, PY3110 Research Methods I: (Orientation): Midterm: B | Final: A, PY2340 Community Psychology : Midterm: A | Final: B, PY3420 Learning & Motivation : Midterm: A | Final: A, VA3100 Visual Culture: Midterm: B | Final: C+,fall 2020, PY3120 Research Methods II: (Statistics) : Midterm: B | Final: A, PY3610 Brain & Behavior: A | Final: A,VA3200 Art Tutorials I: Midterm: A | Final: A,VA3400 Digital Imaging : Midterm: A | Final: B,,,,,,,,,,,606b5915962b7170e065a525,Full Time,700909553,Nady Hapgood,eTxGiD,9/12/1995,19084 Eggendart Court,,,,,,,0
bmaseyrg@boston.com,Sociology,,,,,,,,,,,,,,,,,,,,,,,,,,,,,,,,,,,,,,,,,,,,,Undergraduate - Freshman,,,,,,,,,,,,,,,,,,,,,,,,,,,,,,,,,,,,606b5915962b7170e065a526,Part Time,700899406,Birdie Masey,0eVhL6FH,8/7/1997,1 Ohio Terrace,,,,,,,0
hshortcliffere@slate.com,Industrial and Labor Relations,,,,,,,,,,,,,,,,,,,,,,,,,,,,,,,,,,,,,,,,,,,,,Undergraduate - Senior,fall 2017,VA2010 Intro. to Creative Thinking : Midterm: A | Final: A, PE 2650 Intro to U.S. Politics : Midterm: A | Final: B+,,,spring 2018, MA2300 Calculus for Business & Economics : Midterm: A | Final: A, IR 2210 Unions & Management: An Intro : Midterm: A | Final: A,,,fall 2018,HI 3640  African History : Midterm: A | Final: A,HI 3835 Islamic Cultures : Midterm: A | Final: A,,,spring 2019, PE 2300 Introduction to Law : Midterm: B | Final: A, IR 3140 Unions & Public Policy : Midterm: A | Final: B,,,fall 2019, IR 3330 Women : Midterm: B | Final: A, IR 3415 Labor Economics : Midterm: A | Final: A,,,spring 2020,VA4200 Art Tutorials II : Midterm: A | Final: A, IR 3860 Development of the Modern Corp : Midterm: A | Final: A-,,,fall 2020, IR 3500 Arbitration & Mediation : Midterm: C | Final: B+, IR 4320 Labor & Employment Law : Midterm: A | Final: A,,,606b5915962b7170e065a527,Part Time,700354759,Hall Shortcliffe,ILVp7ernat,4/23/1995,60495 Packers Hill,,,,,,,0
ahambrightrh@cloudflare.com,Politics & Economics & Law,,,,,,,,,,,,,,,,,,,,,,,,,,,,,,,,,,,,,,,,,,,,,Graduate,fall 2017,VA2010 Intro. to Creative Thinking : Midterm: A | Final: A, PE2300 Introduction to Law : Midterm: A | Final: B+,EL 1000 English Comp I : Exposition : Midterm: A | Final: A,MA 1020 College Algebra : Midterm: A- | Final: A,spring 2018, PE2650 Introduction to U.S. Politics : Midterm: A | Final: A, IR2210 Unions and Management: An Introduction : Midterm: A | Final: A, VA2020 Basic Design : Midterm : A | Final: A, EL 2239 Horror Literature : Midterm : B | Final: A,fall 2018,HI 3640  African History : Midterm: A | Final: A,HI 3835 Islamic Cultures : Midterm: A | Final: A,EL 3010  Structure & Grammar of English : Miderm: A | Final: A, HI 3091 African Cultures : Midterm: B | Final: B-,spring 2019, PE2220 Introduction to Urban Issues : Midterm: B | Final: A, PE2400 Introduction to Political Economy : Midterm: A | Final: B, IR 3140 Unions & Public Policy: Midterm: A | Final: A, VA3100 Visual Culture : Midterm: B | Final: C+,fall 2019, IR 3300 CollectiveBarg & GrievanceProc : Midterm: B | Final: A, PE3100 International Relations : Midterm: A | Final: A,VA3200 Art Tutorials I : Midterm: A | Final: A,VA3400 Digital Imaging : Midterm: A | Final: B,spring 2020,VA4200 Art Tutorials II : Midterm: A | Final: A, BU3600 Principles Business Law : Midterm: A | Final: A-, IR 3415 Labor Economics : Midterm: B | Final: A, IR 3860 Development of the Modern Corp : Midterm: A | Final: A,fall 2020, PE4320 Jurisprudence: Legal Thought : Midterm: C | Final: B+, PE4470 History of Economic Thought : Midterm: A | Final: A, PE4620 Political and Social Thought : Midterm: A | Final: A, PE4580 Origins of the Capitalist Economy : Midterm: A | Final: A,606b5915962b7170e065a528,Full Time,700051361,Abbye Hambright,YXUODFm,8/8/1997,147 Monument Alley,spring 2021, PE4590 Global Economy in the 20th Century : Midterm: A | Final: A, IR 4320 Labor & Employment Law : Midterm: A | Final: A, BU 5125  Business Ethics : Midterm: A | Final: B, BU5841 Strategic Marketing : Midterm: B | Final: B+,,0
jhartleyri@51.la,Adolescence Education: Chemistry (7-12),,,,,,,,,,,,,,,,,,,,,,,,,,,,,,,,,,,,,,,,,,,,,Undergraduate - Junior,fall 2018,VA2010 Intro. to Creative Thinking : Midterm: A | Final: A, BS 2400 Basic Bio Sciences I : Midterm: A | Final: B+,,,spring 2019, CP 2120 Principles of Chemistry I : Midterm: A | Final: A, CP 2121 Principles of Chemistry Lab I : Midterm: A | Final: A,,,fall 2019,HI 3640  African History : Midterm: A | Final: A,HI 3835 Islamic Cultures : Midterm: A | Final: A,,,spring 2020, CP 2130 Principles of Chemistry II : Midterm: B | Final: A, CP 2131 Principles Chemistry Lab II : Midterm: A | Final: B,,,fall 2020, CP 3300 Organic Chemistry I : Midterm: B | Final: A, CP 3302 Organic Chemistry Lab I : Midterm: A | Final: A,,,,,,,,,,,,,606b5915962b7170e065a529,Part Time,700806094,Juliette Hartley,Ive6wYpV,9/23/1995,382 Dayton Avenue,,,,,,,0
berasmusrj@cornell.edu,Marketing,,,,,,,,,,,,,,,,,,,,,,,,,,,,,,,,,,,,,,,,,,,,,Undergraduate - Junior,fall 2018,VA2010 Intro. to Creative Thinking : Midterm: A | Final: A, IR 2210 Unions & Management: An Intro : Midterm: A | Final: B+,EL 1000 English Comp I : Exposition : Midterm: A | Final: A, MA2310 Calculus and Analytic Geometry I : Midterm: A- | Final: A,spring 2019, MA2300 Calculus for Business & Economics : Midterm: A | Final: A, PE 2650 Intro to U.S. Politics : Midterm: A | Final: A, VA2020 Basic Design : Midterm : A | Final: A, EL 2239 Horror Literature : Midterm : B | Final: A,fall 2019,HI 3640  African History : Midterm: A | Final: A,HI 3835 Islamic Cultures : Midterm : A | Final: A,EL 3010  Structure & Grammar of English : Miderm: A | Final: A, HI 3091 African Cultures : Midterm: B | Final: B-,spring 2020, BU3600 Principles Business Law : Midterm: B | Final: A, BU3800 Marketing: Principles & Concepts : Midterm: A | Final: B, MA2320 Calculus and Analytic Geometry II : Midterm: A | Final: A, VA3100 Visual Culture : Midterm: B | Final: C+,fall 2020, BU3905 Business Communication : Midterm: B | Final: A, IR 3140 Unions & Public Policy : Midterm: A | Final: A,VA3200 Art Tutorials I : Midterm: A | Final: A,VA3400 Digital Imaging : Midterm: A | Final: B,,,,,,,,,,,606b5915962b7170e065a52a,Full Time,700522488,Bernie Erasmus,FvuFIggy,2/22/1995,35 Onsgard Trail,,,,,,,0
fmatusiakrn@answers.com,Adolescence Education: Social Studies (7-12),,,,,,,,,,,,,,,,,,,,,,,,,,,,,,,,,,,,,,,,,,,,,Undergraduate - Junior,fall 2018,VA2010 Intro. to Creative Thinking : Midterm: A | Final: A, HI 2681 Intro to Europe Hist:1350-Present : Midterm: A | Final: B+,,,spring 2019, AS 2112 American People I : Midterm: A | Final: A, HI 3080   Asian Cultures : Midterm: A | Final: A,,,fall 2019,HI 3640  African History : Midterm: A | Final: A,HI 3835 Islamic Cultures : Midterm: A | Final: A,,,spring 2020, AS 2122 American People II : Midterm: B | Final: A, HI 3110 Latin American Culture : Midterm: A | Final: B,,,fall 2020, HI 4308 History Modern Middle East : Midterm: B | Final: A, HI 4001 19th Century : Midterm: A | Final: A,,,,,,,,,,,,,606b5915962b7170e065a52b,Part Time,700554479,Franny Matusiak,NLZTGTE8GB5,4/30/1997,617 Holmberg Alley,,,,,,,0
gmerringrm@unblog.fr,Health and Society,,,,,,,,,,,,,,,,,,,,,,,,,,,,,,,,,,,,,,,,,,,,,Undergraduate - Sophomore,fall 2019,VA2010 Intro. to Creative Thinking : Midterm: A | Final: A, BS 2100 Biology for Non-Science Majors : Midterm: A | Final: B+,EL 1000 English Comp I : Exposition : Midterm: A | Final: A,MA 1020 College Algebra : Midterm: A- | Final: A,spring 2020, BS 2300  Anatomy&Physiology I Lecture : Midterm: A | Final: A, 2410  Basic Bio Sciences II : Midterm: A | Final: A, VA2020 Basic Design : Midterm : A | Final: A, EL 2239 Horror Literature : Midterm : B | Final: A,fall 2020,HI 3640  African History : Midterm: A | Final: A,HI 3835 Islamic Cultures : Midterm: A | Final: A,EL 3010  Structure & Grammar of English : Miderm: A | Final: A, HI 3091 African Cultures : Midterm: B | Final: B-,,,,,,,,,,,,,,,,,,,,,606b5915962b7170e065a52c,Full Time,700585425,Gerianna Merring,wocOyowg,12/3/1996,66 Bultman Drive,,,,,,,0
cbrindro@yahoo.co.jp,English,,,,,,,,,,,,,,,,,,,,,,,,,,,,,,,,,,,,,,,,,,,,,Undergraduate - Freshman,,,,,,,,,,,,,,,,,,,,,,,,,,,,,,,,,,,,606b5915962b7170e065a52d,Part Time,700704782,Chelsie Brind,cJv2MDO,7/29/1995,4 Corry Plaza,,,,,,,0
ehoutbyrp@bbb.org,Media and Communications,,,,,,,,,,,,,,,,,,,,,,,,,,,,,,,,,,,,,,,,,,,,,Undergraduate - Freshman,,,,,,,,,,,,,,,,,,,,,,,,,,,,,,,,,,,,606b5915962b7170e065a52e,Part Time,700796077,Elisa Houtby,6xRxeL,3/3/1995,96 West Alley,,,,,,,0
bboldtrl@answers.com,Adolescence Education: Biology (7-12),,,,,,,,,,,,,,,,,,,,,,,,,,,,,,,,,,,,,,,,,,,,,Graduate,fall 2017,VA2010 Intro. to Creative Thinking : Midterm: A | Final: A, BS2490 Environmental Science : Midterm: A | Final: B+,EL 1000 English Comp I : Exposition : Midterm: A | Final: A,MA 1020 College Algebra : Midterm: A- | Final: A,spring 2018, BS3450 Plant Biology : Midterm: A | Final: A, BS3520 Comparative Anatomy : Midterm: A | Final: A, VA2020 Basic Design : Midterm : A | Final: A, EL 2239 Horror Literature : Midterm : B | Final: A,fall 2018,HI 3640  African History : Midterm: A | Final: A,HI 3835 Islamic Cultures : Midterm: A | Final: A,EL 3010  Structure & Grammar of English : Miderm: A | Final: A, HI 3091 African Cultures : Midterm: B | Final: B-,spring 2019, PY3110 Research Methods I: (Orientation) : Midterm: B | Final: A, PY2340 Community Psychology : Midterm: A | Final: B, PY3420 Learning & Motivation : Midterm: A | Final: A, VA3100 Visual Culture : Midterm: B | Final: C+,fall 2019, BS4400  Cell Biology : Midterm: B | Final: A, BS4420  Microbiology : Midterm: A | Final: A,VA3200 Art Tutorials I : Midterm: A | Final: A,VA3400 Digital Imaging : Midterm: A | Final: B,spring 2020,VA4200 Art Tutorials II : Midterm: A | Final: A, BS4430  Developmental Biology : Midterm: A | Final: A-, BS4470  Ecology : Midterm: B | Final: A, ED 6000 Foundations of Education : Midterm: A | Final: A,fall 2020, ED 6001 Human Growth&Dvlpmnt MAT : Midterm: C | Final: B+, ED 6002 Foundations of Literacy MAT : Midterm: A | Final: A, ED 6003 The Exceptional Learner MAT : Midterm: A | Final: A, ED 6900 Student Teaching: Science : Midterm: A | Final: A,606b5915962b7170e065a52f,Full Time,700369368,Berna Boldt,mSqE6C,9/1/1996,077 Butternut Drive,spring 2021, CP 6560 Topics:Molecular Bio & BioChem : Midterm: A | Final: A, BS 6590 Topics: Environmental Science : Midterm: A | Final: A, BS 6630  Developmental Biology/MAT : Midterm: A | Final: B, ED 6250 Teachng Ntr&Dvlmnt Science MAT : Midterm: B | Final: B+,,0
soldrr@networkadvertising.org,Media and Communications,,,,,,,,,,,,,,,,,,,,,,,,,,,,,,,,,,,,,,,,,,,,,Undergraduate - Freshman,,,,,,,,,,,,,,,,,,,,,,,,,,,,,,,,,,,,606b5915962b7170e065a530,Part Time,700402043,Sarene Old,yCiHEXW5m,11/23/1998,065 Gulseth Park,,,,,,,0
bosbornrq@discovery.com,Business Administration,,,,,,,,,,,,,,,,,,,,,,,,,,,,,,,,,,,,,,,,,,,,,Undergraduate - Senior,fall 2017,VA2010 Intro. to Creative Thinking : Midterm: A | Final: A, AS 2112 American People I : Midterm: A | Final: B+,EL 1000 English Comp I : Exposition : Midterm: A | Final: A,MA 1020 College Algebra : Midterm: A- | Final: A,spring 2018, AS 2122 American People II : Midterm: A | Final: A, MA 2300 Calc/Business & Economics : Midterm: A | Final: A, VA2020 Basic Design : Midterm : A | Final: A, EL 2239 Horror Literature : Midterm : B | Final: A,fall 2018,HI 3640  African History : Midterm: A | Final: A,HI 3835 Islamic Cultures : Midterm : A | Final: A,EL 3010  Structure & Grammar of English : Miderm: A | Final: A, HI 3091 African Cultures : Midterm: B | Final: B-,spring 2019, BU 3010 Information Systems for Managers : Midterm: B | Final: A, BU 3502 Principles of Accounting I : Midterm: A | Final: B, BU3600 Principles Business Law : Midterm: A | Final: A, VA3100 Visual Culture : Midterm: B | Final: C+,fall 2019, BU 3511 Principles of Accounting II : Midterm: B | Final: A, BU3905 Business Communication : Midterm: A | Final: A,VA3200 Art Tutorials I : Midterm: A | Final: A,VA3400 Digital Imaging : Midterm: A | Final: B,spring 2020,VA4200 Art Tutorials II : Midterm: A | Final: A, BU 4110 Organizational Behavior & Mgmt : Midterm: A | Final: A-, BU 4120  Global Business : Midterm: B | Final: A, BU 4035 Web Sys & Electronic Commerce : Midterm: A | Final: A,fall 2020, BU 4130 Entrepreneurship : Midterm: C | Final: B+, BU4820 International Marketing : Midterm: A | Final: A, BU4851 Consumer Behavior : Midterm: A | Final: A, BU3800 Marketing: Principles & Concepts : Midterm: A | Final: A,606b5915962b7170e065a531,Full Time,700237628,Bernadette Osborn,ShwCns2z,7/21/1998,6 Alpine Way,,,,,,,0
rburtwistlerk@ycombinator.com,Criminology,,,,,,,,,,,,,,,,,,,,,,,,,,,,,,,,,,,,,,,,,,,,,Graduate,fall 2017,VA2010 Intro. to Creative Thinking : Midterm: A | Final: A, SY 1500  Intro Sociology : Midterm: A | Final: B+,EL 1000 English Comp I : Exposition : Midterm: A | Final: A,MA 1020 College Algebra : Midterm: A- | Final: A,spring 2018, CR 1500 Intro to Criminology : Midterm: A | Final: A, CR 2090  Juvenile Delinquency : Midterm: A | Final: A, VA2020 Basic Design : Midterm : A | Final: A, EL 2239 Horror Literature : Midterm : B | Final: A,fall 2018,HI 3640  African History : Midterm: A | Final: A,HI 3835 Islamic Cultures : Midterm: A | Final: A,EL 3010  Structure & Grammar of English : Miderm: A | Final: A, HI 3091 African Cultures : Midterm: B | Final: B-,spring 2019, PY2010 Introduction to Psychology : Midterm: B | Final: A, SY 2600  Social Deviance : Midterm: A | Final: B, CR 3092 Victimology : Midterm: A | Final: A, VA3100 Visual Culture : Midterm: B | Final: C+,fall 2019, CR 3093  Criminal Justice Admin : Midterm: B | Final: A, CR 3094 Drugs and Society : Midterm: A | Final: A,VA3200 Art Tutorials I : Midterm: A | Final: A,VA3400 Digital Imaging : Midterm: A | Final: B,spring 2020,VA4200 Art Tutorials II : Midterm: A | Final: A, CR 3117  Policing Bodies : Midterm: A | Final: A-, CR 3200  Crime : Midterm: B | Final: A, PY3620 Drugs & Behavior : Midterm: A | Final: A,fall 2020, CR 4000 Gender : Midterm: C | Final: B+, CR 4091 Punishment & Corrections : Midterm: A | Final: A, CR 4099 Sociology of Violence : Midterm: A | Final: A, SY 4520 Research Methods I : Midterm: A | Final: A,606b5915962b7170e065a532,Full Time,700141306,Reina Burtwistle,MLXExSLwb,6/29/1998,3 Oak Valley Hill,spring 2021, CR 4999 Issues in Criminology : Midterm: A | Final: A, SY 4570 Research Methods II : Midterm: A | Final: A, CR 4550 Theories of Crime : Midterm: A | Final: B, SY 4810 Law & Justice : Midterm: B | Final: B+,,0
